      0      0
   100.00000   100.00000   800.00000
     50     50    100
      3
     20.0000      1.0000
     3717531     7242637     9546317     3579650      559413     7886011     1049867     8726144      880559      419083     5668163     1809702
     30
../../simul_comp/exp/fields/amostra_
/Users/mrborges/projMCMC/trunk/gera_KL/MATLAB/out/aval3_100x100x800_50x50x100_l20x20x450_M30.dat
/Users/mrborges/projMCMC/trunk/gera_KL/MATLAB/out/avet3_100x100x800_50x50x100_l20x20x400_M30.dat
./out/theta.dat
      1 0.300E+00
      4
    15.50000    25.50000     1.00000     0.75530
    15.50000    75.50000     1.00000     0.66980
    85.50000    25.50000     1.00000    -0.95390
    85.50000    75.50000     1.00000    -1.46220
