         1
         3
amostra
amostra
amostra
         0         1         2
       500
       500
         0
         3         1
         1         2         1        21
         1         2         1        21
         1         2         1        21
         6         6         0         4         0        10 8.41457E-01
         7         6         0         4         0        10 8.41457E-01
         8         6         0         4         0        10 8.41457E-01
         1         1 8.41457E-01
 9.00000E-03
 1.20000E-03
 3.40000E-03
 9.00000E-03
 1.20000E-03
 3.40000E-03
../blackbox/exp/saidaref1.dat
../blackbox/exp/saida1.dat
../blackbox/exp/saidaref2.dat
../blackbox/exp/saida2.dat
../blackbox/exp/saidaref3.dat
../blackbox/exp/saida3.dat
blackboxDEmod
     876723      645681     9283749       46301       63547         354      576542     0893587     3847565     11347657     768764      199883     876523     3402981     9873649      546301      263547      047354      576542     0893587     3847565     11347657     876523     3402981     9873649      546301      263547      047354      576542     0893587     3847565     11347657       847567
         0
