         2
         1
amostra
         0
         1
         2
         2
         1         1
         3         2         1       390
         3         4         1     10000         1        10 2.50000e-01
../gera_KL/MATLAB/out/avet1_1x1x1_100x100x1_l0.2x0.2x0.02_M10000.bin
 1.00000e-04
 2.00000e-04
../simuladorRigido/exp/conc/conc_ref_0.dat
../simuladorRigido/exp/conc/conc_amostra_0.dat
TwoPhase3D
      814724      905792      126987      913376      632359       97540      278498      546882      957507      964889      157613      970593      957167      485376      800280      141886      421761      915736      792207      959492      655741       35712      849129      933993      678735      757740      743132      392227      655478      171187      706046       31833      276923
           0
