      0      0
   512.00000   512.00000    20.00000
    128    128      1
      1
     50.0000      1.0000
       84570       21054       89567       15424          47       25417        6845        2017        5874        1542        8990       07594        4812      717564        8747        9737         470       24643       02755        3202         990        7594        4812        7564        8747           7         470      324643       02755        3202        6979           9
  16384
../../../twophaseflow/exp/fields/poro_amostra_
../../MATLAB/out/aval1_512x512x20_128x128x1_l32x32x16_M16384.dat
../../MATLAB/out/avet1_512x512x20_128x128x1_l32x32x16_M16384.bin
../out/theta.dat
      2 0.300E+00
      0
     1.50000     1.50000     1.50000     0.75530
   509.50000     1.50000     1.50000     0.66980
   509.50000   509.50000    49.00000    -0.95390
   509.50000   509.50000     1.00000    -1.46220
