0.00000e+00 0.00000e+00 0.00000e+00 0.00000e+00 0.00000e+00 
5.00000e-01 0.00000e+00 0.00000e+00 0.00000e+00 0.00000e+00 
1.00000e+00 0.00000e+00 0.00000e+00 0.00000e+00 0.00000e+00 
1.50000e+00 0.00000e+00 0.00000e+00 0.00000e+00 0.00000e+00 
2.00000e+00 0.00000e+00 0.00000e+00 0.00000e+00 0.00000e+00 
2.50000e+00 0.00000e+00 0.00000e+00 0.00000e+00 0.00000e+00 
3.00000e+00 0.00000e+00 0.00000e+00 0.00000e+00 0.00000e+00 
3.50000e+00 0.00000e+00 0.00000e+00 0.00000e+00 0.00000e+00 
4.00000e+00 0.00000e+00 0.00000e+00 0.00000e+00 0.00000e+00 
4.50000e+00 0.00000e+00 0.00000e+00 0.00000e+00 0.00000e+00 
5.00000e+00 0.00000e+00 0.00000e+00 0.00000e+00 0.00000e+00 
5.50000e+00 0.00000e+00 0.00000e+00 0.00000e+00 0.00000e+00 
6.00000e+00 0.00000e+00 0.00000e+00 0.00000e+00 0.00000e+00 
6.50000e+00 0.00000e+00 0.00000e+00 0.00000e+00 0.00000e+00 
7.00000e+00 0.00000e+00 0.00000e+00 0.00000e+00 0.00000e+00 
7.50000e+00 0.00000e+00 0.00000e+00 0.00000e+00 0.00000e+00 
8.00000e+00 0.00000e+00 0.00000e+00 0.00000e+00 0.00000e+00 
8.50000e+00 0.00000e+00 0.00000e+00 0.00000e+00 0.00000e+00 
9.00000e+00 0.00000e+00 0.00000e+00 0.00000e+00 0.00000e+00 
9.50000e+00 0.00000e+00 0.00000e+00 0.00000e+00 0.00000e+00 
1.00000e+01 0.00000e+00 0.00000e+00 0.00000e+00 0.00000e+00 
1.05000e+01 0.00000e+00 0.00000e+00 0.00000e+00 0.00000e+00 
1.10000e+01 0.00000e+00 0.00000e+00 0.00000e+00 0.00000e+00 
1.15000e+01 0.00000e+00 0.00000e+00 0.00000e+00 0.00000e+00 
1.20000e+01 0.00000e+00 0.00000e+00 0.00000e+00 0.00000e+00 
1.25000e+01 0.00000e+00 0.00000e+00 0.00000e+00 0.00000e+00 
1.30000e+01 0.00000e+00 0.00000e+00 0.00000e+00 0.00000e+00 
1.35000e+01 0.00000e+00 0.00000e+00 0.00000e+00 0.00000e+00 
1.40000e+01 0.00000e+00 0.00000e+00 0.00000e+00 0.00000e+00 
1.45000e+01 0.00000e+00 0.00000e+00 0.00000e+00 0.00000e+00 
1.50000e+01 0.00000e+00 0.00000e+00 0.00000e+00 0.00000e+00 
1.55000e+01 0.00000e+00 0.00000e+00 0.00000e+00 0.00000e+00 
1.60000e+01 0.00000e+00 0.00000e+00 0.00000e+00 0.00000e+00 
1.65000e+01 0.00000e+00 0.00000e+00 0.00000e+00 0.00000e+00 
1.70000e+01 0.00000e+00 0.00000e+00 0.00000e+00 0.00000e+00 
1.75000e+01 0.00000e+00 0.00000e+00 0.00000e+00 0.00000e+00 
1.80000e+01 0.00000e+00 0.00000e+00 0.00000e+00 0.00000e+00 
1.85000e+01 0.00000e+00 0.00000e+00 0.00000e+00 0.00000e+00 
1.90000e+01 0.00000e+00 0.00000e+00 0.00000e+00 0.00000e+00 
1.95000e+01 0.00000e+00 0.00000e+00 0.00000e+00 0.00000e+00 
2.00000e+01 0.00000e+00 0.00000e+00 0.00000e+00 0.00000e+00 
2.05000e+01 0.00000e+00 0.00000e+00 0.00000e+00 0.00000e+00 
2.10000e+01 0.00000e+00 0.00000e+00 0.00000e+00 0.00000e+00 
2.15000e+01 0.00000e+00 0.00000e+00 0.00000e+00 0.00000e+00 
2.20000e+01 0.00000e+00 0.00000e+00 0.00000e+00 0.00000e+00 
2.25000e+01 0.00000e+00 0.00000e+00 0.00000e+00 0.00000e+00 
2.30000e+01 0.00000e+00 0.00000e+00 0.00000e+00 0.00000e+00 
2.35000e+01 0.00000e+00 0.00000e+00 0.00000e+00 0.00000e+00 
2.40000e+01 0.00000e+00 0.00000e+00 0.00000e+00 0.00000e+00 
2.45000e+01 0.00000e+00 0.00000e+00 0.00000e+00 0.00000e+00 
2.50000e+01 0.00000e+00 0.00000e+00 0.00000e+00 0.00000e+00 
2.55000e+01 0.00000e+00 0.00000e+00 0.00000e+00 0.00000e+00 
2.60000e+01 0.00000e+00 0.00000e+00 0.00000e+00 0.00000e+00 
2.65000e+01 0.00000e+00 0.00000e+00 0.00000e+00 0.00000e+00 
2.70000e+01 0.00000e+00 0.00000e+00 0.00000e+00 0.00000e+00 
2.75000e+01 0.00000e+00 0.00000e+00 0.00000e+00 0.00000e+00 
2.80000e+01 0.00000e+00 0.00000e+00 0.00000e+00 0.00000e+00 
2.85000e+01 0.00000e+00 0.00000e+00 0.00000e+00 0.00000e+00 
2.90000e+01 0.00000e+00 0.00000e+00 0.00000e+00 0.00000e+00 
2.95000e+01 0.00000e+00 0.00000e+00 0.00000e+00 0.00000e+00 
3.00000e+01 0.00000e+00 0.00000e+00 0.00000e+00 0.00000e+00 
3.05000e+01 0.00000e+00 0.00000e+00 0.00000e+00 0.00000e+00 
3.10000e+01 0.00000e+00 0.00000e+00 0.00000e+00 0.00000e+00 
3.15000e+01 0.00000e+00 0.00000e+00 0.00000e+00 0.00000e+00 
3.20000e+01 0.00000e+00 0.00000e+00 0.00000e+00 0.00000e+00 
3.25000e+01 0.00000e+00 0.00000e+00 0.00000e+00 0.00000e+00 
3.30000e+01 0.00000e+00 0.00000e+00 0.00000e+00 0.00000e+00 
3.35000e+01 0.00000e+00 0.00000e+00 0.00000e+00 0.00000e+00 
3.40000e+01 0.00000e+00 0.00000e+00 0.00000e+00 0.00000e+00 
3.45000e+01 0.00000e+00 0.00000e+00 0.00000e+00 0.00000e+00 
3.50000e+01 0.00000e+00 0.00000e+00 0.00000e+00 0.00000e+00 
3.55000e+01 0.00000e+00 0.00000e+00 0.00000e+00 0.00000e+00 
3.60000e+01 0.00000e+00 0.00000e+00 0.00000e+00 0.00000e+00 
3.65000e+01 0.00000e+00 0.00000e+00 0.00000e+00 0.00000e+00 
3.70000e+01 0.00000e+00 0.00000e+00 0.00000e+00 0.00000e+00 
3.75000e+01 0.00000e+00 0.00000e+00 0.00000e+00 0.00000e+00 
3.80000e+01 0.00000e+00 0.00000e+00 0.00000e+00 0.00000e+00 
3.85000e+01 0.00000e+00 0.00000e+00 0.00000e+00 0.00000e+00 
3.90000e+01 0.00000e+00 0.00000e+00 0.00000e+00 0.00000e+00 
3.95000e+01 0.00000e+00 0.00000e+00 0.00000e+00 0.00000e+00 
4.00000e+01 0.00000e+00 0.00000e+00 0.00000e+00 0.00000e+00 
4.05000e+01 0.00000e+00 0.00000e+00 0.00000e+00 0.00000e+00 
4.10000e+01 0.00000e+00 0.00000e+00 0.00000e+00 0.00000e+00 
4.15000e+01 0.00000e+00 0.00000e+00 0.00000e+00 0.00000e+00 
4.20000e+01 0.00000e+00 0.00000e+00 0.00000e+00 0.00000e+00 
4.25000e+01 0.00000e+00 0.00000e+00 0.00000e+00 0.00000e+00 
4.30000e+01 0.00000e+00 0.00000e+00 0.00000e+00 0.00000e+00 
4.35000e+01 0.00000e+00 0.00000e+00 0.00000e+00 0.00000e+00 
4.40000e+01 0.00000e+00 0.00000e+00 0.00000e+00 0.00000e+00 
4.45000e+01 0.00000e+00 0.00000e+00 0.00000e+00 0.00000e+00 
4.50000e+01 0.00000e+00 0.00000e+00 0.00000e+00 0.00000e+00 
4.55000e+01 0.00000e+00 0.00000e+00 0.00000e+00 0.00000e+00 
4.60000e+01 0.00000e+00 0.00000e+00 0.00000e+00 0.00000e+00 
4.65000e+01 0.00000e+00 0.00000e+00 0.00000e+00 0.00000e+00 
4.70000e+01 0.00000e+00 0.00000e+00 0.00000e+00 0.00000e+00 
4.75000e+01 0.00000e+00 0.00000e+00 0.00000e+00 0.00000e+00 
4.80000e+01 0.00000e+00 0.00000e+00 0.00000e+00 0.00000e+00 
4.85000e+01 0.00000e+00 0.00000e+00 0.00000e+00 0.00000e+00 
4.90000e+01 0.00000e+00 0.00000e+00 0.00000e+00 0.00000e+00 
4.95000e+01 0.00000e+00 0.00000e+00 0.00000e+00 0.00000e+00 
5.00000e+01 0.00000e+00 0.00000e+00 0.00000e+00 0.00000e+00 
5.05000e+01 0.00000e+00 0.00000e+00 0.00000e+00 0.00000e+00 
5.10000e+01 0.00000e+00 0.00000e+00 0.00000e+00 0.00000e+00 
5.15000e+01 0.00000e+00 0.00000e+00 0.00000e+00 0.00000e+00 
5.20000e+01 0.00000e+00 0.00000e+00 0.00000e+00 0.00000e+00 
5.25000e+01 0.00000e+00 0.00000e+00 0.00000e+00 0.00000e+00 
5.30000e+01 0.00000e+00 0.00000e+00 0.00000e+00 0.00000e+00 
5.35000e+01 0.00000e+00 0.00000e+00 0.00000e+00 0.00000e+00 
5.40000e+01 0.00000e+00 0.00000e+00 0.00000e+00 0.00000e+00 
5.45000e+01 0.00000e+00 0.00000e+00 0.00000e+00 0.00000e+00 
5.50000e+01 0.00000e+00 0.00000e+00 0.00000e+00 0.00000e+00 
5.55000e+01 0.00000e+00 0.00000e+00 0.00000e+00 0.00000e+00 
5.60000e+01 0.00000e+00 0.00000e+00 0.00000e+00 0.00000e+00 
5.65000e+01 0.00000e+00 0.00000e+00 0.00000e+00 0.00000e+00 
5.70000e+01 0.00000e+00 0.00000e+00 0.00000e+00 0.00000e+00 
5.75000e+01 0.00000e+00 0.00000e+00 0.00000e+00 0.00000e+00 
5.80000e+01 0.00000e+00 0.00000e+00 0.00000e+00 0.00000e+00 
5.85000e+01 0.00000e+00 0.00000e+00 0.00000e+00 0.00000e+00 
5.90000e+01 0.00000e+00 0.00000e+00 0.00000e+00 0.00000e+00 
5.95000e+01 0.00000e+00 0.00000e+00 0.00000e+00 0.00000e+00 
6.00000e+01 0.00000e+00 0.00000e+00 0.00000e+00 0.00000e+00 
6.05000e+01 0.00000e+00 0.00000e+00 0.00000e+00 0.00000e+00 
6.10000e+01 0.00000e+00 0.00000e+00 0.00000e+00 0.00000e+00 
6.15000e+01 0.00000e+00 0.00000e+00 0.00000e+00 0.00000e+00 
6.20000e+01 0.00000e+00 0.00000e+00 0.00000e+00 0.00000e+00 
6.25000e+01 0.00000e+00 0.00000e+00 0.00000e+00 0.00000e+00 
6.30000e+01 0.00000e+00 0.00000e+00 0.00000e+00 0.00000e+00 
6.35000e+01 0.00000e+00 0.00000e+00 0.00000e+00 0.00000e+00 
6.40000e+01 0.00000e+00 0.00000e+00 0.00000e+00 0.00000e+00 
6.45000e+01 0.00000e+00 0.00000e+00 0.00000e+00 0.00000e+00 
6.50000e+01 0.00000e+00 0.00000e+00 0.00000e+00 0.00000e+00 
6.55000e+01 0.00000e+00 0.00000e+00 0.00000e+00 0.00000e+00 
6.60000e+01 0.00000e+00 0.00000e+00 0.00000e+00 0.00000e+00 
6.65000e+01 0.00000e+00 0.00000e+00 0.00000e+00 0.00000e+00 
6.70000e+01 0.00000e+00 0.00000e+00 0.00000e+00 0.00000e+00 
6.75000e+01 0.00000e+00 0.00000e+00 0.00000e+00 0.00000e+00 
6.80000e+01 0.00000e+00 0.00000e+00 0.00000e+00 0.00000e+00 
6.85000e+01 0.00000e+00 0.00000e+00 0.00000e+00 0.00000e+00 
6.90000e+01 0.00000e+00 0.00000e+00 0.00000e+00 0.00000e+00 
6.95000e+01 0.00000e+00 0.00000e+00 0.00000e+00 0.00000e+00 
7.00000e+01 0.00000e+00 0.00000e+00 0.00000e+00 0.00000e+00 
7.05000e+01 0.00000e+00 0.00000e+00 0.00000e+00 0.00000e+00 
7.10000e+01 0.00000e+00 0.00000e+00 0.00000e+00 0.00000e+00 
7.15000e+01 0.00000e+00 0.00000e+00 0.00000e+00 0.00000e+00 
7.20000e+01 0.00000e+00 0.00000e+00 0.00000e+00 0.00000e+00 
7.25000e+01 0.00000e+00 0.00000e+00 0.00000e+00 0.00000e+00 
7.30000e+01 0.00000e+00 0.00000e+00 0.00000e+00 0.00000e+00 
7.35000e+01 0.00000e+00 0.00000e+00 0.00000e+00 0.00000e+00 
7.40000e+01 0.00000e+00 0.00000e+00 0.00000e+00 0.00000e+00 
7.45000e+01 0.00000e+00 0.00000e+00 0.00000e+00 0.00000e+00 
7.50000e+01 0.00000e+00 0.00000e+00 0.00000e+00 0.00000e+00 
7.55000e+01 0.00000e+00 0.00000e+00 0.00000e+00 0.00000e+00 
7.60000e+01 0.00000e+00 0.00000e+00 0.00000e+00 0.00000e+00 
7.65000e+01 0.00000e+00 0.00000e+00 0.00000e+00 0.00000e+00 
7.70000e+01 0.00000e+00 0.00000e+00 0.00000e+00 0.00000e+00 
7.75000e+01 0.00000e+00 0.00000e+00 0.00000e+00 0.00000e+00 
7.80000e+01 0.00000e+00 0.00000e+00 0.00000e+00 0.00000e+00 
7.85000e+01 0.00000e+00 0.00000e+00 0.00000e+00 0.00000e+00 
7.90000e+01 0.00000e+00 0.00000e+00 0.00000e+00 0.00000e+00 
7.95000e+01 0.00000e+00 0.00000e+00 0.00000e+00 0.00000e+00 
8.00000e+01 0.00000e+00 0.00000e+00 0.00000e+00 0.00000e+00 
8.05000e+01 0.00000e+00 0.00000e+00 0.00000e+00 0.00000e+00 
8.10000e+01 0.00000e+00 0.00000e+00 0.00000e+00 0.00000e+00 
8.15000e+01 0.00000e+00 0.00000e+00 0.00000e+00 0.00000e+00 
8.20000e+01 0.00000e+00 0.00000e+00 0.00000e+00 0.00000e+00 
8.25000e+01 0.00000e+00 0.00000e+00 0.00000e+00 0.00000e+00 
8.30000e+01 0.00000e+00 0.00000e+00 0.00000e+00 0.00000e+00 
8.35000e+01 0.00000e+00 0.00000e+00 0.00000e+00 0.00000e+00 
8.40000e+01 0.00000e+00 0.00000e+00 0.00000e+00 0.00000e+00 
8.45000e+01 0.00000e+00 0.00000e+00 0.00000e+00 0.00000e+00 
8.50000e+01 0.00000e+00 0.00000e+00 0.00000e+00 0.00000e+00 
8.55000e+01 0.00000e+00 0.00000e+00 0.00000e+00 0.00000e+00 
8.60000e+01 0.00000e+00 0.00000e+00 0.00000e+00 0.00000e+00 
8.65000e+01 0.00000e+00 0.00000e+00 0.00000e+00 0.00000e+00 
8.70000e+01 0.00000e+00 0.00000e+00 0.00000e+00 0.00000e+00 
8.75000e+01 0.00000e+00 0.00000e+00 0.00000e+00 0.00000e+00 
8.80000e+01 2.29867e-172 0.00000e+00 0.00000e+00 0.00000e+00 
8.85000e+01 6.52069e-64 0.00000e+00 0.00000e+00 0.00000e+00 
8.90000e+01 3.90146e-21 0.00000e+00 0.00000e+00 0.00000e+00 
8.95000e+01 2.22375e-05 0.00000e+00 0.00000e+00 0.00000e+00 
9.00000e+01 4.69191e-02 0.00000e+00 0.00000e+00 0.00000e+00 
9.05000e+01 7.11119e-02 0.00000e+00 0.00000e+00 0.00000e+00 
9.10000e+01 7.94658e-02 0.00000e+00 0.00000e+00 0.00000e+00 
9.15000e+01 8.46197e-02 0.00000e+00 0.00000e+00 0.00000e+00 
9.20000e+01 8.85483e-02 0.00000e+00 0.00000e+00 0.00000e+00 
9.25000e+01 9.17704e-02 0.00000e+00 0.00000e+00 0.00000e+00 
9.30000e+01 9.44729e-02 0.00000e+00 0.00000e+00 0.00000e+00 
9.35000e+01 9.67784e-02 0.00000e+00 0.00000e+00 0.00000e+00 
9.40000e+01 9.87893e-02 0.00000e+00 0.00000e+00 0.00000e+00 
9.45000e+01 1.00586e-01 0.00000e+00 0.00000e+00 0.00000e+00 
9.50000e+01 1.02224e-01 0.00000e+00 0.00000e+00 0.00000e+00 
9.55000e+01 1.03742e-01 0.00000e+00 0.00000e+00 0.00000e+00 
9.60000e+01 1.05163e-01 0.00000e+00 0.00000e+00 0.00000e+00 
9.65000e+01 1.06506e-01 0.00000e+00 0.00000e+00 0.00000e+00 
9.70000e+01 1.07782e-01 0.00000e+00 0.00000e+00 0.00000e+00 
9.75000e+01 1.09003e-01 0.00000e+00 0.00000e+00 0.00000e+00 
9.80000e+01 1.10180e-01 0.00000e+00 0.00000e+00 0.00000e+00 
9.85000e+01 1.11321e-01 0.00000e+00 0.00000e+00 0.00000e+00 
9.90000e+01 1.12433e-01 0.00000e+00 0.00000e+00 0.00000e+00 
9.95000e+01 1.13522e-01 0.00000e+00 0.00000e+00 0.00000e+00 
1.00000e+02 1.14595e-01 0.00000e+00 0.00000e+00 0.00000e+00 
1.00500e+02 1.15655e-01 0.00000e+00 0.00000e+00 0.00000e+00 
1.01000e+02 1.16705e-01 0.00000e+00 0.00000e+00 0.00000e+00 
1.01500e+02 1.17750e-01 0.00000e+00 0.00000e+00 0.00000e+00 
1.02000e+02 1.18790e-01 0.00000e+00 0.00000e+00 0.00000e+00 
1.02500e+02 1.19829e-01 0.00000e+00 0.00000e+00 0.00000e+00 
1.03000e+02 1.20868e-01 0.00000e+00 0.00000e+00 0.00000e+00 
1.03500e+02 1.21908e-01 0.00000e+00 0.00000e+00 0.00000e+00 
1.04000e+02 1.22950e-01 0.00000e+00 0.00000e+00 0.00000e+00 
1.04500e+02 1.23995e-01 0.00000e+00 0.00000e+00 0.00000e+00 
1.05000e+02 1.25044e-01 0.00000e+00 0.00000e+00 0.00000e+00 
1.05500e+02 1.26096e-01 0.00000e+00 0.00000e+00 0.00000e+00 
1.06000e+02 1.27150e-01 0.00000e+00 0.00000e+00 0.00000e+00 
1.06500e+02 1.28206e-01 0.00000e+00 0.00000e+00 0.00000e+00 
1.07000e+02 1.29261e-01 0.00000e+00 0.00000e+00 0.00000e+00 
1.07500e+02 1.30314e-01 0.00000e+00 0.00000e+00 0.00000e+00 
1.08000e+02 1.31363e-01 0.00000e+00 0.00000e+00 0.00000e+00 
1.08500e+02 1.32408e-01 0.00000e+00 0.00000e+00 0.00000e+00 
1.09000e+02 1.33448e-01 0.00000e+00 0.00000e+00 0.00000e+00 
1.09500e+02 1.34481e-01 0.00000e+00 0.00000e+00 0.00000e+00 
1.10000e+02 1.35508e-01 0.00000e+00 0.00000e+00 0.00000e+00 
1.10500e+02 1.36529e-01 0.00000e+00 0.00000e+00 0.00000e+00 
1.11000e+02 1.37542e-01 0.00000e+00 0.00000e+00 0.00000e+00 
1.11500e+02 1.38548e-01 0.00000e+00 0.00000e+00 0.00000e+00 
1.12000e+02 1.39546e-01 0.00000e+00 0.00000e+00 0.00000e+00 
1.12500e+02 1.40537e-01 0.00000e+00 0.00000e+00 0.00000e+00 
1.13000e+02 1.41519e-01 0.00000e+00 0.00000e+00 0.00000e+00 
1.13500e+02 1.42493e-01 0.00000e+00 0.00000e+00 0.00000e+00 
1.14000e+02 1.43458e-01 0.00000e+00 0.00000e+00 0.00000e+00 
1.14500e+02 1.44414e-01 0.00000e+00 0.00000e+00 0.00000e+00 
1.15000e+02 1.45361e-01 0.00000e+00 0.00000e+00 0.00000e+00 
1.15500e+02 1.46298e-01 0.00000e+00 0.00000e+00 0.00000e+00 
1.16000e+02 1.47226e-01 0.00000e+00 0.00000e+00 0.00000e+00 
1.16500e+02 1.48143e-01 0.00000e+00 0.00000e+00 0.00000e+00 
1.17000e+02 1.49051e-01 0.00000e+00 0.00000e+00 0.00000e+00 
1.17500e+02 1.49948e-01 0.00000e+00 0.00000e+00 0.00000e+00 
1.18000e+02 1.50835e-01 0.00000e+00 0.00000e+00 0.00000e+00 
1.18500e+02 1.51713e-01 0.00000e+00 0.00000e+00 0.00000e+00 
1.19000e+02 1.52580e-01 0.00000e+00 0.00000e+00 0.00000e+00 
1.19500e+02 1.53436e-01 0.00000e+00 0.00000e+00 0.00000e+00 
1.20000e+02 1.54283e-01 0.00000e+00 0.00000e+00 0.00000e+00 
1.20500e+02 1.55120e-01 0.00000e+00 0.00000e+00 0.00000e+00 
1.21000e+02 1.55947e-01 0.00000e+00 0.00000e+00 0.00000e+00 
1.21500e+02 1.56764e-01 0.00000e+00 0.00000e+00 0.00000e+00 
1.22000e+02 1.57571e-01 0.00000e+00 0.00000e+00 0.00000e+00 
1.22500e+02 1.58369e-01 0.00000e+00 0.00000e+00 0.00000e+00 
1.23000e+02 1.59157e-01 0.00000e+00 0.00000e+00 0.00000e+00 
1.23500e+02 1.59935e-01 0.00000e+00 0.00000e+00 0.00000e+00 
1.24000e+02 1.60705e-01 0.00000e+00 0.00000e+00 0.00000e+00 
1.24500e+02 1.61465e-01 0.00000e+00 0.00000e+00 0.00000e+00 
1.25000e+02 1.62216e-01 0.00000e+00 7.69806e-222 0.00000e+00 
1.25500e+02 1.62959e-01 0.00000e+00 5.28168e-129 0.00000e+00 
1.26000e+02 1.63692e-01 0.00000e+00 4.18695e-74 0.00000e+00 
1.26500e+02 1.64417e-01 0.00000e+00 2.23896e-41 0.00000e+00 
1.27000e+02 1.65134e-01 0.00000e+00 5.59695e-22 0.00000e+00 
1.27500e+02 1.65841e-01 0.00000e+00 7.83416e-11 0.00000e+00 
1.28000e+02 1.66540e-01 0.00000e+00 7.05431e-05 0.00000e+00 
1.28500e+02 1.67231e-01 0.00000e+00 2.15769e-02 0.00000e+00 
1.29000e+02 1.67916e-01 0.00000e+00 5.97114e-02 0.00000e+00 
1.29500e+02 1.68592e-01 0.00000e+00 7.19472e-02 0.00000e+00 
1.30000e+02 1.69258e-01 0.00000e+00 7.83637e-02 0.00000e+00 
1.30500e+02 1.69915e-01 0.00000e+00 8.26012e-02 0.00000e+00 
1.31000e+02 1.70563e-01 0.00000e+00 8.58271e-02 0.00000e+00 
1.31500e+02 1.71201e-01 0.00000e+00 8.85006e-02 0.00000e+00 
1.32000e+02 1.71831e-01 0.00000e+00 9.08305e-02 0.00000e+00 
1.32500e+02 1.72451e-01 0.00000e+00 9.29196e-02 0.00000e+00 
1.33000e+02 1.73062e-01 0.00000e+00 9.48221e-02 0.00000e+00 
1.33500e+02 1.73665e-01 0.00000e+00 9.65706e-02 0.00000e+00 
1.34000e+02 1.74258e-01 0.00000e+00 9.81892e-02 0.00000e+00 
1.34500e+02 1.74841e-01 0.00000e+00 9.96977e-02 0.00000e+00 
1.35000e+02 1.75416e-01 0.00000e+00 1.01113e-01 0.00000e+00 
1.35500e+02 1.75982e-01 0.00000e+00 1.02448e-01 0.00000e+00 
1.36000e+02 1.76538e-01 0.00000e+00 1.03714e-01 0.00000e+00 
1.36500e+02 1.77086e-01 0.00000e+00 1.04917e-01 0.00000e+00 
1.37000e+02 1.77624e-01 0.00000e+00 1.06064e-01 0.00000e+00 
1.37500e+02 1.78154e-01 0.00000e+00 1.07158e-01 0.00000e+00 
1.38000e+02 1.78675e-01 0.00000e+00 1.08203e-01 0.00000e+00 
1.38500e+02 1.79187e-01 0.00000e+00 1.09202e-01 0.00000e+00 
1.39000e+02 1.79690e-01 0.00000e+00 1.10157e-01 0.00000e+00 
1.39500e+02 1.80185e-01 0.00000e+00 1.11071e-01 0.00000e+00 
1.40000e+02 1.80672e-01 0.00000e+00 1.11947e-01 0.00000e+00 
1.40500e+02 1.81150e-01 0.00000e+00 1.12786e-01 0.00000e+00 
1.41000e+02 1.81620e-01 0.00000e+00 1.13592e-01 0.00000e+00 
1.41500e+02 1.82082e-01 0.00000e+00 1.14365e-01 0.00000e+00 
1.42000e+02 1.82536e-01 0.00000e+00 1.15109e-01 0.00000e+00 
1.42500e+02 1.82981e-01 0.00000e+00 1.15824e-01 0.00000e+00 
1.43000e+02 1.83419e-01 0.00000e+00 1.16512e-01 0.00000e+00 
1.43500e+02 1.83849e-01 0.00000e+00 1.17175e-01 0.00000e+00 
1.44000e+02 1.84272e-01 0.00000e+00 1.17815e-01 0.00000e+00 
1.44500e+02 1.84688e-01 0.00000e+00 1.18432e-01 0.00000e+00 
1.45000e+02 1.85096e-01 0.00000e+00 1.19028e-01 0.00000e+00 
1.45500e+02 1.85498e-01 0.00000e+00 1.19604e-01 0.00000e+00 
1.46000e+02 1.85893e-01 0.00000e+00 1.20161e-01 0.00000e+00 
1.46500e+02 1.86281e-01 0.00000e+00 1.20701e-01 0.00000e+00 
1.47000e+02 1.86663e-01 0.00000e+00 1.21223e-01 0.00000e+00 
1.47500e+02 1.87038e-01 0.00000e+00 1.21730e-01 0.00000e+00 
1.48000e+02 1.87408e-01 0.00000e+00 1.22222e-01 0.00000e+00 
1.48500e+02 1.87771e-01 0.00000e+00 1.22699e-01 0.00000e+00 
1.49000e+02 1.88129e-01 0.00000e+00 1.23163e-01 0.00000e+00 
1.49500e+02 1.88480e-01 0.00000e+00 1.23615e-01 0.00000e+00 
1.50000e+02 1.88825e-01 0.00000e+00 1.24055e-01 0.00000e+00 
1.50500e+02 1.89164e-01 0.00000e+00 1.24484e-01 0.00000e+00 
1.51000e+02 1.89497e-01 0.00000e+00 1.24903e-01 0.00000e+00 
1.51500e+02 1.89823e-01 0.00000e+00 1.25314e-01 0.00000e+00 
1.52000e+02 1.90142e-01 0.00000e+00 1.25717e-01 0.00000e+00 
1.52500e+02 1.90452e-01 0.00000e+00 1.26114e-01 0.00000e+00 
1.53000e+02 1.90752e-01 0.00000e+00 1.26506e-01 0.00000e+00 
1.53500e+02 1.91041e-01 0.00000e+00 1.26894e-01 0.00000e+00 
1.54000e+02 1.91316e-01 0.00000e+00 1.27280e-01 0.00000e+00 
1.54500e+02 1.91578e-01 0.00000e+00 1.27665e-01 0.00000e+00 
1.55000e+02 1.91825e-01 0.00000e+00 1.28052e-01 0.00000e+00 
1.55500e+02 1.92057e-01 0.00000e+00 1.28441e-01 0.00000e+00 
1.56000e+02 1.92282e-01 0.00000e+00 1.28835e-01 0.00000e+00 
1.56500e+02 1.92522e-01 0.00000e+00 1.29235e-01 0.00000e+00 
1.57000e+02 1.92822e-01 0.00000e+00 1.29644e-01 0.00000e+00 
1.57500e+02 1.93243e-01 0.00000e+00 1.30064e-01 0.00000e+00 
1.58000e+02 1.93835e-01 0.00000e+00 1.30496e-01 0.00000e+00 
1.58500e+02 1.94615e-01 0.00000e+00 1.30942e-01 0.00000e+00 
1.59000e+02 1.95580e-01 0.00000e+00 1.31405e-01 0.00000e+00 
1.59500e+02 1.96760e-01 0.00000e+00 1.31887e-01 0.00000e+00 
1.60000e+02 1.98234e-01 0.00000e+00 1.32388e-01 0.00000e+00 
1.60500e+02 2.00034e-01 0.00000e+00 1.32910e-01 0.00000e+00 
1.61000e+02 2.02036e-01 0.00000e+00 1.33453e-01 0.00000e+00 
1.61500e+02 2.04026e-01 0.00000e+00 1.34017e-01 0.00000e+00 
1.62000e+02 2.05851e-01 0.00000e+00 1.34601e-01 0.00000e+00 
1.62500e+02 2.07459e-01 0.00000e+00 1.35202e-01 0.00000e+00 
1.63000e+02 2.08871e-01 0.00000e+00 1.35819e-01 0.00000e+00 
1.63500e+02 2.10130e-01 8.59674e-322 1.36448e-01 0.00000e+00 
1.64000e+02 2.11282e-01 1.79529e-221 1.37086e-01 0.00000e+00 
1.64500e+02 2.12366e-01 1.26736e-149 1.37730e-01 0.00000e+00 
1.65000e+02 2.13410e-01 7.56006e-99 1.38377e-01 0.00000e+00 
1.65500e+02 2.14433e-01 1.72255e-63 1.39023e-01 0.00000e+00 
1.66000e+02 2.15450e-01 4.72775e-39 1.39666e-01 0.00000e+00 
1.66500e+02 2.16470e-01 9.03343e-23 1.40303e-01 0.00000e+00 
1.67000e+02 2.17498e-01 1.52684e-12 1.40935e-01 0.00000e+00 
1.67500e+02 2.18534e-01 1.37528e-06 1.41559e-01 0.00000e+00 
1.68000e+02 2.19579e-01 1.80033e-03 1.42174e-01 0.00000e+00 
1.68500e+02 2.20630e-01 3.28705e-02 1.42782e-01 0.00000e+00 
1.69000e+02 2.21684e-01 5.83644e-02 1.43383e-01 0.00000e+00 
1.69500e+02 2.22734e-01 6.82613e-02 1.43975e-01 0.00000e+00 
1.70000e+02 2.23772e-01 7.43455e-02 1.44560e-01 0.00000e+00 
1.70500e+02 2.24796e-01 7.88660e-02 1.45136e-01 0.00000e+00 
1.71000e+02 2.25801e-01 8.24927e-02 1.45706e-01 0.00000e+00 
1.71500e+02 2.26785e-01 8.55385e-02 1.46270e-01 0.00000e+00 
1.72000e+02 2.27744e-01 8.81896e-02 1.46828e-01 0.00000e+00 
1.72500e+02 2.28678e-01 9.05650e-02 1.47381e-01 0.00000e+00 
1.73000e+02 2.29586e-01 9.27407e-02 1.47931e-01 0.00000e+00 
1.73500e+02 2.30468e-01 9.47639e-02 1.48477e-01 0.00000e+00 
1.74000e+02 2.31324e-01 9.66633e-02 1.49020e-01 0.00000e+00 
1.74500e+02 2.32156e-01 9.84563e-02 1.49561e-01 0.00000e+00 
1.75000e+02 2.32963e-01 1.00154e-01 1.50100e-01 0.00000e+00 
1.75500e+02 2.33748e-01 1.01764e-01 1.50637e-01 0.00000e+00 
1.76000e+02 2.34511e-01 1.03293e-01 1.51173e-01 0.00000e+00 
1.76500e+02 2.35254e-01 1.04747e-01 1.51707e-01 0.00000e+00 
1.77000e+02 2.35978e-01 1.06132e-01 1.52241e-01 0.00000e+00 
1.77500e+02 2.36685e-01 1.07454e-01 1.52774e-01 0.00000e+00 
1.78000e+02 2.37375e-01 1.08720e-01 1.53306e-01 0.00000e+00 
1.78500e+02 2.38050e-01 1.09934e-01 1.53837e-01 0.00000e+00 
1.79000e+02 2.38711e-01 1.11100e-01 1.54367e-01 0.00000e+00 
1.79500e+02 2.39359e-01 1.12225e-01 1.54896e-01 0.00000e+00 
1.80000e+02 2.39995e-01 1.13310e-01 1.55424e-01 0.00000e+00 
1.80500e+02 2.40620e-01 1.14358e-01 1.55950e-01 0.00000e+00 
1.81000e+02 2.41234e-01 1.15374e-01 1.56475e-01 0.00000e+00 
1.81500e+02 2.41838e-01 1.16358e-01 1.56999e-01 0.00000e+00 
1.82000e+02 2.42434e-01 1.17312e-01 1.57520e-01 0.00000e+00 
1.82500e+02 2.43021e-01 1.18238e-01 1.58039e-01 0.00000e+00 
1.83000e+02 2.43599e-01 1.19138e-01 1.58557e-01 0.00000e+00 
1.83500e+02 2.44171e-01 1.20013e-01 1.59072e-01 0.00000e+00 
1.84000e+02 2.44735e-01 1.20864e-01 1.59585e-01 0.00000e+00 
1.84500e+02 2.45293e-01 1.21693e-01 1.60095e-01 0.00000e+00 
1.85000e+02 2.45845e-01 1.22500e-01 1.60603e-01 0.00000e+00 
1.85500e+02 2.46391e-01 1.23287e-01 1.61108e-01 0.00000e+00 
1.86000e+02 2.46930e-01 1.24054e-01 1.61611e-01 0.00000e+00 
1.86500e+02 2.47465e-01 1.24803e-01 1.62112e-01 0.00000e+00 
1.87000e+02 2.47994e-01 1.25534e-01 1.62611e-01 0.00000e+00 
1.87500e+02 2.48519e-01 1.26248e-01 1.63108e-01 0.00000e+00 
1.88000e+02 2.49038e-01 1.26947e-01 1.63603e-01 0.00000e+00 
1.88500e+02 2.49553e-01 1.27630e-01 1.64096e-01 0.00000e+00 
1.89000e+02 2.50064e-01 1.28299e-01 1.64589e-01 0.00000e+00 
1.89500e+02 2.50570e-01 1.28954e-01 1.65080e-01 0.00000e+00 
1.90000e+02 2.51072e-01 1.29596e-01 1.65570e-01 0.00000e+00 
1.90500e+02 2.51569e-01 1.30225e-01 1.66060e-01 0.00000e+00 
1.91000e+02 2.52063e-01 1.30842e-01 1.66549e-01 0.00000e+00 
1.91500e+02 2.52553e-01 1.31448e-01 1.67038e-01 0.00000e+00 
1.92000e+02 2.53039e-01 1.32042e-01 1.67527e-01 0.00000e+00 
1.92500e+02 2.53522e-01 1.32626e-01 1.68015e-01 0.00000e+00 
1.93000e+02 2.54000e-01 1.33200e-01 1.68503e-01 0.00000e+00 
1.93500e+02 2.54476e-01 1.33764e-01 1.68992e-01 0.00000e+00 
1.94000e+02 2.54947e-01 1.34318e-01 1.69479e-01 0.00000e+00 
1.94500e+02 2.55416e-01 1.34864e-01 1.69967e-01 0.00000e+00 
1.95000e+02 2.55881e-01 1.35401e-01 1.70453e-01 0.00000e+00 
1.95500e+02 2.56343e-01 1.35929e-01 1.70939e-01 0.00000e+00 
1.96000e+02 2.56802e-01 1.36449e-01 1.71424e-01 0.00000e+00 
1.96500e+02 2.57257e-01 1.36961e-01 1.71907e-01 0.00000e+00 
1.97000e+02 2.57710e-01 1.37465e-01 1.72389e-01 0.00000e+00 
1.97500e+02 2.58159e-01 1.37963e-01 1.72869e-01 0.00000e+00 
1.98000e+02 2.58606e-01 1.38453e-01 1.73347e-01 0.00000e+00 
1.98500e+02 2.59050e-01 1.38936e-01 1.73823e-01 0.00000e+00 
1.99000e+02 2.59491e-01 1.39412e-01 1.74296e-01 0.00000e+00 
1.99500e+02 2.59930e-01 1.39882e-01 1.74767e-01 0.00000e+00 
2.00000e+02 2.60366e-01 1.40346e-01 1.75234e-01 0.00000e+00 
2.00500e+02 2.60799e-01 1.40803e-01 1.75698e-01 0.00000e+00 
2.01000e+02 2.61230e-01 1.41255e-01 1.76159e-01 0.00000e+00 
2.01500e+02 2.61658e-01 1.41701e-01 1.76617e-01 0.00000e+00 
2.02000e+02 2.62084e-01 1.42141e-01 1.77072e-01 0.00000e+00 
2.02500e+02 2.62507e-01 1.42576e-01 1.77523e-01 0.00000e+00 
2.03000e+02 2.62928e-01 1.43005e-01 1.77971e-01 0.00000e+00 
2.03500e+02 2.63347e-01 1.43430e-01 1.78417e-01 0.00000e+00 
2.04000e+02 2.63764e-01 1.43849e-01 1.78859e-01 0.00000e+00 
2.04500e+02 2.64179e-01 1.44263e-01 1.79298e-01 0.00000e+00 
2.05000e+02 2.64591e-01 1.44673e-01 1.79734e-01 0.00000e+00 
2.05500e+02 2.65001e-01 1.45077e-01 1.80168e-01 0.00000e+00 
2.06000e+02 2.65409e-01 1.45478e-01 1.80600e-01 0.00000e+00 
2.06500e+02 2.65816e-01 1.45873e-01 1.81029e-01 0.00000e+00 
2.07000e+02 2.66220e-01 1.46264e-01 1.81456e-01 0.00000e+00 
2.07500e+02 2.66622e-01 1.46651e-01 1.81881e-01 0.00000e+00 
2.08000e+02 2.67022e-01 1.47033e-01 1.82304e-01 0.00000e+00 
2.08500e+02 2.67420e-01 1.47411e-01 1.82726e-01 0.00000e+00 
2.09000e+02 2.67817e-01 1.47784e-01 1.83145e-01 0.00000e+00 
2.09500e+02 2.68211e-01 1.48154e-01 1.83563e-01 0.00000e+00 
2.10000e+02 2.68604e-01 1.48519e-01 1.83980e-01 0.00000e+00 
2.10500e+02 2.68995e-01 1.48880e-01 1.84395e-01 0.00000e+00 
2.11000e+02 2.69384e-01 1.49237e-01 1.84808e-01 0.00000e+00 
2.11500e+02 2.69771e-01 1.49590e-01 1.85221e-01 0.00000e+00 
2.12000e+02 2.70157e-01 1.49939e-01 1.85632e-01 0.00000e+00 
2.12500e+02 2.70541e-01 1.50284e-01 1.86042e-01 0.00000e+00 
2.13000e+02 2.70923e-01 1.50625e-01 1.86451e-01 0.00000e+00 
2.13500e+02 2.71303e-01 1.50962e-01 1.86858e-01 0.00000e+00 
2.14000e+02 2.71681e-01 1.51295e-01 1.87265e-01 0.00000e+00 
2.14500e+02 2.72058e-01 1.51624e-01 1.87671e-01 0.00000e+00 
2.15000e+02 2.72433e-01 1.51950e-01 1.88075e-01 0.00000e+00 
2.15500e+02 2.72807e-01 1.52272e-01 1.88479e-01 0.00000e+00 
2.16000e+02 2.73179e-01 1.52590e-01 1.88882e-01 0.00000e+00 
2.16500e+02 2.73549e-01 1.52904e-01 1.89284e-01 0.00000e+00 
2.17000e+02 2.73917e-01 1.53214e-01 1.89685e-01 0.00000e+00 
2.17500e+02 2.74284e-01 1.53521e-01 1.90084e-01 0.00000e+00 
2.18000e+02 2.74649e-01 1.53825e-01 1.90483e-01 0.00000e+00 
2.18500e+02 2.75013e-01 1.54125e-01 1.90880e-01 0.00000e+00 
2.19000e+02 2.75375e-01 1.54421e-01 1.91277e-01 0.00000e+00 
2.19500e+02 2.75736e-01 1.54714e-01 1.91672e-01 0.00000e+00 
2.20000e+02 2.76095e-01 1.55003e-01 1.92065e-01 0.00000e+00 
2.20500e+02 2.76452e-01 1.55290e-01 1.92457e-01 0.00000e+00 
2.21000e+02 2.76808e-01 1.55572e-01 1.92848e-01 0.00000e+00 
2.21500e+02 2.77162e-01 1.55852e-01 1.93236e-01 0.00000e+00 
2.22000e+02 2.77515e-01 1.56128e-01 1.93624e-01 0.00000e+00 
2.22500e+02 2.77866e-01 1.56402e-01 1.94009e-01 0.00000e+00 
2.23000e+02 2.78215e-01 1.56672e-01 1.94392e-01 0.00000e+00 
2.23500e+02 2.78564e-01 1.56939e-01 1.94774e-01 0.00000e+00 
2.24000e+02 2.78910e-01 1.57203e-01 1.95154e-01 0.00000e+00 
2.24500e+02 2.79255e-01 1.57464e-01 1.95532e-01 0.00000e+00 
2.25000e+02 2.79599e-01 1.57722e-01 1.95908e-01 0.00000e+00 
2.25500e+02 2.79941e-01 1.57978e-01 1.96282e-01 0.00000e+00 
2.26000e+02 2.80282e-01 1.58230e-01 1.96655e-01 0.00000e+00 
2.26500e+02 2.80622e-01 1.58480e-01 1.97026e-01 0.00000e+00 
2.27000e+02 2.80960e-01 1.58727e-01 1.97394e-01 0.00000e+00 
2.27500e+02 2.81296e-01 1.58972e-01 1.97762e-01 0.00000e+00 
2.28000e+02 2.81631e-01 1.59214e-01 1.98127e-01 0.00000e+00 
2.28500e+02 2.81965e-01 1.59453e-01 1.98491e-01 0.00000e+00 
2.29000e+02 2.82298e-01 1.59690e-01 1.98853e-01 0.00000e+00 
2.29500e+02 2.82629e-01 1.59925e-01 1.99213e-01 0.00000e+00 
2.30000e+02 2.82958e-01 1.60157e-01 1.99572e-01 0.00000e+00 
2.30500e+02 2.83287e-01 1.60387e-01 1.99930e-01 0.00000e+00 
2.31000e+02 2.83614e-01 1.60614e-01 2.00285e-01 0.00000e+00 
2.31500e+02 2.83940e-01 1.60840e-01 2.00640e-01 0.00000e+00 
2.32000e+02 2.84264e-01 1.61063e-01 2.00992e-01 0.00000e+00 
2.32500e+02 2.84588e-01 1.61284e-01 2.01343e-01 0.00000e+00 
2.33000e+02 2.84910e-01 1.61503e-01 2.01693e-01 0.00000e+00 
2.33500e+02 2.85231e-01 1.61720e-01 2.02041e-01 0.00000e+00 
2.34000e+02 2.85550e-01 1.61935e-01 2.02387e-01 0.00000e+00 
2.34500e+02 2.85869e-01 1.62147e-01 2.02732e-01 0.00000e+00 
2.35000e+02 2.86186e-01 1.62358e-01 2.03075e-01 0.00000e+00 
2.35500e+02 2.86502e-01 1.62567e-01 2.03417e-01 0.00000e+00 
2.36000e+02 2.86817e-01 1.62774e-01 2.03757e-01 0.00000e+00 
2.36500e+02 2.87131e-01 1.62980e-01 2.04096e-01 0.00000e+00 
2.37000e+02 2.87444e-01 1.63183e-01 2.04434e-01 0.00000e+00 
2.37500e+02 2.87756e-01 1.63385e-01 2.04770e-01 0.00000e+00 
2.38000e+02 2.88067e-01 1.63585e-01 2.05105e-01 0.00000e+00 
2.38500e+02 2.88377e-01 1.63783e-01 2.05439e-01 0.00000e+00 
2.39000e+02 2.88686e-01 1.63980e-01 2.05773e-01 0.00000e+00 
2.39500e+02 2.88994e-01 1.64175e-01 2.06105e-01 0.00000e+00 
2.40000e+02 2.89301e-01 1.64368e-01 2.06437e-01 0.00000e+00 
