0.00000e+00 0.00000e+00 0.00000e+00 0.00000e+00 0.00000e+00 
5.00000e-01 0.00000e+00 0.00000e+00 0.00000e+00 0.00000e+00 
1.00000e+00 0.00000e+00 0.00000e+00 0.00000e+00 0.00000e+00 
1.50000e+00 0.00000e+00 0.00000e+00 0.00000e+00 0.00000e+00 
2.00000e+00 0.00000e+00 0.00000e+00 0.00000e+00 0.00000e+00 
2.50000e+00 0.00000e+00 0.00000e+00 0.00000e+00 0.00000e+00 
3.00000e+00 0.00000e+00 0.00000e+00 0.00000e+00 0.00000e+00 
3.50000e+00 0.00000e+00 0.00000e+00 0.00000e+00 0.00000e+00 
4.00000e+00 0.00000e+00 0.00000e+00 0.00000e+00 0.00000e+00 
4.50000e+00 0.00000e+00 0.00000e+00 0.00000e+00 0.00000e+00 
5.00000e+00 0.00000e+00 0.00000e+00 0.00000e+00 0.00000e+00 
5.50000e+00 0.00000e+00 0.00000e+00 0.00000e+00 0.00000e+00 
6.00000e+00 0.00000e+00 0.00000e+00 0.00000e+00 0.00000e+00 
6.50000e+00 0.00000e+00 0.00000e+00 0.00000e+00 0.00000e+00 
7.00000e+00 0.00000e+00 0.00000e+00 0.00000e+00 0.00000e+00 
7.50000e+00 0.00000e+00 0.00000e+00 0.00000e+00 0.00000e+00 
8.00000e+00 0.00000e+00 0.00000e+00 0.00000e+00 0.00000e+00 
8.50000e+00 0.00000e+00 0.00000e+00 0.00000e+00 0.00000e+00 
9.00000e+00 0.00000e+00 0.00000e+00 0.00000e+00 0.00000e+00 
9.50000e+00 0.00000e+00 0.00000e+00 0.00000e+00 0.00000e+00 
1.00000e+01 0.00000e+00 0.00000e+00 0.00000e+00 0.00000e+00 
1.05000e+01 0.00000e+00 0.00000e+00 0.00000e+00 0.00000e+00 
1.10000e+01 0.00000e+00 0.00000e+00 0.00000e+00 0.00000e+00 
1.15000e+01 0.00000e+00 0.00000e+00 0.00000e+00 0.00000e+00 
1.20000e+01 0.00000e+00 0.00000e+00 0.00000e+00 0.00000e+00 
1.25000e+01 0.00000e+00 0.00000e+00 0.00000e+00 0.00000e+00 
1.30000e+01 0.00000e+00 0.00000e+00 0.00000e+00 0.00000e+00 
1.35000e+01 0.00000e+00 0.00000e+00 0.00000e+00 0.00000e+00 
1.40000e+01 0.00000e+00 0.00000e+00 0.00000e+00 0.00000e+00 
1.45000e+01 0.00000e+00 0.00000e+00 0.00000e+00 0.00000e+00 
1.50000e+01 0.00000e+00 0.00000e+00 0.00000e+00 0.00000e+00 
1.55000e+01 0.00000e+00 0.00000e+00 0.00000e+00 0.00000e+00 
1.60000e+01 0.00000e+00 0.00000e+00 0.00000e+00 0.00000e+00 
1.65000e+01 0.00000e+00 0.00000e+00 0.00000e+00 0.00000e+00 
1.70000e+01 0.00000e+00 0.00000e+00 0.00000e+00 0.00000e+00 
1.75000e+01 0.00000e+00 0.00000e+00 0.00000e+00 0.00000e+00 
1.80000e+01 0.00000e+00 0.00000e+00 0.00000e+00 0.00000e+00 
1.85000e+01 0.00000e+00 0.00000e+00 0.00000e+00 0.00000e+00 
1.90000e+01 0.00000e+00 0.00000e+00 0.00000e+00 0.00000e+00 
1.95000e+01 0.00000e+00 0.00000e+00 0.00000e+00 0.00000e+00 
2.00000e+01 0.00000e+00 0.00000e+00 0.00000e+00 0.00000e+00 
2.05000e+01 0.00000e+00 0.00000e+00 0.00000e+00 0.00000e+00 
2.10000e+01 0.00000e+00 0.00000e+00 0.00000e+00 0.00000e+00 
2.15000e+01 0.00000e+00 0.00000e+00 0.00000e+00 0.00000e+00 
2.20000e+01 0.00000e+00 0.00000e+00 0.00000e+00 0.00000e+00 
2.25000e+01 0.00000e+00 0.00000e+00 0.00000e+00 0.00000e+00 
2.30000e+01 0.00000e+00 0.00000e+00 0.00000e+00 0.00000e+00 
2.35000e+01 0.00000e+00 0.00000e+00 0.00000e+00 0.00000e+00 
2.40000e+01 0.00000e+00 0.00000e+00 0.00000e+00 0.00000e+00 
2.45000e+01 0.00000e+00 0.00000e+00 0.00000e+00 0.00000e+00 
2.50000e+01 0.00000e+00 0.00000e+00 0.00000e+00 0.00000e+00 
2.55000e+01 0.00000e+00 0.00000e+00 0.00000e+00 0.00000e+00 
2.60000e+01 0.00000e+00 0.00000e+00 0.00000e+00 0.00000e+00 
2.65000e+01 0.00000e+00 0.00000e+00 0.00000e+00 0.00000e+00 
2.70000e+01 0.00000e+00 0.00000e+00 0.00000e+00 0.00000e+00 
2.75000e+01 0.00000e+00 0.00000e+00 0.00000e+00 0.00000e+00 
2.80000e+01 0.00000e+00 0.00000e+00 0.00000e+00 0.00000e+00 
2.85000e+01 0.00000e+00 0.00000e+00 0.00000e+00 0.00000e+00 
2.90000e+01 0.00000e+00 0.00000e+00 0.00000e+00 0.00000e+00 
2.95000e+01 0.00000e+00 0.00000e+00 0.00000e+00 0.00000e+00 
3.00000e+01 0.00000e+00 0.00000e+00 0.00000e+00 0.00000e+00 
3.05000e+01 0.00000e+00 0.00000e+00 0.00000e+00 0.00000e+00 
3.10000e+01 0.00000e+00 0.00000e+00 0.00000e+00 0.00000e+00 
3.15000e+01 0.00000e+00 0.00000e+00 0.00000e+00 0.00000e+00 
3.20000e+01 0.00000e+00 0.00000e+00 0.00000e+00 0.00000e+00 
3.25000e+01 0.00000e+00 0.00000e+00 0.00000e+00 0.00000e+00 
3.30000e+01 0.00000e+00 0.00000e+00 0.00000e+00 0.00000e+00 
3.35000e+01 0.00000e+00 0.00000e+00 0.00000e+00 0.00000e+00 
3.40000e+01 0.00000e+00 0.00000e+00 0.00000e+00 0.00000e+00 
3.45000e+01 0.00000e+00 0.00000e+00 0.00000e+00 0.00000e+00 
3.50000e+01 0.00000e+00 0.00000e+00 0.00000e+00 0.00000e+00 
3.55000e+01 0.00000e+00 0.00000e+00 0.00000e+00 0.00000e+00 
3.60000e+01 0.00000e+00 0.00000e+00 0.00000e+00 0.00000e+00 
3.65000e+01 0.00000e+00 0.00000e+00 0.00000e+00 0.00000e+00 
3.70000e+01 0.00000e+00 0.00000e+00 0.00000e+00 0.00000e+00 
3.75000e+01 0.00000e+00 0.00000e+00 0.00000e+00 0.00000e+00 
3.80000e+01 0.00000e+00 0.00000e+00 0.00000e+00 0.00000e+00 
3.85000e+01 0.00000e+00 0.00000e+00 0.00000e+00 0.00000e+00 
3.90000e+01 0.00000e+00 0.00000e+00 0.00000e+00 0.00000e+00 
3.95000e+01 0.00000e+00 0.00000e+00 0.00000e+00 0.00000e+00 
4.00000e+01 0.00000e+00 0.00000e+00 0.00000e+00 0.00000e+00 
4.05000e+01 0.00000e+00 0.00000e+00 0.00000e+00 0.00000e+00 
4.10000e+01 0.00000e+00 0.00000e+00 0.00000e+00 0.00000e+00 
4.15000e+01 0.00000e+00 0.00000e+00 0.00000e+00 0.00000e+00 
4.20000e+01 0.00000e+00 0.00000e+00 0.00000e+00 0.00000e+00 
4.25000e+01 0.00000e+00 0.00000e+00 0.00000e+00 0.00000e+00 
4.30000e+01 0.00000e+00 0.00000e+00 0.00000e+00 0.00000e+00 
4.35000e+01 0.00000e+00 0.00000e+00 0.00000e+00 0.00000e+00 
4.40000e+01 0.00000e+00 0.00000e+00 0.00000e+00 0.00000e+00 
4.45000e+01 0.00000e+00 0.00000e+00 0.00000e+00 0.00000e+00 
4.50000e+01 0.00000e+00 0.00000e+00 0.00000e+00 0.00000e+00 
4.55000e+01 0.00000e+00 0.00000e+00 0.00000e+00 0.00000e+00 
4.60000e+01 0.00000e+00 0.00000e+00 0.00000e+00 0.00000e+00 
4.65000e+01 0.00000e+00 0.00000e+00 0.00000e+00 0.00000e+00 
4.70000e+01 0.00000e+00 0.00000e+00 0.00000e+00 0.00000e+00 
4.75000e+01 0.00000e+00 0.00000e+00 0.00000e+00 0.00000e+00 
4.80000e+01 0.00000e+00 0.00000e+00 0.00000e+00 0.00000e+00 
4.85000e+01 0.00000e+00 0.00000e+00 0.00000e+00 0.00000e+00 
4.90000e+01 0.00000e+00 0.00000e+00 0.00000e+00 0.00000e+00 
4.95000e+01 0.00000e+00 0.00000e+00 0.00000e+00 0.00000e+00 
5.00000e+01 0.00000e+00 0.00000e+00 0.00000e+00 0.00000e+00 
5.05000e+01 0.00000e+00 0.00000e+00 0.00000e+00 0.00000e+00 
5.10000e+01 0.00000e+00 0.00000e+00 0.00000e+00 0.00000e+00 
5.15000e+01 0.00000e+00 0.00000e+00 0.00000e+00 0.00000e+00 
5.20000e+01 0.00000e+00 0.00000e+00 0.00000e+00 0.00000e+00 
5.25000e+01 0.00000e+00 0.00000e+00 0.00000e+00 0.00000e+00 
5.30000e+01 0.00000e+00 0.00000e+00 0.00000e+00 0.00000e+00 
5.35000e+01 0.00000e+00 0.00000e+00 0.00000e+00 0.00000e+00 
5.40000e+01 0.00000e+00 0.00000e+00 0.00000e+00 0.00000e+00 
5.45000e+01 0.00000e+00 0.00000e+00 0.00000e+00 0.00000e+00 
5.50000e+01 0.00000e+00 0.00000e+00 0.00000e+00 0.00000e+00 
5.55000e+01 0.00000e+00 0.00000e+00 0.00000e+00 0.00000e+00 
5.60000e+01 0.00000e+00 0.00000e+00 0.00000e+00 0.00000e+00 
5.65000e+01 0.00000e+00 0.00000e+00 0.00000e+00 0.00000e+00 
5.70000e+01 0.00000e+00 0.00000e+00 0.00000e+00 0.00000e+00 
5.75000e+01 0.00000e+00 0.00000e+00 0.00000e+00 0.00000e+00 
5.80000e+01 0.00000e+00 0.00000e+00 0.00000e+00 0.00000e+00 
5.85000e+01 0.00000e+00 0.00000e+00 0.00000e+00 0.00000e+00 
5.90000e+01 0.00000e+00 0.00000e+00 0.00000e+00 0.00000e+00 
5.95000e+01 0.00000e+00 0.00000e+00 0.00000e+00 0.00000e+00 
6.00000e+01 0.00000e+00 0.00000e+00 0.00000e+00 0.00000e+00 
6.05000e+01 0.00000e+00 0.00000e+00 0.00000e+00 0.00000e+00 
6.10000e+01 0.00000e+00 0.00000e+00 0.00000e+00 0.00000e+00 
6.15000e+01 0.00000e+00 0.00000e+00 0.00000e+00 0.00000e+00 
6.20000e+01 0.00000e+00 0.00000e+00 0.00000e+00 0.00000e+00 
6.25000e+01 0.00000e+00 0.00000e+00 0.00000e+00 0.00000e+00 
6.30000e+01 0.00000e+00 0.00000e+00 0.00000e+00 0.00000e+00 
6.35000e+01 0.00000e+00 0.00000e+00 0.00000e+00 0.00000e+00 
6.40000e+01 0.00000e+00 0.00000e+00 0.00000e+00 0.00000e+00 
6.45000e+01 0.00000e+00 0.00000e+00 0.00000e+00 0.00000e+00 
6.50000e+01 0.00000e+00 0.00000e+00 0.00000e+00 0.00000e+00 
6.55000e+01 0.00000e+00 0.00000e+00 0.00000e+00 0.00000e+00 
6.60000e+01 0.00000e+00 0.00000e+00 0.00000e+00 0.00000e+00 
6.65000e+01 0.00000e+00 0.00000e+00 0.00000e+00 0.00000e+00 
6.70000e+01 0.00000e+00 0.00000e+00 0.00000e+00 0.00000e+00 
6.75000e+01 0.00000e+00 0.00000e+00 0.00000e+00 0.00000e+00 
6.80000e+01 0.00000e+00 0.00000e+00 0.00000e+00 0.00000e+00 
6.85000e+01 0.00000e+00 0.00000e+00 0.00000e+00 0.00000e+00 
6.90000e+01 0.00000e+00 0.00000e+00 0.00000e+00 0.00000e+00 
6.95000e+01 0.00000e+00 0.00000e+00 0.00000e+00 0.00000e+00 
7.00000e+01 0.00000e+00 0.00000e+00 0.00000e+00 0.00000e+00 
7.05000e+01 0.00000e+00 0.00000e+00 0.00000e+00 0.00000e+00 
7.10000e+01 0.00000e+00 0.00000e+00 0.00000e+00 0.00000e+00 
7.15000e+01 0.00000e+00 0.00000e+00 0.00000e+00 0.00000e+00 
7.20000e+01 0.00000e+00 0.00000e+00 1.55941e-197 0.00000e+00 
7.25000e+01 0.00000e+00 0.00000e+00 5.68022e-35 0.00000e+00 
7.30000e+01 0.00000e+00 0.00000e+00 1.00764e-05 0.00000e+00 
7.35000e+01 0.00000e+00 0.00000e+00 5.85638e-02 0.00000e+00 
7.40000e+01 0.00000e+00 0.00000e+00 7.75570e-02 0.00000e+00 
7.45000e+01 0.00000e+00 0.00000e+00 8.78876e-02 0.00000e+00 
7.50000e+01 0.00000e+00 0.00000e+00 9.63927e-02 0.00000e+00 
7.55000e+01 0.00000e+00 0.00000e+00 1.03424e-01 0.00000e+00 
7.60000e+01 0.00000e+00 0.00000e+00 1.08668e-01 0.00000e+00 
7.65000e+01 0.00000e+00 0.00000e+00 1.12691e-01 0.00000e+00 
7.70000e+01 0.00000e+00 0.00000e+00 1.16099e-01 0.00000e+00 
7.75000e+01 0.00000e+00 0.00000e+00 1.19174e-01 0.00000e+00 
7.80000e+01 0.00000e+00 0.00000e+00 1.21997e-01 0.00000e+00 
7.85000e+01 0.00000e+00 0.00000e+00 1.24611e-01 0.00000e+00 
7.90000e+01 0.00000e+00 0.00000e+00 1.27059e-01 0.00000e+00 
7.95000e+01 0.00000e+00 0.00000e+00 1.29379e-01 0.00000e+00 
8.00000e+01 0.00000e+00 0.00000e+00 1.31596e-01 0.00000e+00 
8.05000e+01 0.00000e+00 0.00000e+00 1.33731e-01 0.00000e+00 
8.10000e+01 0.00000e+00 0.00000e+00 1.35795e-01 0.00000e+00 
8.15000e+01 0.00000e+00 0.00000e+00 1.37803e-01 0.00000e+00 
8.20000e+01 0.00000e+00 0.00000e+00 1.39763e-01 0.00000e+00 
8.25000e+01 0.00000e+00 0.00000e+00 1.41686e-01 0.00000e+00 
8.30000e+01 0.00000e+00 0.00000e+00 1.43577e-01 0.00000e+00 
8.35000e+01 0.00000e+00 0.00000e+00 1.45444e-01 0.00000e+00 
8.40000e+01 0.00000e+00 0.00000e+00 1.47290e-01 0.00000e+00 
8.45000e+01 0.00000e+00 0.00000e+00 1.49119e-01 0.00000e+00 
8.50000e+01 0.00000e+00 0.00000e+00 1.50932e-01 0.00000e+00 
8.55000e+01 0.00000e+00 0.00000e+00 1.52731e-01 0.00000e+00 
8.60000e+01 0.00000e+00 0.00000e+00 1.54517e-01 0.00000e+00 
8.65000e+01 0.00000e+00 0.00000e+00 1.56289e-01 0.00000e+00 
8.70000e+01 0.00000e+00 0.00000e+00 1.58048e-01 0.00000e+00 
8.75000e+01 0.00000e+00 0.00000e+00 1.59792e-01 0.00000e+00 
8.80000e+01 0.00000e+00 0.00000e+00 1.61520e-01 0.00000e+00 
8.85000e+01 0.00000e+00 0.00000e+00 1.63232e-01 0.00000e+00 
8.90000e+01 0.00000e+00 0.00000e+00 1.64924e-01 0.00000e+00 
8.95000e+01 0.00000e+00 0.00000e+00 1.66594e-01 0.00000e+00 
9.00000e+01 0.00000e+00 0.00000e+00 1.68239e-01 0.00000e+00 
9.05000e+01 0.00000e+00 0.00000e+00 1.69853e-01 0.00000e+00 
9.10000e+01 0.00000e+00 0.00000e+00 1.71434e-01 0.00000e+00 
9.15000e+01 0.00000e+00 0.00000e+00 1.72977e-01 0.00000e+00 
9.20000e+01 0.00000e+00 0.00000e+00 1.74481e-01 0.00000e+00 
9.25000e+01 0.00000e+00 0.00000e+00 1.75943e-01 0.00000e+00 
9.30000e+01 0.00000e+00 0.00000e+00 1.77361e-01 0.00000e+00 
9.35000e+01 0.00000e+00 0.00000e+00 1.78737e-01 0.00000e+00 
9.40000e+01 0.00000e+00 0.00000e+00 1.80071e-01 0.00000e+00 
9.45000e+01 0.00000e+00 0.00000e+00 1.81363e-01 0.00000e+00 
9.50000e+01 0.00000e+00 0.00000e+00 1.82617e-01 0.00000e+00 
9.55000e+01 0.00000e+00 0.00000e+00 1.83833e-01 0.00000e+00 
9.60000e+01 0.00000e+00 0.00000e+00 1.85013e-01 0.00000e+00 
9.65000e+01 0.00000e+00 0.00000e+00 1.86159e-01 0.00000e+00 
9.70000e+01 0.00000e+00 0.00000e+00 1.87272e-01 0.00000e+00 
9.75000e+01 0.00000e+00 0.00000e+00 1.88355e-01 0.00000e+00 
9.80000e+01 0.00000e+00 0.00000e+00 1.89408e-01 0.00000e+00 
9.85000e+01 0.00000e+00 0.00000e+00 1.90435e-01 0.00000e+00 
9.90000e+01 0.00000e+00 0.00000e+00 1.91435e-01 0.00000e+00 
9.95000e+01 0.00000e+00 0.00000e+00 1.92411e-01 0.00000e+00 
1.00000e+02 0.00000e+00 0.00000e+00 1.93365e-01 0.00000e+00 
1.00500e+02 0.00000e+00 0.00000e+00 1.94298e-01 0.00000e+00 
1.01000e+02 0.00000e+00 0.00000e+00 1.95211e-01 0.00000e+00 
1.01500e+02 0.00000e+00 0.00000e+00 1.96106e-01 0.00000e+00 
1.02000e+02 0.00000e+00 0.00000e+00 1.96984e-01 0.00000e+00 
1.02500e+02 0.00000e+00 0.00000e+00 1.97846e-01 0.00000e+00 
1.03000e+02 0.00000e+00 0.00000e+00 1.98692e-01 0.00000e+00 
1.03500e+02 0.00000e+00 0.00000e+00 1.99524e-01 0.00000e+00 
1.04000e+02 0.00000e+00 0.00000e+00 2.00343e-01 0.00000e+00 
1.04500e+02 0.00000e+00 0.00000e+00 2.01148e-01 0.00000e+00 
1.05000e+02 0.00000e+00 0.00000e+00 2.01942e-01 0.00000e+00 
1.05500e+02 0.00000e+00 0.00000e+00 2.02723e-01 0.00000e+00 
1.06000e+02 0.00000e+00 0.00000e+00 2.03493e-01 0.00000e+00 
1.06500e+02 0.00000e+00 0.00000e+00 2.04252e-01 0.00000e+00 
1.07000e+02 0.00000e+00 0.00000e+00 2.05001e-01 0.00000e+00 
1.07500e+02 0.00000e+00 0.00000e+00 2.05740e-01 0.00000e+00 
1.08000e+02 0.00000e+00 0.00000e+00 2.06469e-01 0.00000e+00 
1.08500e+02 0.00000e+00 0.00000e+00 2.07190e-01 0.00000e+00 
1.09000e+02 0.00000e+00 0.00000e+00 2.07902e-01 0.00000e+00 
1.09500e+02 0.00000e+00 0.00000e+00 2.08606e-01 0.00000e+00 
1.10000e+02 0.00000e+00 0.00000e+00 2.09302e-01 0.00000e+00 
1.10500e+02 0.00000e+00 0.00000e+00 2.09991e-01 0.00000e+00 
1.11000e+02 0.00000e+00 0.00000e+00 2.10673e-01 0.00000e+00 
1.11500e+02 0.00000e+00 0.00000e+00 2.11348e-01 0.00000e+00 
1.12000e+02 0.00000e+00 0.00000e+00 2.12017e-01 0.00000e+00 
1.12500e+02 0.00000e+00 0.00000e+00 2.12680e-01 0.00000e+00 
1.13000e+02 0.00000e+00 0.00000e+00 2.13337e-01 0.00000e+00 
1.13500e+02 0.00000e+00 0.00000e+00 2.13988e-01 0.00000e+00 
1.14000e+02 0.00000e+00 0.00000e+00 2.14634e-01 0.00000e+00 
1.14500e+02 0.00000e+00 0.00000e+00 2.15274e-01 0.00000e+00 
1.15000e+02 0.00000e+00 0.00000e+00 2.15909e-01 0.00000e+00 
1.15500e+02 0.00000e+00 0.00000e+00 2.16539e-01 0.00000e+00 
1.16000e+02 0.00000e+00 0.00000e+00 2.17163e-01 0.00000e+00 
1.16500e+02 0.00000e+00 0.00000e+00 2.17783e-01 0.00000e+00 
1.17000e+02 0.00000e+00 0.00000e+00 2.18398e-01 0.00000e+00 
1.17500e+02 0.00000e+00 0.00000e+00 2.19008e-01 0.00000e+00 
1.18000e+02 0.00000e+00 0.00000e+00 2.19613e-01 0.00000e+00 
1.18500e+02 0.00000e+00 0.00000e+00 2.20214e-01 0.00000e+00 
1.19000e+02 0.00000e+00 0.00000e+00 2.20810e-01 0.00000e+00 
1.19500e+02 0.00000e+00 0.00000e+00 2.21402e-01 0.00000e+00 
1.20000e+02 0.00000e+00 0.00000e+00 2.21989e-01 0.00000e+00 
1.20500e+02 0.00000e+00 0.00000e+00 2.22572e-01 0.00000e+00 
1.21000e+02 0.00000e+00 0.00000e+00 2.23151e-01 0.00000e+00 
1.21500e+02 0.00000e+00 0.00000e+00 2.23726e-01 0.00000e+00 
1.22000e+02 0.00000e+00 0.00000e+00 2.24296e-01 0.00000e+00 
1.22500e+02 0.00000e+00 0.00000e+00 2.24863e-01 0.00000e+00 
1.23000e+02 0.00000e+00 0.00000e+00 2.25426e-01 0.00000e+00 
1.23500e+02 0.00000e+00 0.00000e+00 2.25986e-01 0.00000e+00 
1.24000e+02 0.00000e+00 0.00000e+00 2.26542e-01 0.00000e+00 
1.24500e+02 0.00000e+00 0.00000e+00 2.27094e-01 0.00000e+00 
1.25000e+02 0.00000e+00 0.00000e+00 2.27643e-01 0.00000e+00 
1.25500e+02 0.00000e+00 0.00000e+00 2.28189e-01 0.00000e+00 
1.26000e+02 0.00000e+00 0.00000e+00 2.28731e-01 0.00000e+00 
1.26500e+02 0.00000e+00 0.00000e+00 2.29271e-01 0.00000e+00 
1.27000e+02 0.00000e+00 0.00000e+00 2.29807e-01 0.00000e+00 
1.27500e+02 0.00000e+00 0.00000e+00 2.30341e-01 0.00000e+00 
1.28000e+02 0.00000e+00 0.00000e+00 2.30871e-01 0.00000e+00 
1.28500e+02 0.00000e+00 0.00000e+00 2.31399e-01 0.00000e+00 
1.29000e+02 0.00000e+00 0.00000e+00 2.31925e-01 0.00000e+00 
1.29500e+02 0.00000e+00 0.00000e+00 2.32447e-01 0.00000e+00 
1.30000e+02 0.00000e+00 0.00000e+00 2.32967e-01 0.00000e+00 
1.30500e+02 0.00000e+00 0.00000e+00 2.33485e-01 0.00000e+00 
1.31000e+02 0.00000e+00 0.00000e+00 2.34000e-01 0.00000e+00 
1.31500e+02 0.00000e+00 0.00000e+00 2.34512e-01 0.00000e+00 
1.32000e+02 0.00000e+00 0.00000e+00 2.35022e-01 0.00000e+00 
1.32500e+02 0.00000e+00 0.00000e+00 2.35530e-01 0.00000e+00 
1.33000e+02 0.00000e+00 0.00000e+00 2.36036e-01 0.00000e+00 
1.33500e+02 0.00000e+00 0.00000e+00 2.36539e-01 0.00000e+00 
1.34000e+02 0.00000e+00 0.00000e+00 2.37041e-01 0.00000e+00 
1.34500e+02 0.00000e+00 0.00000e+00 2.37540e-01 0.00000e+00 
1.35000e+02 0.00000e+00 0.00000e+00 2.38037e-01 0.00000e+00 
1.35500e+02 0.00000e+00 0.00000e+00 2.38532e-01 0.00000e+00 
1.36000e+02 0.00000e+00 0.00000e+00 2.39025e-01 0.00000e+00 
1.36500e+02 0.00000e+00 0.00000e+00 2.39517e-01 0.00000e+00 
1.37000e+02 0.00000e+00 0.00000e+00 2.40006e-01 0.00000e+00 
1.37500e+02 0.00000e+00 0.00000e+00 2.40494e-01 0.00000e+00 
1.38000e+02 0.00000e+00 0.00000e+00 2.40981e-01 0.00000e+00 
1.38500e+02 0.00000e+00 0.00000e+00 2.41465e-01 0.00000e+00 
1.39000e+02 0.00000e+00 0.00000e+00 2.41948e-01 0.00000e+00 
1.39500e+02 0.00000e+00 0.00000e+00 2.42430e-01 0.00000e+00 
1.40000e+02 0.00000e+00 0.00000e+00 2.42910e-01 0.00000e+00 
1.40500e+02 0.00000e+00 0.00000e+00 2.43388e-01 0.00000e+00 
1.41000e+02 0.00000e+00 0.00000e+00 2.43865e-01 0.00000e+00 
1.41500e+02 0.00000e+00 0.00000e+00 2.44341e-01 0.00000e+00 
1.42000e+02 0.00000e+00 0.00000e+00 2.44815e-01 0.00000e+00 
1.42500e+02 0.00000e+00 0.00000e+00 2.45288e-01 0.00000e+00 
1.43000e+02 0.00000e+00 0.00000e+00 2.45760e-01 0.00000e+00 
1.43500e+02 0.00000e+00 0.00000e+00 2.46230e-01 0.00000e+00 
1.44000e+02 0.00000e+00 0.00000e+00 2.46700e-01 0.00000e+00 
1.44500e+02 0.00000e+00 0.00000e+00 2.47167e-01 0.00000e+00 
1.45000e+02 0.00000e+00 0.00000e+00 2.47634e-01 0.00000e+00 
1.45500e+02 0.00000e+00 0.00000e+00 2.48100e-01 0.00000e+00 
1.46000e+02 0.00000e+00 0.00000e+00 2.48564e-01 0.00000e+00 
1.46500e+02 0.00000e+00 0.00000e+00 2.49028e-01 0.00000e+00 
1.47000e+02 0.00000e+00 0.00000e+00 2.49490e-01 0.00000e+00 
1.47500e+02 0.00000e+00 0.00000e+00 2.49951e-01 0.00000e+00 
1.48000e+02 0.00000e+00 0.00000e+00 2.50411e-01 0.00000e+00 
1.48500e+02 0.00000e+00 0.00000e+00 2.50869e-01 0.00000e+00 
1.49000e+02 0.00000e+00 0.00000e+00 2.51327e-01 0.00000e+00 
1.49500e+02 0.00000e+00 0.00000e+00 2.51783e-01 0.00000e+00 
1.50000e+02 0.00000e+00 0.00000e+00 2.52239e-01 0.00000e+00 
1.50500e+02 0.00000e+00 0.00000e+00 2.52692e-01 0.00000e+00 
1.51000e+02 0.00000e+00 0.00000e+00 2.53145e-01 0.00000e+00 
1.51500e+02 0.00000e+00 0.00000e+00 2.53596e-01 1.21126e-303 
1.52000e+02 0.00000e+00 0.00000e+00 2.54046e-01 1.54731e-215 
1.52500e+02 0.00000e+00 0.00000e+00 2.54494e-01 9.73550e-151 
1.53000e+02 0.00000e+00 0.00000e+00 2.54940e-01 3.59976e-104 
1.53500e+02 0.00000e+00 0.00000e+00 2.55385e-01 4.89384e-71 
1.54000e+02 0.00000e+00 0.00000e+00 2.55827e-01 8.95523e-48 
1.54500e+02 0.00000e+00 0.00000e+00 2.56268e-01 1.17255e-31 
1.55000e+02 0.00000e+00 0.00000e+00 2.56707e-01 1.39602e-20 
1.55500e+02 0.00000e+00 0.00000e+00 2.57144e-01 5.34004e-13 
1.56000e+02 0.00000e+00 0.00000e+00 2.57578e-01 6.68038e-08 
1.56500e+02 0.00000e+00 0.00000e+00 2.58011e-01 1.09417e-04 
1.57000e+02 0.00000e+00 0.00000e+00 2.58441e-01 6.74161e-03 
1.57500e+02 0.00000e+00 0.00000e+00 2.58869e-01 3.42758e-02 
1.58000e+02 0.00000e+00 0.00000e+00 2.59295e-01 4.98449e-02 
1.58500e+02 0.00000e+00 0.00000e+00 2.59719e-01 5.68729e-02 
1.59000e+02 0.00000e+00 0.00000e+00 2.60140e-01 6.12819e-02 
1.59500e+02 0.00000e+00 0.00000e+00 2.60558e-01 6.46072e-02 
1.60000e+02 0.00000e+00 0.00000e+00 2.60974e-01 6.74602e-02 
1.60500e+02 0.00000e+00 0.00000e+00 2.61387e-01 7.01350e-02 
1.61000e+02 0.00000e+00 0.00000e+00 2.61797e-01 7.27546e-02 
1.61500e+02 0.00000e+00 0.00000e+00 2.62205e-01 7.53283e-02 
1.62000e+02 0.00000e+00 0.00000e+00 2.62609e-01 7.78004e-02 
1.62500e+02 0.00000e+00 0.00000e+00 2.63011e-01 8.01068e-02 
1.63000e+02 0.00000e+00 0.00000e+00 2.63410e-01 8.22166e-02 
1.63500e+02 0.00000e+00 0.00000e+00 2.63806e-01 8.41365e-02 
1.64000e+02 0.00000e+00 0.00000e+00 2.64199e-01 8.58932e-02 
1.64500e+02 0.00000e+00 0.00000e+00 2.64590e-01 8.75160e-02 
1.65000e+02 0.00000e+00 0.00000e+00 2.64977e-01 8.90289e-02 
1.65500e+02 0.00000e+00 0.00000e+00 2.65362e-01 9.04515e-02 
1.66000e+02 0.00000e+00 0.00000e+00 2.65744e-01 9.18016e-02 
1.66500e+02 0.00000e+00 0.00000e+00 2.66123e-01 9.30975e-02 
1.67000e+02 0.00000e+00 0.00000e+00 2.66499e-01 9.43594e-02 
1.67500e+02 0.00000e+00 0.00000e+00 2.66873e-01 9.56084e-02 
1.68000e+02 0.00000e+00 0.00000e+00 2.67244e-01 9.68657e-02 
1.68500e+02 0.00000e+00 0.00000e+00 2.67612e-01 9.81510e-02 
1.69000e+02 0.00000e+00 0.00000e+00 2.67977e-01 9.94800e-02 
1.69500e+02 0.00000e+00 0.00000e+00 2.68340e-01 1.00863e-01 
1.70000e+02 0.00000e+00 0.00000e+00 2.68700e-01 1.02305e-01 
1.70500e+02 0.00000e+00 0.00000e+00 2.69058e-01 1.03807e-01 
1.71000e+02 0.00000e+00 0.00000e+00 2.69412e-01 1.05364e-01 
1.71500e+02 0.00000e+00 0.00000e+00 2.69765e-01 1.06960e-01 
1.72000e+02 0.00000e+00 0.00000e+00 2.70114e-01 1.08568e-01 
1.72500e+02 0.00000e+00 0.00000e+00 2.70461e-01 1.10151e-01 
1.73000e+02 0.00000e+00 0.00000e+00 2.70806e-01 1.11675e-01 
1.73500e+02 0.00000e+00 0.00000e+00 2.71148e-01 1.13110e-01 
1.74000e+02 0.00000e+00 0.00000e+00 2.71488e-01 1.14436e-01 
1.74500e+02 0.00000e+00 0.00000e+00 2.71826e-01 1.15645e-01 
1.75000e+02 0.00000e+00 0.00000e+00 2.72161e-01 1.16739e-01 
1.75500e+02 0.00000e+00 0.00000e+00 2.72494e-01 1.17726e-01 
1.76000e+02 0.00000e+00 0.00000e+00 2.72825e-01 1.18620e-01 
1.76500e+02 0.00000e+00 0.00000e+00 2.73154e-01 1.19435e-01 
1.77000e+02 0.00000e+00 0.00000e+00 2.73481e-01 1.20186e-01 
1.77500e+02 0.00000e+00 0.00000e+00 2.73805e-01 1.20884e-01 
1.78000e+02 0.00000e+00 0.00000e+00 2.74128e-01 1.21540e-01 
1.78500e+02 0.00000e+00 0.00000e+00 2.74449e-01 1.22162e-01 
1.79000e+02 0.00000e+00 0.00000e+00 2.74767e-01 1.22757e-01 
1.79500e+02 0.00000e+00 0.00000e+00 2.75084e-01 1.23329e-01 
1.80000e+02 0.00000e+00 0.00000e+00 2.75399e-01 1.23882e-01 
1.80500e+02 0.00000e+00 0.00000e+00 2.75713e-01 1.24418e-01 
1.81000e+02 0.00000e+00 0.00000e+00 2.76024e-01 1.24939e-01 
1.81500e+02 0.00000e+00 0.00000e+00 2.76334e-01 1.25447e-01 
1.82000e+02 0.00000e+00 0.00000e+00 2.76642e-01 1.25943e-01 
1.82500e+02 0.00000e+00 0.00000e+00 2.76948e-01 1.26426e-01 
1.83000e+02 0.00000e+00 0.00000e+00 2.77253e-01 1.26899e-01 
1.83500e+02 0.00000e+00 0.00000e+00 2.77556e-01 1.27362e-01 
1.84000e+02 0.00000e+00 0.00000e+00 2.77857e-01 1.27815e-01 
1.84500e+02 0.00000e+00 0.00000e+00 2.78156e-01 1.28259e-01 
1.85000e+02 0.00000e+00 0.00000e+00 2.78455e-01 1.28694e-01 
1.85500e+02 0.00000e+00 0.00000e+00 2.78751e-01 1.29122e-01 
1.86000e+02 0.00000e+00 0.00000e+00 2.79046e-01 1.29542e-01 
1.86500e+02 0.00000e+00 0.00000e+00 2.79339e-01 1.29954e-01 
1.87000e+02 0.00000e+00 0.00000e+00 2.79631e-01 1.30360e-01 
1.87500e+02 0.00000e+00 0.00000e+00 2.79922e-01 1.30760e-01 
1.88000e+02 0.00000e+00 0.00000e+00 2.80210e-01 1.31154e-01 
1.88500e+02 0.00000e+00 0.00000e+00 2.80498e-01 1.31542e-01 
1.89000e+02 0.00000e+00 0.00000e+00 2.80783e-01 1.31925e-01 
1.89500e+02 0.00000e+00 0.00000e+00 2.81068e-01 1.32302e-01 
1.90000e+02 0.00000e+00 0.00000e+00 2.81350e-01 1.32675e-01 
1.90500e+02 0.00000e+00 0.00000e+00 2.81632e-01 1.33044e-01 
1.91000e+02 0.00000e+00 0.00000e+00 2.81911e-01 1.33408e-01 
1.91500e+02 0.00000e+00 0.00000e+00 2.82189e-01 1.33767e-01 
1.92000e+02 0.00000e+00 0.00000e+00 2.82466e-01 1.34123e-01 
1.92500e+02 0.00000e+00 0.00000e+00 2.82741e-01 1.34476e-01 
1.93000e+02 0.00000e+00 0.00000e+00 2.83014e-01 1.34825e-01 
1.93500e+02 0.00000e+00 0.00000e+00 2.83286e-01 1.35170e-01 
1.94000e+02 0.00000e+00 0.00000e+00 2.83556e-01 1.35512e-01 
1.94500e+02 0.00000e+00 0.00000e+00 2.83825e-01 1.35852e-01 
1.95000e+02 0.00000e+00 0.00000e+00 2.84092e-01 1.36188e-01 
1.95500e+02 0.00000e+00 0.00000e+00 2.84357e-01 1.36522e-01 
1.96000e+02 0.00000e+00 0.00000e+00 2.84621e-01 1.36853e-01 
1.96500e+02 0.00000e+00 0.00000e+00 2.84883e-01 1.37182e-01 
1.97000e+02 0.00000e+00 0.00000e+00 2.85144e-01 1.37508e-01 
1.97500e+02 0.00000e+00 0.00000e+00 2.85403e-01 1.37832e-01 
1.98000e+02 0.00000e+00 0.00000e+00 2.85660e-01 1.38153e-01 
1.98500e+02 0.00000e+00 0.00000e+00 2.85916e-01 1.38472e-01 
1.99000e+02 0.00000e+00 0.00000e+00 2.86170e-01 1.38789e-01 
1.99500e+02 0.00000e+00 0.00000e+00 2.86422e-01 1.39104e-01 
2.00000e+02 0.00000e+00 0.00000e+00 2.86674e-01 1.39416e-01 
2.00500e+02 0.00000e+00 0.00000e+00 2.86923e-01 1.39726e-01 
2.01000e+02 0.00000e+00 0.00000e+00 2.87171e-01 1.40033e-01 
2.01500e+02 0.00000e+00 0.00000e+00 2.87417e-01 1.40338e-01 
2.02000e+02 0.00000e+00 0.00000e+00 2.87662e-01 1.40641e-01 
2.02500e+02 0.00000e+00 0.00000e+00 2.87906e-01 1.40942e-01 
2.03000e+02 0.00000e+00 0.00000e+00 2.88147e-01 1.41240e-01 
2.03500e+02 0.00000e+00 0.00000e+00 2.88387e-01 1.41537e-01 
2.04000e+02 0.00000e+00 0.00000e+00 2.88626e-01 1.41832e-01 
2.04500e+02 0.00000e+00 0.00000e+00 2.88863e-01 1.42126e-01 
2.05000e+02 0.00000e+00 0.00000e+00 2.89099e-01 1.42420e-01 
2.05500e+02 0.00000e+00 0.00000e+00 2.89333e-01 1.42715e-01 
2.06000e+02 0.00000e+00 0.00000e+00 2.89565e-01 1.43012e-01 
2.06500e+02 0.00000e+00 0.00000e+00 2.89795e-01 1.43312e-01 
2.07000e+02 0.00000e+00 0.00000e+00 2.90024e-01 1.43617e-01 
2.07500e+02 0.00000e+00 0.00000e+00 2.90252e-01 1.43928e-01 
2.08000e+02 0.00000e+00 0.00000e+00 2.90477e-01 1.44247e-01 
2.08500e+02 0.00000e+00 0.00000e+00 2.90701e-01 1.44577e-01 
2.09000e+02 0.00000e+00 0.00000e+00 2.90923e-01 1.44919e-01 
2.09500e+02 0.00000e+00 0.00000e+00 2.91143e-01 1.45277e-01 
2.10000e+02 0.00000e+00 0.00000e+00 2.91361e-01 1.45653e-01 
2.10500e+02 0.00000e+00 0.00000e+00 2.91578e-01 1.46050e-01 
2.11000e+02 0.00000e+00 0.00000e+00 2.91792e-01 1.46469e-01 
2.11500e+02 0.00000e+00 0.00000e+00 2.92005e-01 1.46914e-01 
2.12000e+02 0.00000e+00 0.00000e+00 2.92215e-01 1.47385e-01 
2.12500e+02 0.00000e+00 0.00000e+00 2.92424e-01 1.47885e-01 
2.13000e+02 0.00000e+00 0.00000e+00 2.92630e-01 1.48415e-01 
2.13500e+02 0.00000e+00 0.00000e+00 2.92835e-01 1.48974e-01 
2.14000e+02 0.00000e+00 0.00000e+00 2.93037e-01 1.49562e-01 
2.14500e+02 0.00000e+00 0.00000e+00 2.93238e-01 1.50178e-01 
2.15000e+02 0.00000e+00 0.00000e+00 2.93436e-01 1.50821e-01 
2.15500e+02 0.00000e+00 0.00000e+00 2.93632e-01 1.51488e-01 
2.16000e+02 0.00000e+00 0.00000e+00 2.93826e-01 1.52176e-01 
2.16500e+02 0.00000e+00 0.00000e+00 2.94019e-01 1.52883e-01 
2.17000e+02 0.00000e+00 0.00000e+00 2.94209e-01 1.53606e-01 
2.17500e+02 0.00000e+00 0.00000e+00 2.94397e-01 1.54340e-01 
2.18000e+02 0.00000e+00 0.00000e+00 2.94582e-01 1.55084e-01 
2.18500e+02 0.00000e+00 0.00000e+00 2.94766e-01 1.55834e-01 
2.19000e+02 0.00000e+00 0.00000e+00 2.94948e-01 1.56587e-01 
2.19500e+02 0.00000e+00 0.00000e+00 2.95128e-01 1.57341e-01 
2.20000e+02 0.00000e+00 0.00000e+00 2.95306e-01 1.58093e-01 
2.20500e+02 0.00000e+00 0.00000e+00 2.95482e-01 1.58843e-01 
2.21000e+02 0.00000e+00 0.00000e+00 2.95657e-01 1.59587e-01 
2.21500e+02 0.00000e+00 0.00000e+00 2.95829e-01 1.60326e-01 
2.22000e+02 0.00000e+00 0.00000e+00 2.96000e-01 1.61057e-01 
2.22500e+02 0.00000e+00 0.00000e+00 2.96170e-01 1.61781e-01 
2.23000e+02 0.00000e+00 0.00000e+00 2.96339e-01 1.62497e-01 
2.23500e+02 0.00000e+00 0.00000e+00 2.96507e-01 1.63205e-01 
2.24000e+02 0.00000e+00 0.00000e+00 2.96674e-01 1.63904e-01 
2.24500e+02 0.00000e+00 0.00000e+00 2.96840e-01 1.64596e-01 
2.25000e+02 0.00000e+00 0.00000e+00 2.97007e-01 1.65279e-01 
2.25500e+02 0.00000e+00 0.00000e+00 2.97175e-01 1.65956e-01 
2.26000e+02 0.00000e+00 0.00000e+00 2.97344e-01 1.66626e-01 
2.26500e+02 0.00000e+00 0.00000e+00 2.97515e-01 1.67290e-01 
2.27000e+02 0.00000e+00 0.00000e+00 2.97688e-01 1.67948e-01 
2.27500e+02 0.00000e+00 0.00000e+00 2.97864e-01 1.68602e-01 
2.28000e+02 0.00000e+00 0.00000e+00 2.98045e-01 1.69252e-01 
2.28500e+02 0.00000e+00 0.00000e+00 2.98231e-01 1.69898e-01 
2.29000e+02 0.00000e+00 0.00000e+00 2.98422e-01 1.70541e-01 
2.29500e+02 0.00000e+00 0.00000e+00 2.98620e-01 1.71182e-01 
2.30000e+02 0.00000e+00 0.00000e+00 2.98825e-01 1.71821e-01 
2.30500e+02 0.00000e+00 0.00000e+00 2.99038e-01 1.72458e-01 
2.31000e+02 0.00000e+00 0.00000e+00 2.99260e-01 1.73094e-01 
2.31500e+02 0.00000e+00 0.00000e+00 2.99490e-01 1.73729e-01 
2.32000e+02 0.00000e+00 0.00000e+00 2.99731e-01 1.74364e-01 
2.32500e+02 0.00000e+00 0.00000e+00 2.99981e-01 1.74998e-01 
2.33000e+02 0.00000e+00 0.00000e+00 3.00240e-01 1.75631e-01 
2.33500e+02 0.00000e+00 0.00000e+00 3.00510e-01 1.76263e-01 
2.34000e+02 0.00000e+00 0.00000e+00 3.00789e-01 1.76895e-01 
2.34500e+02 0.00000e+00 0.00000e+00 3.01077e-01 1.77527e-01 
2.35000e+02 0.00000e+00 0.00000e+00 3.01375e-01 1.78157e-01 
2.35500e+02 0.00000e+00 0.00000e+00 3.01681e-01 1.78787e-01 
2.36000e+02 0.00000e+00 0.00000e+00 3.01995e-01 1.79415e-01 
2.36500e+02 0.00000e+00 0.00000e+00 3.02316e-01 1.80042e-01 
2.37000e+02 0.00000e+00 0.00000e+00 3.02644e-01 1.80667e-01 
2.37500e+02 0.00000e+00 0.00000e+00 3.02978e-01 1.81290e-01 
2.38000e+02 0.00000e+00 0.00000e+00 3.03317e-01 1.81910e-01 
2.38500e+02 0.00000e+00 0.00000e+00 3.03661e-01 1.82528e-01 
2.39000e+02 0.00000e+00 0.00000e+00 3.04010e-01 1.83143e-01 
2.39500e+02 0.00000e+00 0.00000e+00 3.04362e-01 1.83754e-01 
2.40000e+02 0.00000e+00 0.00000e+00 3.04717e-01 1.84361e-01 
