0.00000e+00 0.00000e+00 0.00000e+00 0.00000e+00 0.00000e+00 
5.00000e-01 0.00000e+00 0.00000e+00 0.00000e+00 0.00000e+00 
1.00000e+00 0.00000e+00 0.00000e+00 0.00000e+00 0.00000e+00 
1.50000e+00 0.00000e+00 0.00000e+00 0.00000e+00 0.00000e+00 
2.00000e+00 0.00000e+00 0.00000e+00 0.00000e+00 0.00000e+00 
2.50000e+00 0.00000e+00 0.00000e+00 0.00000e+00 0.00000e+00 
3.00000e+00 0.00000e+00 0.00000e+00 0.00000e+00 0.00000e+00 
3.50000e+00 0.00000e+00 0.00000e+00 0.00000e+00 0.00000e+00 
4.00000e+00 0.00000e+00 0.00000e+00 0.00000e+00 0.00000e+00 
4.50000e+00 0.00000e+00 0.00000e+00 0.00000e+00 0.00000e+00 
5.00000e+00 0.00000e+00 0.00000e+00 0.00000e+00 0.00000e+00 
5.50000e+00 0.00000e+00 0.00000e+00 0.00000e+00 0.00000e+00 
6.00000e+00 0.00000e+00 0.00000e+00 0.00000e+00 0.00000e+00 
6.50000e+00 0.00000e+00 0.00000e+00 0.00000e+00 0.00000e+00 
7.00000e+00 0.00000e+00 0.00000e+00 0.00000e+00 0.00000e+00 
7.50000e+00 0.00000e+00 0.00000e+00 0.00000e+00 0.00000e+00 
8.00000e+00 0.00000e+00 0.00000e+00 0.00000e+00 0.00000e+00 
8.50000e+00 0.00000e+00 0.00000e+00 0.00000e+00 0.00000e+00 
9.00000e+00 0.00000e+00 0.00000e+00 0.00000e+00 0.00000e+00 
9.50000e+00 0.00000e+00 0.00000e+00 0.00000e+00 0.00000e+00 
1.00000e+01 0.00000e+00 0.00000e+00 0.00000e+00 0.00000e+00 
1.05000e+01 0.00000e+00 0.00000e+00 0.00000e+00 0.00000e+00 
1.10000e+01 0.00000e+00 0.00000e+00 0.00000e+00 0.00000e+00 
1.15000e+01 0.00000e+00 0.00000e+00 0.00000e+00 0.00000e+00 
1.20000e+01 0.00000e+00 0.00000e+00 0.00000e+00 0.00000e+00 
1.25000e+01 0.00000e+00 0.00000e+00 0.00000e+00 0.00000e+00 
1.30000e+01 0.00000e+00 0.00000e+00 0.00000e+00 0.00000e+00 
1.35000e+01 0.00000e+00 0.00000e+00 0.00000e+00 0.00000e+00 
1.40000e+01 0.00000e+00 0.00000e+00 0.00000e+00 0.00000e+00 
1.45000e+01 0.00000e+00 0.00000e+00 0.00000e+00 0.00000e+00 
1.50000e+01 0.00000e+00 0.00000e+00 0.00000e+00 0.00000e+00 
1.55000e+01 0.00000e+00 0.00000e+00 0.00000e+00 0.00000e+00 
1.60000e+01 0.00000e+00 0.00000e+00 0.00000e+00 0.00000e+00 
1.65000e+01 0.00000e+00 0.00000e+00 0.00000e+00 0.00000e+00 
1.70000e+01 0.00000e+00 0.00000e+00 0.00000e+00 0.00000e+00 
1.75000e+01 0.00000e+00 0.00000e+00 0.00000e+00 0.00000e+00 
1.80000e+01 0.00000e+00 0.00000e+00 0.00000e+00 0.00000e+00 
1.85000e+01 0.00000e+00 0.00000e+00 0.00000e+00 0.00000e+00 
1.90000e+01 0.00000e+00 0.00000e+00 0.00000e+00 0.00000e+00 
1.95000e+01 0.00000e+00 0.00000e+00 0.00000e+00 0.00000e+00 
2.00000e+01 0.00000e+00 0.00000e+00 0.00000e+00 0.00000e+00 
2.05000e+01 0.00000e+00 0.00000e+00 0.00000e+00 0.00000e+00 
2.10000e+01 0.00000e+00 0.00000e+00 0.00000e+00 0.00000e+00 
2.15000e+01 0.00000e+00 0.00000e+00 0.00000e+00 0.00000e+00 
2.20000e+01 0.00000e+00 0.00000e+00 0.00000e+00 0.00000e+00 
2.25000e+01 0.00000e+00 0.00000e+00 0.00000e+00 0.00000e+00 
2.30000e+01 0.00000e+00 0.00000e+00 0.00000e+00 0.00000e+00 
2.35000e+01 0.00000e+00 0.00000e+00 0.00000e+00 0.00000e+00 
2.40000e+01 0.00000e+00 0.00000e+00 0.00000e+00 0.00000e+00 
2.45000e+01 0.00000e+00 0.00000e+00 0.00000e+00 0.00000e+00 
2.50000e+01 0.00000e+00 0.00000e+00 0.00000e+00 0.00000e+00 
2.55000e+01 0.00000e+00 0.00000e+00 0.00000e+00 0.00000e+00 
2.60000e+01 0.00000e+00 0.00000e+00 0.00000e+00 0.00000e+00 
2.65000e+01 0.00000e+00 0.00000e+00 0.00000e+00 0.00000e+00 
2.70000e+01 0.00000e+00 0.00000e+00 0.00000e+00 0.00000e+00 
2.75000e+01 0.00000e+00 0.00000e+00 0.00000e+00 0.00000e+00 
2.80000e+01 0.00000e+00 0.00000e+00 0.00000e+00 0.00000e+00 
2.85000e+01 0.00000e+00 0.00000e+00 0.00000e+00 0.00000e+00 
2.90000e+01 0.00000e+00 0.00000e+00 0.00000e+00 0.00000e+00 
2.95000e+01 0.00000e+00 0.00000e+00 0.00000e+00 0.00000e+00 
3.00000e+01 0.00000e+00 0.00000e+00 0.00000e+00 0.00000e+00 
3.05000e+01 0.00000e+00 0.00000e+00 0.00000e+00 0.00000e+00 
3.10000e+01 0.00000e+00 0.00000e+00 0.00000e+00 0.00000e+00 
3.15000e+01 0.00000e+00 0.00000e+00 0.00000e+00 0.00000e+00 
3.20000e+01 0.00000e+00 0.00000e+00 0.00000e+00 0.00000e+00 
3.25000e+01 0.00000e+00 0.00000e+00 0.00000e+00 0.00000e+00 
3.30000e+01 0.00000e+00 0.00000e+00 0.00000e+00 0.00000e+00 
3.35000e+01 0.00000e+00 0.00000e+00 0.00000e+00 0.00000e+00 
3.40000e+01 0.00000e+00 0.00000e+00 0.00000e+00 0.00000e+00 
3.45000e+01 0.00000e+00 0.00000e+00 0.00000e+00 0.00000e+00 
3.50000e+01 0.00000e+00 0.00000e+00 0.00000e+00 0.00000e+00 
3.55000e+01 0.00000e+00 0.00000e+00 0.00000e+00 0.00000e+00 
3.60000e+01 0.00000e+00 0.00000e+00 0.00000e+00 0.00000e+00 
3.65000e+01 0.00000e+00 0.00000e+00 0.00000e+00 0.00000e+00 
3.70000e+01 0.00000e+00 0.00000e+00 0.00000e+00 0.00000e+00 
3.75000e+01 0.00000e+00 0.00000e+00 0.00000e+00 0.00000e+00 
3.80000e+01 0.00000e+00 0.00000e+00 0.00000e+00 0.00000e+00 
3.85000e+01 0.00000e+00 0.00000e+00 0.00000e+00 0.00000e+00 
3.90000e+01 0.00000e+00 0.00000e+00 0.00000e+00 0.00000e+00 
3.95000e+01 0.00000e+00 0.00000e+00 0.00000e+00 0.00000e+00 
4.00000e+01 0.00000e+00 0.00000e+00 0.00000e+00 0.00000e+00 
4.05000e+01 0.00000e+00 0.00000e+00 0.00000e+00 0.00000e+00 
4.10000e+01 0.00000e+00 0.00000e+00 0.00000e+00 0.00000e+00 
4.15000e+01 0.00000e+00 0.00000e+00 0.00000e+00 0.00000e+00 
4.20000e+01 0.00000e+00 0.00000e+00 0.00000e+00 0.00000e+00 
4.25000e+01 0.00000e+00 0.00000e+00 0.00000e+00 0.00000e+00 
4.30000e+01 0.00000e+00 0.00000e+00 0.00000e+00 0.00000e+00 
4.35000e+01 0.00000e+00 0.00000e+00 0.00000e+00 0.00000e+00 
4.40000e+01 0.00000e+00 0.00000e+00 0.00000e+00 0.00000e+00 
4.45000e+01 0.00000e+00 0.00000e+00 0.00000e+00 0.00000e+00 
4.50000e+01 0.00000e+00 0.00000e+00 0.00000e+00 0.00000e+00 
4.55000e+01 0.00000e+00 0.00000e+00 0.00000e+00 0.00000e+00 
4.60000e+01 0.00000e+00 0.00000e+00 0.00000e+00 0.00000e+00 
4.65000e+01 0.00000e+00 0.00000e+00 0.00000e+00 0.00000e+00 
4.70000e+01 0.00000e+00 0.00000e+00 0.00000e+00 0.00000e+00 
4.75000e+01 0.00000e+00 0.00000e+00 0.00000e+00 0.00000e+00 
4.80000e+01 0.00000e+00 0.00000e+00 0.00000e+00 0.00000e+00 
4.85000e+01 0.00000e+00 0.00000e+00 0.00000e+00 0.00000e+00 
4.90000e+01 0.00000e+00 0.00000e+00 0.00000e+00 0.00000e+00 
4.95000e+01 0.00000e+00 0.00000e+00 0.00000e+00 0.00000e+00 
5.00000e+01 0.00000e+00 0.00000e+00 0.00000e+00 0.00000e+00 
5.05000e+01 0.00000e+00 0.00000e+00 0.00000e+00 0.00000e+00 
5.10000e+01 0.00000e+00 0.00000e+00 0.00000e+00 0.00000e+00 
5.15000e+01 0.00000e+00 0.00000e+00 0.00000e+00 0.00000e+00 
5.20000e+01 0.00000e+00 0.00000e+00 0.00000e+00 0.00000e+00 
5.25000e+01 0.00000e+00 0.00000e+00 0.00000e+00 0.00000e+00 
5.30000e+01 0.00000e+00 0.00000e+00 0.00000e+00 0.00000e+00 
5.35000e+01 0.00000e+00 0.00000e+00 0.00000e+00 0.00000e+00 
5.40000e+01 0.00000e+00 0.00000e+00 0.00000e+00 0.00000e+00 
5.45000e+01 0.00000e+00 0.00000e+00 0.00000e+00 0.00000e+00 
5.50000e+01 0.00000e+00 0.00000e+00 0.00000e+00 0.00000e+00 
5.55000e+01 0.00000e+00 0.00000e+00 0.00000e+00 0.00000e+00 
5.60000e+01 0.00000e+00 0.00000e+00 0.00000e+00 0.00000e+00 
5.65000e+01 0.00000e+00 0.00000e+00 0.00000e+00 0.00000e+00 
5.70000e+01 0.00000e+00 0.00000e+00 0.00000e+00 0.00000e+00 
5.75000e+01 0.00000e+00 0.00000e+00 0.00000e+00 0.00000e+00 
5.80000e+01 0.00000e+00 0.00000e+00 0.00000e+00 0.00000e+00 
5.85000e+01 0.00000e+00 0.00000e+00 0.00000e+00 0.00000e+00 
5.90000e+01 0.00000e+00 0.00000e+00 0.00000e+00 0.00000e+00 
5.95000e+01 0.00000e+00 0.00000e+00 0.00000e+00 0.00000e+00 
6.00000e+01 0.00000e+00 0.00000e+00 0.00000e+00 0.00000e+00 
6.05000e+01 0.00000e+00 0.00000e+00 0.00000e+00 0.00000e+00 
6.10000e+01 0.00000e+00 0.00000e+00 0.00000e+00 0.00000e+00 
6.15000e+01 0.00000e+00 0.00000e+00 0.00000e+00 0.00000e+00 
6.20000e+01 0.00000e+00 0.00000e+00 0.00000e+00 0.00000e+00 
6.25000e+01 0.00000e+00 0.00000e+00 0.00000e+00 0.00000e+00 
6.30000e+01 0.00000e+00 0.00000e+00 0.00000e+00 0.00000e+00 
6.35000e+01 0.00000e+00 0.00000e+00 0.00000e+00 0.00000e+00 
6.40000e+01 0.00000e+00 0.00000e+00 0.00000e+00 0.00000e+00 
6.45000e+01 0.00000e+00 0.00000e+00 0.00000e+00 0.00000e+00 
6.50000e+01 0.00000e+00 0.00000e+00 0.00000e+00 0.00000e+00 
6.55000e+01 0.00000e+00 0.00000e+00 0.00000e+00 0.00000e+00 
6.60000e+01 0.00000e+00 0.00000e+00 0.00000e+00 0.00000e+00 
6.65000e+01 0.00000e+00 0.00000e+00 0.00000e+00 0.00000e+00 
6.70000e+01 0.00000e+00 0.00000e+00 0.00000e+00 0.00000e+00 
6.75000e+01 0.00000e+00 0.00000e+00 0.00000e+00 0.00000e+00 
6.80000e+01 0.00000e+00 0.00000e+00 0.00000e+00 0.00000e+00 
6.85000e+01 0.00000e+00 0.00000e+00 0.00000e+00 0.00000e+00 
6.90000e+01 0.00000e+00 0.00000e+00 0.00000e+00 0.00000e+00 
6.95000e+01 0.00000e+00 0.00000e+00 0.00000e+00 0.00000e+00 
7.00000e+01 0.00000e+00 0.00000e+00 0.00000e+00 0.00000e+00 
7.05000e+01 0.00000e+00 0.00000e+00 0.00000e+00 0.00000e+00 
7.10000e+01 0.00000e+00 0.00000e+00 0.00000e+00 0.00000e+00 
7.15000e+01 0.00000e+00 0.00000e+00 0.00000e+00 0.00000e+00 
7.20000e+01 0.00000e+00 0.00000e+00 0.00000e+00 0.00000e+00 
7.25000e+01 0.00000e+00 0.00000e+00 0.00000e+00 0.00000e+00 
7.30000e+01 0.00000e+00 0.00000e+00 0.00000e+00 0.00000e+00 
7.35000e+01 0.00000e+00 0.00000e+00 0.00000e+00 0.00000e+00 
7.40000e+01 0.00000e+00 0.00000e+00 0.00000e+00 0.00000e+00 
7.45000e+01 0.00000e+00 0.00000e+00 0.00000e+00 0.00000e+00 
7.50000e+01 0.00000e+00 0.00000e+00 0.00000e+00 0.00000e+00 
7.55000e+01 0.00000e+00 0.00000e+00 0.00000e+00 0.00000e+00 
7.60000e+01 0.00000e+00 0.00000e+00 0.00000e+00 0.00000e+00 
7.65000e+01 0.00000e+00 0.00000e+00 0.00000e+00 0.00000e+00 
7.70000e+01 0.00000e+00 0.00000e+00 0.00000e+00 0.00000e+00 
7.75000e+01 0.00000e+00 0.00000e+00 0.00000e+00 0.00000e+00 
7.80000e+01 0.00000e+00 0.00000e+00 0.00000e+00 0.00000e+00 
7.85000e+01 0.00000e+00 0.00000e+00 0.00000e+00 0.00000e+00 
7.90000e+01 0.00000e+00 0.00000e+00 0.00000e+00 0.00000e+00 
7.95000e+01 0.00000e+00 0.00000e+00 0.00000e+00 0.00000e+00 
8.00000e+01 0.00000e+00 0.00000e+00 0.00000e+00 0.00000e+00 
8.05000e+01 0.00000e+00 0.00000e+00 0.00000e+00 0.00000e+00 
8.10000e+01 0.00000e+00 0.00000e+00 0.00000e+00 0.00000e+00 
8.15000e+01 0.00000e+00 0.00000e+00 0.00000e+00 0.00000e+00 
8.20000e+01 0.00000e+00 0.00000e+00 0.00000e+00 0.00000e+00 
8.25000e+01 0.00000e+00 0.00000e+00 0.00000e+00 0.00000e+00 
8.30000e+01 0.00000e+00 0.00000e+00 0.00000e+00 0.00000e+00 
8.35000e+01 0.00000e+00 0.00000e+00 0.00000e+00 0.00000e+00 
8.40000e+01 0.00000e+00 0.00000e+00 0.00000e+00 0.00000e+00 
8.45000e+01 0.00000e+00 0.00000e+00 0.00000e+00 0.00000e+00 
8.50000e+01 0.00000e+00 0.00000e+00 0.00000e+00 0.00000e+00 
8.55000e+01 0.00000e+00 0.00000e+00 0.00000e+00 0.00000e+00 
8.60000e+01 0.00000e+00 0.00000e+00 0.00000e+00 0.00000e+00 
8.65000e+01 0.00000e+00 0.00000e+00 0.00000e+00 0.00000e+00 
8.70000e+01 0.00000e+00 0.00000e+00 0.00000e+00 0.00000e+00 
8.75000e+01 0.00000e+00 0.00000e+00 0.00000e+00 0.00000e+00 
8.80000e+01 0.00000e+00 0.00000e+00 0.00000e+00 0.00000e+00 
8.85000e+01 0.00000e+00 0.00000e+00 0.00000e+00 0.00000e+00 
8.90000e+01 0.00000e+00 0.00000e+00 0.00000e+00 0.00000e+00 
8.95000e+01 0.00000e+00 0.00000e+00 0.00000e+00 0.00000e+00 
9.00000e+01 0.00000e+00 0.00000e+00 0.00000e+00 0.00000e+00 
9.05000e+01 0.00000e+00 0.00000e+00 0.00000e+00 0.00000e+00 
9.10000e+01 0.00000e+00 0.00000e+00 0.00000e+00 0.00000e+00 
9.15000e+01 0.00000e+00 0.00000e+00 0.00000e+00 0.00000e+00 
9.20000e+01 0.00000e+00 0.00000e+00 0.00000e+00 0.00000e+00 
9.25000e+01 0.00000e+00 0.00000e+00 0.00000e+00 0.00000e+00 
9.30000e+01 0.00000e+00 0.00000e+00 0.00000e+00 0.00000e+00 
9.35000e+01 0.00000e+00 0.00000e+00 0.00000e+00 0.00000e+00 
9.40000e+01 0.00000e+00 0.00000e+00 0.00000e+00 0.00000e+00 
9.45000e+01 0.00000e+00 0.00000e+00 0.00000e+00 0.00000e+00 
9.50000e+01 0.00000e+00 0.00000e+00 2.41742e-271 0.00000e+00 
9.55000e+01 0.00000e+00 0.00000e+00 1.20897e-121 0.00000e+00 
9.60000e+01 0.00000e+00 0.00000e+00 1.94134e-49 0.00000e+00 
9.65000e+01 0.00000e+00 0.00000e+00 1.05708e-17 0.00000e+00 
9.70000e+01 0.00000e+00 0.00000e+00 2.56229e-05 0.00000e+00 
9.75000e+01 0.00000e+00 0.00000e+00 4.95933e-02 0.00000e+00 
9.80000e+01 0.00000e+00 0.00000e+00 7.28834e-02 0.00000e+00 
9.85000e+01 0.00000e+00 0.00000e+00 8.21956e-02 0.00000e+00 
9.90000e+01 0.00000e+00 0.00000e+00 8.87181e-02 0.00000e+00 
9.95000e+01 0.00000e+00 0.00000e+00 9.40229e-02 0.00000e+00 
1.00000e+02 0.00000e+00 0.00000e+00 9.86367e-02 0.00000e+00 
1.00500e+02 0.00000e+00 0.00000e+00 1.02809e-01 0.00000e+00 
1.01000e+02 0.00000e+00 0.00000e+00 1.06713e-01 0.00000e+00 
1.01500e+02 0.00000e+00 0.00000e+00 1.10475e-01 0.00000e+00 
1.02000e+02 0.00000e+00 0.00000e+00 1.14140e-01 0.00000e+00 
1.02500e+02 0.00000e+00 0.00000e+00 1.17676e-01 0.00000e+00 
1.03000e+02 0.00000e+00 0.00000e+00 1.21032e-01 0.00000e+00 
1.03500e+02 0.00000e+00 0.00000e+00 1.24189e-01 0.00000e+00 
1.04000e+02 0.00000e+00 0.00000e+00 1.27158e-01 0.00000e+00 
1.04500e+02 0.00000e+00 0.00000e+00 1.29950e-01 0.00000e+00 
1.05000e+02 0.00000e+00 0.00000e+00 1.32553e-01 0.00000e+00 
1.05500e+02 0.00000e+00 0.00000e+00 1.34952e-01 0.00000e+00 
1.06000e+02 0.00000e+00 0.00000e+00 1.37145e-01 0.00000e+00 
1.06500e+02 0.00000e+00 0.00000e+00 1.39156e-01 0.00000e+00 
1.07000e+02 0.00000e+00 0.00000e+00 1.41028e-01 0.00000e+00 
1.07500e+02 0.00000e+00 0.00000e+00 1.42809e-01 0.00000e+00 
1.08000e+02 0.00000e+00 0.00000e+00 1.44543e-01 0.00000e+00 
1.08500e+02 0.00000e+00 0.00000e+00 1.46250e-01 0.00000e+00 
1.09000e+02 0.00000e+00 0.00000e+00 1.47924e-01 0.00000e+00 
1.09500e+02 0.00000e+00 0.00000e+00 1.49548e-01 0.00000e+00 
1.10000e+02 0.00000e+00 0.00000e+00 1.51102e-01 0.00000e+00 
1.10500e+02 0.00000e+00 0.00000e+00 1.52580e-01 0.00000e+00 
1.11000e+02 0.00000e+00 0.00000e+00 1.53984e-01 0.00000e+00 
1.11500e+02 0.00000e+00 0.00000e+00 1.55331e-01 0.00000e+00 
1.12000e+02 0.00000e+00 0.00000e+00 1.56644e-01 0.00000e+00 
1.12500e+02 0.00000e+00 0.00000e+00 1.57942e-01 0.00000e+00 
1.13000e+02 0.00000e+00 0.00000e+00 1.59237e-01 0.00000e+00 
1.13500e+02 0.00000e+00 0.00000e+00 1.60521e-01 0.00000e+00 
1.14000e+02 0.00000e+00 0.00000e+00 1.61777e-01 0.00000e+00 
1.14500e+02 0.00000e+00 0.00000e+00 1.62989e-01 0.00000e+00 
1.15000e+02 2.94790e-204 0.00000e+00 1.64148e-01 0.00000e+00 
1.15500e+02 1.00448e-114 1.03135e-182 1.65253e-01 0.00000e+00 
1.16000e+02 7.90681e-63 1.06868e-99 1.66311e-01 0.00000e+00 
1.16500e+02 4.54918e-33 3.10659e-53 1.67329e-01 0.00000e+00 
1.17000e+02 3.40348e-16 9.56799e-28 1.68314e-01 0.00000e+00 
1.17500e+02 2.77226e-07 4.91448e-14 1.69272e-01 0.00000e+00 
1.18000e+02 2.69941e-03 7.99762e-07 1.70208e-01 0.00000e+00 
1.18500e+02 4.54318e-02 2.04573e-03 1.71125e-01 0.00000e+00 
1.19000e+02 6.70410e-02 3.50732e-02 1.72027e-01 0.00000e+00 
1.19500e+02 7.60204e-02 5.96069e-02 1.72912e-01 0.00000e+00 
1.20000e+02 8.20288e-02 6.75779e-02 1.73780e-01 0.00000e+00 
1.20500e+02 8.66148e-02 7.22298e-02 1.74632e-01 0.00000e+00 
1.21000e+02 9.02456e-02 7.58176e-02 1.75468e-01 0.00000e+00 
1.21500e+02 9.32142e-02 7.89306e-02 1.76287e-01 0.00000e+00 
1.22000e+02 9.57298e-02 8.17652e-02 1.77091e-01 0.00000e+00 
1.22500e+02 9.79312e-02 8.43864e-02 1.77881e-01 0.00000e+00 
1.23000e+02 9.99073e-02 8.68170e-02 1.78657e-01 0.00000e+00 
1.23500e+02 1.01715e-01 8.90722e-02 1.79419e-01 0.00000e+00 
1.24000e+02 1.03390e-01 9.11704e-02 1.80169e-01 0.00000e+00 
1.24500e+02 1.04958e-01 9.31327e-02 1.80907e-01 0.00000e+00 
1.25000e+02 1.06436e-01 9.49798e-02 1.81633e-01 0.00000e+00 
1.25500e+02 1.07835e-01 9.67295e-02 1.82350e-01 0.00000e+00 
1.26000e+02 1.09166e-01 9.83964e-02 1.83056e-01 0.00000e+00 
1.26500e+02 1.10437e-01 9.99922e-02 1.83754e-01 0.00000e+00 
1.27000e+02 1.11654e-01 1.01526e-01 1.84442e-01 0.00000e+00 
1.27500e+02 1.12825e-01 1.03007e-01 1.85123e-01 0.00000e+00 
1.28000e+02 1.13953e-01 1.04442e-01 1.85795e-01 0.00000e+00 
1.28500e+02 1.15045e-01 1.05837e-01 1.86460e-01 0.00000e+00 
1.29000e+02 1.16104e-01 1.07200e-01 1.87118e-01 0.00000e+00 
1.29500e+02 1.17137e-01 1.08537e-01 1.87768e-01 0.00000e+00 
1.30000e+02 1.18146e-01 1.09855e-01 1.88412e-01 0.00000e+00 
1.30500e+02 1.19136e-01 1.11164e-01 1.89050e-01 0.00000e+00 
1.31000e+02 1.20111e-01 1.12471e-01 1.89681e-01 0.00000e+00 
1.31500e+02 1.21075e-01 1.13786e-01 1.90306e-01 0.00000e+00 
1.32000e+02 1.22032e-01 1.15115e-01 1.90925e-01 0.00000e+00 
1.32500e+02 1.22985e-01 1.16463e-01 1.91539e-01 0.00000e+00 
1.33000e+02 1.23938e-01 1.17832e-01 1.92147e-01 0.00000e+00 
1.33500e+02 1.24895e-01 1.19218e-01 1.92749e-01 0.00000e+00 
1.34000e+02 1.25858e-01 1.20616e-01 1.93346e-01 0.00000e+00 
1.34500e+02 1.26832e-01 1.22018e-01 1.93938e-01 0.00000e+00 
1.35000e+02 1.27819e-01 1.23414e-01 1.94525e-01 0.00000e+00 
1.35500e+02 1.28823e-01 1.24795e-01 1.95107e-01 0.00000e+00 
1.36000e+02 1.29848e-01 1.26152e-01 1.95684e-01 0.00000e+00 
1.36500e+02 1.30895e-01 1.27477e-01 1.96256e-01 0.00000e+00 
1.37000e+02 1.31968e-01 1.28761e-01 1.96823e-01 0.00000e+00 
1.37500e+02 1.33068e-01 1.29999e-01 1.97386e-01 0.00000e+00 
1.38000e+02 1.34197e-01 1.31186e-01 1.97944e-01 0.00000e+00 
1.38500e+02 1.35355e-01 1.32320e-01 1.98497e-01 0.00000e+00 
1.39000e+02 1.36542e-01 1.33400e-01 1.99046e-01 0.00000e+00 
1.39500e+02 1.37756e-01 1.34428e-01 1.99591e-01 0.00000e+00 
1.40000e+02 1.38996e-01 1.35409e-01 2.00132e-01 0.00000e+00 
1.40500e+02 1.40259e-01 1.36346e-01 2.00668e-01 0.00000e+00 
1.41000e+02 1.41541e-01 1.37245e-01 2.01200e-01 0.00000e+00 
1.41500e+02 1.42839e-01 1.38111e-01 2.01728e-01 0.00000e+00 
1.42000e+02 1.44147e-01 1.38950e-01 2.02252e-01 0.00000e+00 
1.42500e+02 1.45461e-01 1.39766e-01 2.02771e-01 0.00000e+00 
1.43000e+02 1.46778e-01 1.40563e-01 2.03287e-01 0.00000e+00 
1.43500e+02 1.48091e-01 1.41347e-01 2.03799e-01 0.00000e+00 
1.44000e+02 1.49399e-01 1.42119e-01 2.04308e-01 0.00000e+00 
1.44500e+02 1.50696e-01 1.42883e-01 2.04812e-01 0.00000e+00 
1.45000e+02 1.51981e-01 1.43639e-01 2.05313e-01 0.00000e+00 
1.45500e+02 1.53250e-01 1.44390e-01 2.05810e-01 0.00000e+00 
1.46000e+02 1.54500e-01 1.45134e-01 2.06303e-01 0.00000e+00 
1.46500e+02 1.55731e-01 1.45873e-01 2.06793e-01 0.00000e+00 
1.47000e+02 1.56941e-01 1.46606e-01 2.07279e-01 0.00000e+00 
1.47500e+02 1.58129e-01 1.47333e-01 2.07762e-01 0.00000e+00 
1.48000e+02 1.59294e-01 1.48054e-01 2.08242e-01 0.00000e+00 
1.48500e+02 1.60436e-01 1.48768e-01 2.08718e-01 0.00000e+00 
1.49000e+02 1.61555e-01 1.49474e-01 2.09191e-01 0.00000e+00 
1.49500e+02 1.62651e-01 1.50172e-01 2.09661e-01 0.00000e+00 
1.50000e+02 1.63724e-01 1.50861e-01 2.10128e-01 0.00000e+00 
1.50500e+02 1.64776e-01 1.51540e-01 2.10592e-01 0.00000e+00 
1.51000e+02 1.65806e-01 1.52208e-01 2.11053e-01 0.00000e+00 
1.51500e+02 1.66814e-01 1.52865e-01 2.11511e-01 0.00000e+00 
1.52000e+02 1.67803e-01 1.53511e-01 2.11966e-01 0.00000e+00 
1.52500e+02 1.68771e-01 1.54145e-01 2.12418e-01 0.00000e+00 
1.53000e+02 1.69720e-01 1.54768e-01 2.12868e-01 0.00000e+00 
1.53500e+02 1.70651e-01 1.55380e-01 2.13315e-01 0.00000e+00 
1.54000e+02 1.71563e-01 1.55982e-01 2.13759e-01 0.00000e+00 
1.54500e+02 1.72457e-01 1.56574e-01 2.14200e-01 0.00000e+00 
1.55000e+02 1.73334e-01 1.57156e-01 2.14639e-01 0.00000e+00 
1.55500e+02 1.74194e-01 1.57730e-01 2.15075e-01 0.00000e+00 
1.56000e+02 1.75037e-01 1.58295e-01 2.15509e-01 0.00000e+00 
1.56500e+02 1.75865e-01 1.58852e-01 2.15940e-01 0.00000e+00 
1.57000e+02 1.76678e-01 1.59402e-01 2.16369e-01 0.00000e+00 
1.57500e+02 1.77476e-01 1.59943e-01 2.16796e-01 0.00000e+00 
1.58000e+02 1.78261e-01 1.60476e-01 2.17220e-01 0.00000e+00 
1.58500e+02 1.79032e-01 1.61001e-01 2.17642e-01 0.00000e+00 
1.59000e+02 1.79792e-01 1.61517e-01 2.18061e-01 0.00000e+00 
1.59500e+02 1.80541e-01 1.62024e-01 2.18479e-01 0.00000e+00 
1.60000e+02 1.81280e-01 1.62523e-01 2.18894e-01 0.00000e+00 
1.60500e+02 1.82011e-01 1.63014e-01 2.19306e-01 0.00000e+00 
1.61000e+02 1.82734e-01 1.63496e-01 2.19717e-01 0.00000e+00 
1.61500e+02 1.83451e-01 1.63970e-01 2.20125e-01 0.00000e+00 
1.62000e+02 1.84161e-01 1.64437e-01 2.20532e-01 0.00000e+00 
1.62500e+02 1.84867e-01 1.64896e-01 2.20936e-01 0.00000e+00 
1.63000e+02 1.85567e-01 1.65348e-01 2.21338e-01 0.00000e+00 
1.63500e+02 1.86264e-01 1.65794e-01 2.21738e-01 0.00000e+00 
1.64000e+02 1.86956e-01 1.66234e-01 2.22136e-01 0.00000e+00 
1.64500e+02 1.87645e-01 1.66668e-01 2.22532e-01 0.00000e+00 
1.65000e+02 1.88329e-01 1.67096e-01 2.22926e-01 0.00000e+00 
1.65500e+02 1.89009e-01 1.67520e-01 2.23317e-01 0.00000e+00 
1.66000e+02 1.89683e-01 1.67938e-01 2.23707e-01 0.00000e+00 
1.66500e+02 1.90353e-01 1.68351e-01 2.24095e-01 0.00000e+00 
1.67000e+02 1.91017e-01 1.68760e-01 2.24482e-01 0.00000e+00 
1.67500e+02 1.91675e-01 1.69164e-01 2.24866e-01 0.00000e+00 
1.68000e+02 1.92327e-01 1.69563e-01 2.25248e-01 0.00000e+00 
1.68500e+02 1.92972e-01 1.69958e-01 2.25628e-01 0.00000e+00 
1.69000e+02 1.93610e-01 1.70348e-01 2.26007e-01 0.00000e+00 
1.69500e+02 1.94240e-01 1.70734e-01 2.26384e-01 0.00000e+00 
1.70000e+02 1.94863e-01 1.71115e-01 2.26759e-01 0.00000e+00 
1.70500e+02 1.95478e-01 1.71492e-01 2.27132e-01 0.00000e+00 
1.71000e+02 1.96085e-01 1.71865e-01 2.27503e-01 0.00000e+00 
1.71500e+02 1.96685e-01 1.72233e-01 2.27873e-01 0.00000e+00 
1.72000e+02 1.97277e-01 1.72598e-01 2.28241e-01 0.00000e+00 
1.72500e+02 1.97862e-01 1.72958e-01 2.28607e-01 0.00000e+00 
1.73000e+02 1.98440e-01 1.73314e-01 2.28972e-01 0.00000e+00 
1.73500e+02 1.99011e-01 1.73667e-01 2.29335e-01 0.00000e+00 
1.74000e+02 1.99574e-01 1.74015e-01 2.29696e-01 0.00000e+00 
1.74500e+02 2.00132e-01 1.74360e-01 2.30056e-01 0.00000e+00 
1.75000e+02 2.00683e-01 1.74701e-01 2.30414e-01 0.00000e+00 
1.75500e+02 2.01228e-01 1.75038e-01 2.30770e-01 0.00000e+00 
1.76000e+02 2.01768e-01 1.75372e-01 2.31125e-01 0.00000e+00 
1.76500e+02 2.02303e-01 1.75703e-01 2.31479e-01 0.00000e+00 
1.77000e+02 2.02832e-01 1.76030e-01 2.31831e-01 0.00000e+00 
1.77500e+02 2.03357e-01 1.76353e-01 2.32181e-01 0.00000e+00 
1.78000e+02 2.03877e-01 1.76674e-01 2.32530e-01 0.00000e+00 
1.78500e+02 2.04393e-01 1.76991e-01 2.32877e-01 0.00000e+00 
1.79000e+02 2.04905e-01 1.77305e-01 2.33223e-01 0.00000e+00 
1.79500e+02 2.05413e-01 1.77615e-01 2.33567e-01 0.00000e+00 
1.80000e+02 2.05918e-01 1.77923e-01 2.33910e-01 0.00000e+00 
1.80500e+02 2.06419e-01 1.78227e-01 2.34252e-01 0.00000e+00 
1.81000e+02 2.06916e-01 1.78529e-01 2.34592e-01 0.00000e+00 
1.81500e+02 2.07410e-01 1.78827e-01 2.34931e-01 0.00000e+00 
1.82000e+02 2.07901e-01 1.79122e-01 2.35268e-01 0.00000e+00 
1.82500e+02 2.08388e-01 1.79415e-01 2.35604e-01 0.00000e+00 
1.83000e+02 2.08872e-01 1.79704e-01 2.35938e-01 0.00000e+00 
1.83500e+02 2.09354e-01 1.79991e-01 2.36272e-01 0.00000e+00 
1.84000e+02 2.09832e-01 1.80275e-01 2.36603e-01 0.00000e+00 
1.84500e+02 2.10307e-01 1.80556e-01 2.36934e-01 0.00000e+00 
1.85000e+02 2.10780e-01 1.80835e-01 2.37263e-01 0.00000e+00 
1.85500e+02 2.11249e-01 1.81111e-01 2.37591e-01 0.00000e+00 
1.86000e+02 2.11716e-01 1.81385e-01 2.37917e-01 0.00000e+00 
1.86500e+02 2.12179e-01 1.81656e-01 2.38242e-01 0.00000e+00 
1.87000e+02 2.12640e-01 1.81924e-01 2.38566e-01 0.00000e+00 
1.87500e+02 2.13097e-01 1.82190e-01 2.38889e-01 0.00000e+00 
1.88000e+02 2.13552e-01 1.82454e-01 2.39210e-01 0.00000e+00 
1.88500e+02 2.14004e-01 1.82715e-01 2.39530e-01 0.00000e+00 
1.89000e+02 2.14453e-01 1.82974e-01 2.39849e-01 0.00000e+00 
1.89500e+02 2.14899e-01 1.83230e-01 2.40166e-01 0.00000e+00 
1.90000e+02 2.15342e-01 1.83484e-01 2.40482e-01 0.00000e+00 
1.90500e+02 2.15782e-01 1.83735e-01 2.40797e-01 0.00000e+00 
1.91000e+02 2.16219e-01 1.83984e-01 2.41111e-01 0.00000e+00 
1.91500e+02 2.16653e-01 1.84230e-01 2.41424e-01 0.00000e+00 
1.92000e+02 2.17085e-01 1.84474e-01 2.41735e-01 0.00000e+00 
1.92500e+02 2.17513e-01 1.84715e-01 2.42045e-01 0.00000e+00 
1.93000e+02 2.17939e-01 1.84953e-01 2.42354e-01 0.00000e+00 
1.93500e+02 2.18361e-01 1.85189e-01 2.42662e-01 0.00000e+00 
1.94000e+02 2.18781e-01 1.85421e-01 2.42969e-01 0.00000e+00 
1.94500e+02 2.19198e-01 1.85652e-01 2.43274e-01 0.00000e+00 
1.95000e+02 2.19612e-01 1.85879e-01 2.43579e-01 0.00000e+00 
1.95500e+02 2.20023e-01 1.86103e-01 2.43882e-01 0.00000e+00 
1.96000e+02 2.20431e-01 1.86325e-01 2.44184e-01 0.00000e+00 
1.96500e+02 2.20837e-01 1.86544e-01 2.44485e-01 0.00000e+00 
1.97000e+02 2.21240e-01 1.86760e-01 2.44785e-01 0.00000e+00 
1.97500e+02 2.21640e-01 1.86974e-01 2.45084e-01 0.00000e+00 
1.98000e+02 2.22038e-01 1.87184e-01 2.45382e-01 0.00000e+00 
1.98500e+02 2.22433e-01 1.87392e-01 2.45678e-01 0.00000e+00 
1.99000e+02 2.22826e-01 1.87597e-01 2.45974e-01 0.00000e+00 
1.99500e+02 2.23216e-01 1.87799e-01 2.46269e-01 0.00000e+00 
2.00000e+02 2.23603e-01 1.87999e-01 2.46562e-01 0.00000e+00 
2.00500e+02 2.23988e-01 1.88196e-01 2.46855e-01 0.00000e+00 
2.01000e+02 2.24371e-01 1.88390e-01 2.47147e-01 0.00000e+00 
2.01500e+02 2.24752e-01 1.88582e-01 2.47437e-01 0.00000e+00 
2.02000e+02 2.25130e-01 1.88771e-01 2.47727e-01 0.00000e+00 
2.02500e+02 2.25506e-01 1.88958e-01 2.48016e-01 0.00000e+00 
2.03000e+02 2.25880e-01 1.89142e-01 2.48304e-01 0.00000e+00 
2.03500e+02 2.26251e-01 1.89324e-01 2.48590e-01 0.00000e+00 
2.04000e+02 2.26621e-01 1.89504e-01 2.48876e-01 0.00000e+00 
2.04500e+02 2.26988e-01 1.89682e-01 2.49161e-01 0.00000e+00 
2.05000e+02 2.27354e-01 1.89857e-01 2.49446e-01 0.00000e+00 
2.05500e+02 2.27717e-01 1.90031e-01 2.49729e-01 0.00000e+00 
2.06000e+02 2.28079e-01 1.90202e-01 2.50011e-01 0.00000e+00 
2.06500e+02 2.28439e-01 1.90372e-01 2.50293e-01 0.00000e+00 
2.07000e+02 2.28797e-01 1.90540e-01 2.50573e-01 0.00000e+00 
2.07500e+02 2.29153e-01 1.90707e-01 2.50853e-01 0.00000e+00 
2.08000e+02 2.29507e-01 1.90872e-01 2.51132e-01 0.00000e+00 
2.08500e+02 2.29860e-01 1.91035e-01 2.51411e-01 0.00000e+00 
2.09000e+02 2.30211e-01 1.91198e-01 2.51688e-01 0.00000e+00 
2.09500e+02 2.30561e-01 1.91358e-01 2.51965e-01 0.00000e+00 
2.10000e+02 2.30908e-01 1.91518e-01 2.52240e-01 0.00000e+00 
2.10500e+02 2.31255e-01 1.91677e-01 2.52516e-01 0.00000e+00 
2.11000e+02 2.31599e-01 1.91834e-01 2.52790e-01 0.00000e+00 
2.11500e+02 2.31942e-01 1.91990e-01 2.53063e-01 0.00000e+00 
2.12000e+02 2.32284e-01 1.92145e-01 2.53336e-01 0.00000e+00 
2.12500e+02 2.32624e-01 1.92299e-01 2.53608e-01 0.00000e+00 
2.13000e+02 2.32963e-01 1.92452e-01 2.53880e-01 0.00000e+00 
2.13500e+02 2.33300e-01 1.92603e-01 2.54150e-01 0.00000e+00 
2.14000e+02 2.33636e-01 1.92754e-01 2.54420e-01 0.00000e+00 
2.14500e+02 2.33971e-01 1.92903e-01 2.54690e-01 0.00000e+00 
2.15000e+02 2.34304e-01 1.93051e-01 2.54958e-01 0.00000e+00 
2.15500e+02 2.34636e-01 1.93197e-01 2.55226e-01 0.00000e+00 
2.16000e+02 2.34967e-01 1.93342e-01 2.55493e-01 0.00000e+00 
2.16500e+02 2.35297e-01 1.93486e-01 2.55760e-01 0.00000e+00 
2.17000e+02 2.35625e-01 1.93628e-01 2.56026e-01 0.00000e+00 
2.17500e+02 2.35952e-01 1.93768e-01 2.56291e-01 0.00000e+00 
2.18000e+02 2.36278e-01 1.93907e-01 2.56556e-01 0.00000e+00 
2.18500e+02 2.36602e-01 1.94044e-01 2.56820e-01 0.00000e+00 
2.19000e+02 2.36926e-01 1.94180e-01 2.57083e-01 0.00000e+00 
2.19500e+02 2.37248e-01 1.94313e-01 2.57345e-01 0.00000e+00 
2.20000e+02 2.37570e-01 1.94445e-01 2.57607e-01 0.00000e+00 
2.20500e+02 2.37890e-01 1.94576e-01 2.57869e-01 0.00000e+00 
2.21000e+02 2.38209e-01 1.94704e-01 2.58129e-01 0.00000e+00 
2.21500e+02 2.38527e-01 1.94831e-01 2.58389e-01 0.00000e+00 
2.22000e+02 2.38844e-01 1.94956e-01 2.58649e-01 0.00000e+00 
2.22500e+02 2.39160e-01 1.95080e-01 2.58908e-01 0.00000e+00 
2.23000e+02 2.39475e-01 1.95202e-01 2.59166e-01 0.00000e+00 
2.23500e+02 2.39790e-01 1.95322e-01 2.59423e-01 0.00000e+00 
2.24000e+02 2.40103e-01 1.95441e-01 2.59680e-01 0.00000e+00 
2.24500e+02 2.40416e-01 1.95558e-01 2.59936e-01 0.00000e+00 
2.25000e+02 2.40727e-01 1.95674e-01 2.60192e-01 0.00000e+00 
2.25500e+02 2.41038e-01 1.95788e-01 2.60447e-01 0.00000e+00 
2.26000e+02 2.41348e-01 1.95901e-01 2.60701e-01 0.00000e+00 
2.26500e+02 2.41658e-01 1.96013e-01 2.60955e-01 0.00000e+00 
2.27000e+02 2.41967e-01 1.96124e-01 2.61208e-01 0.00000e+00 
2.27500e+02 2.42274e-01 1.96233e-01 2.61460e-01 0.00000e+00 
2.28000e+02 2.42582e-01 1.96341e-01 2.61712e-01 0.00000e+00 
2.28500e+02 2.42888e-01 1.96448e-01 2.61963e-01 0.00000e+00 
2.29000e+02 2.43195e-01 1.96555e-01 2.62213e-01 0.00000e+00 
2.29500e+02 2.43500e-01 1.96660e-01 2.62463e-01 0.00000e+00 
2.30000e+02 2.43805e-01 1.96764e-01 2.62712e-01 0.00000e+00 
2.30500e+02 2.44109e-01 1.96868e-01 2.62961e-01 0.00000e+00 
2.31000e+02 2.44413e-01 1.96970e-01 2.63208e-01 0.00000e+00 
2.31500e+02 2.44716e-01 1.97072e-01 2.63455e-01 0.00000e+00 
2.32000e+02 2.45019e-01 1.97174e-01 2.63702e-01 0.00000e+00 
2.32500e+02 2.45321e-01 1.97274e-01 2.63947e-01 0.00000e+00 
2.33000e+02 2.45623e-01 1.97374e-01 2.64192e-01 0.00000e+00 
2.33500e+02 2.45924e-01 1.97474e-01 2.64437e-01 0.00000e+00 
2.34000e+02 2.46224e-01 1.97573e-01 2.64680e-01 0.00000e+00 
2.34500e+02 2.46524e-01 1.97671e-01 2.64923e-01 0.00000e+00 
2.35000e+02 2.46823e-01 1.97769e-01 2.65166e-01 0.00000e+00 
2.35500e+02 2.47122e-01 1.97867e-01 2.65407e-01 0.00000e+00 
2.36000e+02 2.47420e-01 1.97964e-01 2.65648e-01 0.00000e+00 
2.36500e+02 2.47718e-01 1.98061e-01 2.65888e-01 0.00000e+00 
2.37000e+02 2.48015e-01 1.98157e-01 2.66127e-01 0.00000e+00 
2.37500e+02 2.48311e-01 1.98253e-01 2.66366e-01 0.00000e+00 
2.38000e+02 2.48607e-01 1.98349e-01 2.66604e-01 0.00000e+00 
2.38500e+02 2.48901e-01 1.98445e-01 2.66841e-01 0.00000e+00 
2.39000e+02 2.49195e-01 1.98540e-01 2.67078e-01 0.00000e+00 
2.39500e+02 2.49489e-01 1.98636e-01 2.67313e-01 0.00000e+00 
2.40000e+02 2.49781e-01 1.98731e-01 2.67548e-01 0.00000e+00 
