0.00000e+00 0.00000e+00 0.00000e+00 0.00000e+00 0.00000e+00 
5.00000e-01 0.00000e+00 0.00000e+00 0.00000e+00 0.00000e+00 
1.00000e+00 0.00000e+00 0.00000e+00 0.00000e+00 0.00000e+00 
1.50000e+00 0.00000e+00 0.00000e+00 0.00000e+00 0.00000e+00 
2.00000e+00 0.00000e+00 0.00000e+00 0.00000e+00 0.00000e+00 
2.50000e+00 0.00000e+00 0.00000e+00 0.00000e+00 0.00000e+00 
3.00000e+00 0.00000e+00 0.00000e+00 0.00000e+00 0.00000e+00 
3.50000e+00 0.00000e+00 0.00000e+00 0.00000e+00 0.00000e+00 
4.00000e+00 0.00000e+00 0.00000e+00 0.00000e+00 0.00000e+00 
4.50000e+00 0.00000e+00 0.00000e+00 0.00000e+00 0.00000e+00 
5.00000e+00 0.00000e+00 0.00000e+00 0.00000e+00 0.00000e+00 
5.50000e+00 0.00000e+00 0.00000e+00 0.00000e+00 0.00000e+00 
6.00000e+00 0.00000e+00 0.00000e+00 0.00000e+00 0.00000e+00 
6.50000e+00 0.00000e+00 0.00000e+00 0.00000e+00 0.00000e+00 
7.00000e+00 0.00000e+00 0.00000e+00 0.00000e+00 0.00000e+00 
7.50000e+00 0.00000e+00 0.00000e+00 0.00000e+00 0.00000e+00 
8.00000e+00 0.00000e+00 0.00000e+00 0.00000e+00 0.00000e+00 
8.50000e+00 0.00000e+00 0.00000e+00 0.00000e+00 0.00000e+00 
9.00000e+00 0.00000e+00 0.00000e+00 0.00000e+00 0.00000e+00 
9.50000e+00 0.00000e+00 0.00000e+00 0.00000e+00 0.00000e+00 
1.00000e+01 0.00000e+00 0.00000e+00 0.00000e+00 0.00000e+00 
1.05000e+01 0.00000e+00 0.00000e+00 0.00000e+00 0.00000e+00 
1.10000e+01 0.00000e+00 0.00000e+00 0.00000e+00 0.00000e+00 
1.15000e+01 0.00000e+00 0.00000e+00 0.00000e+00 0.00000e+00 
1.20000e+01 0.00000e+00 0.00000e+00 0.00000e+00 0.00000e+00 
1.25000e+01 0.00000e+00 0.00000e+00 0.00000e+00 0.00000e+00 
1.30000e+01 0.00000e+00 0.00000e+00 0.00000e+00 0.00000e+00 
1.35000e+01 0.00000e+00 0.00000e+00 0.00000e+00 0.00000e+00 
1.40000e+01 0.00000e+00 0.00000e+00 0.00000e+00 0.00000e+00 
1.45000e+01 0.00000e+00 0.00000e+00 0.00000e+00 0.00000e+00 
1.50000e+01 0.00000e+00 0.00000e+00 0.00000e+00 0.00000e+00 
1.55000e+01 0.00000e+00 0.00000e+00 0.00000e+00 0.00000e+00 
1.60000e+01 0.00000e+00 0.00000e+00 0.00000e+00 0.00000e+00 
1.65000e+01 0.00000e+00 0.00000e+00 0.00000e+00 0.00000e+00 
1.70000e+01 0.00000e+00 0.00000e+00 0.00000e+00 0.00000e+00 
1.75000e+01 0.00000e+00 0.00000e+00 0.00000e+00 0.00000e+00 
1.80000e+01 0.00000e+00 0.00000e+00 0.00000e+00 0.00000e+00 
1.85000e+01 0.00000e+00 0.00000e+00 0.00000e+00 0.00000e+00 
1.90000e+01 0.00000e+00 0.00000e+00 0.00000e+00 0.00000e+00 
1.95000e+01 0.00000e+00 0.00000e+00 0.00000e+00 0.00000e+00 
2.00000e+01 0.00000e+00 0.00000e+00 0.00000e+00 0.00000e+00 
2.05000e+01 0.00000e+00 0.00000e+00 0.00000e+00 0.00000e+00 
2.10000e+01 0.00000e+00 0.00000e+00 0.00000e+00 0.00000e+00 
2.15000e+01 0.00000e+00 0.00000e+00 0.00000e+00 0.00000e+00 
2.20000e+01 0.00000e+00 0.00000e+00 0.00000e+00 0.00000e+00 
2.25000e+01 0.00000e+00 0.00000e+00 0.00000e+00 0.00000e+00 
2.30000e+01 0.00000e+00 0.00000e+00 0.00000e+00 0.00000e+00 
2.35000e+01 0.00000e+00 0.00000e+00 0.00000e+00 0.00000e+00 
2.40000e+01 0.00000e+00 0.00000e+00 0.00000e+00 0.00000e+00 
2.45000e+01 0.00000e+00 0.00000e+00 0.00000e+00 0.00000e+00 
2.50000e+01 0.00000e+00 0.00000e+00 0.00000e+00 0.00000e+00 
2.55000e+01 0.00000e+00 0.00000e+00 0.00000e+00 0.00000e+00 
2.60000e+01 0.00000e+00 0.00000e+00 0.00000e+00 0.00000e+00 
2.65000e+01 0.00000e+00 0.00000e+00 0.00000e+00 0.00000e+00 
2.70000e+01 0.00000e+00 0.00000e+00 0.00000e+00 0.00000e+00 
2.75000e+01 0.00000e+00 0.00000e+00 0.00000e+00 0.00000e+00 
2.80000e+01 0.00000e+00 0.00000e+00 0.00000e+00 0.00000e+00 
2.85000e+01 0.00000e+00 0.00000e+00 0.00000e+00 0.00000e+00 
2.90000e+01 0.00000e+00 0.00000e+00 0.00000e+00 0.00000e+00 
2.95000e+01 0.00000e+00 0.00000e+00 0.00000e+00 0.00000e+00 
3.00000e+01 0.00000e+00 0.00000e+00 0.00000e+00 0.00000e+00 
3.05000e+01 0.00000e+00 0.00000e+00 0.00000e+00 0.00000e+00 
3.10000e+01 0.00000e+00 0.00000e+00 0.00000e+00 0.00000e+00 
3.15000e+01 0.00000e+00 0.00000e+00 0.00000e+00 0.00000e+00 
3.20000e+01 0.00000e+00 0.00000e+00 0.00000e+00 0.00000e+00 
3.25000e+01 0.00000e+00 0.00000e+00 0.00000e+00 0.00000e+00 
3.30000e+01 0.00000e+00 0.00000e+00 0.00000e+00 0.00000e+00 
3.35000e+01 0.00000e+00 0.00000e+00 0.00000e+00 0.00000e+00 
3.40000e+01 0.00000e+00 0.00000e+00 0.00000e+00 0.00000e+00 
3.45000e+01 0.00000e+00 0.00000e+00 0.00000e+00 0.00000e+00 
3.50000e+01 0.00000e+00 0.00000e+00 0.00000e+00 0.00000e+00 
3.55000e+01 0.00000e+00 0.00000e+00 0.00000e+00 0.00000e+00 
3.60000e+01 0.00000e+00 0.00000e+00 0.00000e+00 0.00000e+00 
3.65000e+01 0.00000e+00 0.00000e+00 0.00000e+00 0.00000e+00 
3.70000e+01 0.00000e+00 0.00000e+00 0.00000e+00 0.00000e+00 
3.75000e+01 0.00000e+00 0.00000e+00 0.00000e+00 0.00000e+00 
3.80000e+01 0.00000e+00 0.00000e+00 0.00000e+00 0.00000e+00 
3.85000e+01 0.00000e+00 0.00000e+00 0.00000e+00 0.00000e+00 
3.90000e+01 0.00000e+00 0.00000e+00 0.00000e+00 0.00000e+00 
3.95000e+01 0.00000e+00 0.00000e+00 0.00000e+00 0.00000e+00 
4.00000e+01 0.00000e+00 0.00000e+00 0.00000e+00 0.00000e+00 
4.05000e+01 0.00000e+00 0.00000e+00 0.00000e+00 0.00000e+00 
4.10000e+01 0.00000e+00 0.00000e+00 0.00000e+00 0.00000e+00 
4.15000e+01 0.00000e+00 0.00000e+00 0.00000e+00 0.00000e+00 
4.20000e+01 0.00000e+00 0.00000e+00 0.00000e+00 0.00000e+00 
4.25000e+01 0.00000e+00 0.00000e+00 0.00000e+00 0.00000e+00 
4.30000e+01 0.00000e+00 0.00000e+00 0.00000e+00 0.00000e+00 
4.35000e+01 0.00000e+00 0.00000e+00 0.00000e+00 0.00000e+00 
4.40000e+01 0.00000e+00 0.00000e+00 0.00000e+00 0.00000e+00 
4.45000e+01 0.00000e+00 0.00000e+00 0.00000e+00 0.00000e+00 
4.50000e+01 0.00000e+00 0.00000e+00 0.00000e+00 0.00000e+00 
4.55000e+01 0.00000e+00 0.00000e+00 0.00000e+00 0.00000e+00 
4.60000e+01 0.00000e+00 0.00000e+00 0.00000e+00 0.00000e+00 
4.65000e+01 0.00000e+00 0.00000e+00 0.00000e+00 0.00000e+00 
4.70000e+01 0.00000e+00 0.00000e+00 0.00000e+00 0.00000e+00 
4.75000e+01 0.00000e+00 0.00000e+00 0.00000e+00 0.00000e+00 
4.80000e+01 0.00000e+00 0.00000e+00 0.00000e+00 0.00000e+00 
4.85000e+01 0.00000e+00 0.00000e+00 0.00000e+00 0.00000e+00 
4.90000e+01 0.00000e+00 0.00000e+00 0.00000e+00 0.00000e+00 
4.95000e+01 0.00000e+00 0.00000e+00 0.00000e+00 0.00000e+00 
5.00000e+01 0.00000e+00 0.00000e+00 0.00000e+00 0.00000e+00 
5.05000e+01 0.00000e+00 0.00000e+00 0.00000e+00 0.00000e+00 
5.10000e+01 0.00000e+00 0.00000e+00 0.00000e+00 0.00000e+00 
5.15000e+01 0.00000e+00 0.00000e+00 0.00000e+00 0.00000e+00 
5.20000e+01 0.00000e+00 0.00000e+00 0.00000e+00 0.00000e+00 
5.25000e+01 0.00000e+00 0.00000e+00 0.00000e+00 0.00000e+00 
5.30000e+01 0.00000e+00 0.00000e+00 0.00000e+00 0.00000e+00 
5.35000e+01 0.00000e+00 0.00000e+00 0.00000e+00 0.00000e+00 
5.40000e+01 0.00000e+00 0.00000e+00 0.00000e+00 0.00000e+00 
5.45000e+01 0.00000e+00 0.00000e+00 0.00000e+00 0.00000e+00 
5.50000e+01 0.00000e+00 0.00000e+00 0.00000e+00 0.00000e+00 
5.55000e+01 0.00000e+00 0.00000e+00 0.00000e+00 0.00000e+00 
5.60000e+01 0.00000e+00 0.00000e+00 0.00000e+00 0.00000e+00 
5.65000e+01 0.00000e+00 0.00000e+00 0.00000e+00 0.00000e+00 
5.70000e+01 0.00000e+00 0.00000e+00 0.00000e+00 0.00000e+00 
5.75000e+01 0.00000e+00 0.00000e+00 0.00000e+00 0.00000e+00 
5.80000e+01 0.00000e+00 0.00000e+00 0.00000e+00 0.00000e+00 
5.85000e+01 0.00000e+00 0.00000e+00 0.00000e+00 0.00000e+00 
5.90000e+01 0.00000e+00 0.00000e+00 0.00000e+00 0.00000e+00 
5.95000e+01 0.00000e+00 0.00000e+00 0.00000e+00 0.00000e+00 
6.00000e+01 0.00000e+00 0.00000e+00 0.00000e+00 0.00000e+00 
6.05000e+01 0.00000e+00 0.00000e+00 0.00000e+00 0.00000e+00 
6.10000e+01 0.00000e+00 0.00000e+00 0.00000e+00 0.00000e+00 
6.15000e+01 0.00000e+00 0.00000e+00 0.00000e+00 0.00000e+00 
6.20000e+01 0.00000e+00 0.00000e+00 0.00000e+00 0.00000e+00 
6.25000e+01 0.00000e+00 0.00000e+00 0.00000e+00 0.00000e+00 
6.30000e+01 0.00000e+00 0.00000e+00 0.00000e+00 0.00000e+00 
6.35000e+01 0.00000e+00 0.00000e+00 0.00000e+00 0.00000e+00 
6.40000e+01 0.00000e+00 0.00000e+00 0.00000e+00 0.00000e+00 
6.45000e+01 0.00000e+00 0.00000e+00 0.00000e+00 0.00000e+00 
6.50000e+01 0.00000e+00 0.00000e+00 0.00000e+00 0.00000e+00 
6.55000e+01 0.00000e+00 0.00000e+00 0.00000e+00 0.00000e+00 
6.60000e+01 0.00000e+00 0.00000e+00 0.00000e+00 0.00000e+00 
6.65000e+01 0.00000e+00 0.00000e+00 0.00000e+00 0.00000e+00 
6.70000e+01 0.00000e+00 0.00000e+00 0.00000e+00 0.00000e+00 
6.75000e+01 0.00000e+00 0.00000e+00 0.00000e+00 0.00000e+00 
6.80000e+01 0.00000e+00 0.00000e+00 0.00000e+00 0.00000e+00 
6.85000e+01 0.00000e+00 0.00000e+00 0.00000e+00 0.00000e+00 
6.90000e+01 0.00000e+00 0.00000e+00 0.00000e+00 0.00000e+00 
6.95000e+01 0.00000e+00 0.00000e+00 0.00000e+00 0.00000e+00 
7.00000e+01 0.00000e+00 0.00000e+00 0.00000e+00 0.00000e+00 
7.05000e+01 0.00000e+00 0.00000e+00 0.00000e+00 0.00000e+00 
7.10000e+01 0.00000e+00 0.00000e+00 0.00000e+00 0.00000e+00 
7.15000e+01 0.00000e+00 0.00000e+00 0.00000e+00 0.00000e+00 
7.20000e+01 0.00000e+00 0.00000e+00 0.00000e+00 0.00000e+00 
7.25000e+01 0.00000e+00 0.00000e+00 0.00000e+00 0.00000e+00 
7.30000e+01 0.00000e+00 0.00000e+00 0.00000e+00 0.00000e+00 
7.35000e+01 0.00000e+00 0.00000e+00 0.00000e+00 0.00000e+00 
7.40000e+01 0.00000e+00 0.00000e+00 0.00000e+00 0.00000e+00 
7.45000e+01 0.00000e+00 0.00000e+00 0.00000e+00 0.00000e+00 
7.50000e+01 0.00000e+00 0.00000e+00 0.00000e+00 0.00000e+00 
7.55000e+01 0.00000e+00 0.00000e+00 0.00000e+00 0.00000e+00 
7.60000e+01 0.00000e+00 0.00000e+00 0.00000e+00 0.00000e+00 
7.65000e+01 0.00000e+00 0.00000e+00 0.00000e+00 0.00000e+00 
7.70000e+01 0.00000e+00 0.00000e+00 0.00000e+00 0.00000e+00 
7.75000e+01 0.00000e+00 0.00000e+00 0.00000e+00 0.00000e+00 
7.80000e+01 0.00000e+00 0.00000e+00 0.00000e+00 0.00000e+00 
7.85000e+01 0.00000e+00 0.00000e+00 0.00000e+00 0.00000e+00 
7.90000e+01 0.00000e+00 0.00000e+00 0.00000e+00 0.00000e+00 
7.95000e+01 0.00000e+00 0.00000e+00 0.00000e+00 0.00000e+00 
8.00000e+01 0.00000e+00 0.00000e+00 0.00000e+00 0.00000e+00 
8.05000e+01 0.00000e+00 0.00000e+00 0.00000e+00 0.00000e+00 
8.10000e+01 0.00000e+00 0.00000e+00 0.00000e+00 0.00000e+00 
8.15000e+01 0.00000e+00 0.00000e+00 0.00000e+00 0.00000e+00 
8.20000e+01 0.00000e+00 0.00000e+00 0.00000e+00 0.00000e+00 
8.25000e+01 0.00000e+00 0.00000e+00 0.00000e+00 0.00000e+00 
8.30000e+01 0.00000e+00 0.00000e+00 0.00000e+00 0.00000e+00 
8.35000e+01 0.00000e+00 0.00000e+00 0.00000e+00 0.00000e+00 
8.40000e+01 0.00000e+00 0.00000e+00 0.00000e+00 0.00000e+00 
8.45000e+01 0.00000e+00 0.00000e+00 0.00000e+00 0.00000e+00 
8.50000e+01 0.00000e+00 0.00000e+00 0.00000e+00 0.00000e+00 
8.55000e+01 0.00000e+00 0.00000e+00 0.00000e+00 0.00000e+00 
8.60000e+01 0.00000e+00 0.00000e+00 0.00000e+00 0.00000e+00 
8.65000e+01 0.00000e+00 0.00000e+00 0.00000e+00 0.00000e+00 
8.70000e+01 0.00000e+00 0.00000e+00 0.00000e+00 0.00000e+00 
8.75000e+01 0.00000e+00 0.00000e+00 0.00000e+00 0.00000e+00 
8.80000e+01 0.00000e+00 0.00000e+00 0.00000e+00 0.00000e+00 
8.85000e+01 0.00000e+00 0.00000e+00 0.00000e+00 0.00000e+00 
8.90000e+01 0.00000e+00 0.00000e+00 0.00000e+00 0.00000e+00 
8.95000e+01 0.00000e+00 0.00000e+00 0.00000e+00 0.00000e+00 
9.00000e+01 0.00000e+00 0.00000e+00 0.00000e+00 0.00000e+00 
9.05000e+01 0.00000e+00 0.00000e+00 0.00000e+00 0.00000e+00 
9.10000e+01 0.00000e+00 0.00000e+00 0.00000e+00 0.00000e+00 
9.15000e+01 0.00000e+00 0.00000e+00 0.00000e+00 0.00000e+00 
9.20000e+01 0.00000e+00 0.00000e+00 0.00000e+00 0.00000e+00 
9.25000e+01 0.00000e+00 0.00000e+00 0.00000e+00 0.00000e+00 
9.30000e+01 0.00000e+00 0.00000e+00 0.00000e+00 0.00000e+00 
9.35000e+01 0.00000e+00 0.00000e+00 0.00000e+00 0.00000e+00 
9.40000e+01 0.00000e+00 0.00000e+00 0.00000e+00 0.00000e+00 
9.45000e+01 0.00000e+00 0.00000e+00 0.00000e+00 0.00000e+00 
9.50000e+01 0.00000e+00 0.00000e+00 0.00000e+00 0.00000e+00 
9.55000e+01 0.00000e+00 0.00000e+00 0.00000e+00 0.00000e+00 
9.60000e+01 0.00000e+00 0.00000e+00 0.00000e+00 0.00000e+00 
9.65000e+01 0.00000e+00 0.00000e+00 0.00000e+00 0.00000e+00 
9.70000e+01 0.00000e+00 0.00000e+00 0.00000e+00 0.00000e+00 
9.75000e+01 0.00000e+00 0.00000e+00 0.00000e+00 0.00000e+00 
9.80000e+01 0.00000e+00 0.00000e+00 0.00000e+00 0.00000e+00 
9.85000e+01 0.00000e+00 0.00000e+00 0.00000e+00 0.00000e+00 
9.90000e+01 0.00000e+00 0.00000e+00 0.00000e+00 0.00000e+00 
9.95000e+01 0.00000e+00 0.00000e+00 0.00000e+00 0.00000e+00 
1.00000e+02 0.00000e+00 0.00000e+00 0.00000e+00 0.00000e+00 
1.00500e+02 0.00000e+00 0.00000e+00 0.00000e+00 0.00000e+00 
1.01000e+02 0.00000e+00 0.00000e+00 0.00000e+00 0.00000e+00 
1.01500e+02 0.00000e+00 0.00000e+00 0.00000e+00 0.00000e+00 
1.02000e+02 0.00000e+00 0.00000e+00 0.00000e+00 0.00000e+00 
1.02500e+02 0.00000e+00 0.00000e+00 0.00000e+00 0.00000e+00 
1.03000e+02 0.00000e+00 0.00000e+00 0.00000e+00 0.00000e+00 
1.03500e+02 0.00000e+00 0.00000e+00 0.00000e+00 0.00000e+00 
1.04000e+02 0.00000e+00 0.00000e+00 0.00000e+00 0.00000e+00 
1.04500e+02 0.00000e+00 0.00000e+00 0.00000e+00 0.00000e+00 
1.05000e+02 0.00000e+00 0.00000e+00 0.00000e+00 0.00000e+00 
1.05500e+02 0.00000e+00 0.00000e+00 0.00000e+00 0.00000e+00 
1.06000e+02 0.00000e+00 0.00000e+00 0.00000e+00 0.00000e+00 
1.06500e+02 0.00000e+00 0.00000e+00 0.00000e+00 0.00000e+00 
1.07000e+02 0.00000e+00 0.00000e+00 0.00000e+00 0.00000e+00 
1.07500e+02 0.00000e+00 0.00000e+00 0.00000e+00 0.00000e+00 
1.08000e+02 0.00000e+00 0.00000e+00 0.00000e+00 0.00000e+00 
1.08500e+02 0.00000e+00 0.00000e+00 0.00000e+00 0.00000e+00 
1.09000e+02 0.00000e+00 0.00000e+00 0.00000e+00 0.00000e+00 
1.09500e+02 0.00000e+00 0.00000e+00 0.00000e+00 0.00000e+00 
1.10000e+02 0.00000e+00 0.00000e+00 0.00000e+00 0.00000e+00 
1.10500e+02 0.00000e+00 0.00000e+00 0.00000e+00 0.00000e+00 
1.11000e+02 0.00000e+00 0.00000e+00 0.00000e+00 0.00000e+00 
1.11500e+02 0.00000e+00 0.00000e+00 0.00000e+00 0.00000e+00 
1.12000e+02 0.00000e+00 0.00000e+00 0.00000e+00 0.00000e+00 
1.12500e+02 0.00000e+00 0.00000e+00 0.00000e+00 0.00000e+00 
1.13000e+02 0.00000e+00 0.00000e+00 0.00000e+00 0.00000e+00 
1.13500e+02 0.00000e+00 0.00000e+00 0.00000e+00 0.00000e+00 
1.14000e+02 0.00000e+00 0.00000e+00 0.00000e+00 0.00000e+00 
1.14500e+02 0.00000e+00 0.00000e+00 0.00000e+00 0.00000e+00 
1.15000e+02 0.00000e+00 0.00000e+00 0.00000e+00 0.00000e+00 
1.15500e+02 0.00000e+00 0.00000e+00 0.00000e+00 0.00000e+00 
1.16000e+02 0.00000e+00 0.00000e+00 0.00000e+00 0.00000e+00 
1.16500e+02 0.00000e+00 0.00000e+00 0.00000e+00 0.00000e+00 
1.17000e+02 0.00000e+00 0.00000e+00 0.00000e+00 0.00000e+00 
1.17500e+02 0.00000e+00 0.00000e+00 0.00000e+00 0.00000e+00 
1.18000e+02 0.00000e+00 0.00000e+00 0.00000e+00 0.00000e+00 
1.18500e+02 0.00000e+00 0.00000e+00 0.00000e+00 0.00000e+00 
1.19000e+02 0.00000e+00 0.00000e+00 0.00000e+00 0.00000e+00 
1.19500e+02 0.00000e+00 0.00000e+00 0.00000e+00 0.00000e+00 
1.20000e+02 0.00000e+00 0.00000e+00 0.00000e+00 0.00000e+00 
1.20500e+02 0.00000e+00 0.00000e+00 0.00000e+00 0.00000e+00 
1.21000e+02 0.00000e+00 0.00000e+00 0.00000e+00 2.59986e-183 
1.21500e+02 0.00000e+00 0.00000e+00 0.00000e+00 1.53231e-81 
1.22000e+02 0.00000e+00 0.00000e+00 0.00000e+00 2.02646e-34 
1.22500e+02 0.00000e+00 0.00000e+00 0.00000e+00 1.03917e-11 
1.23000e+02 0.00000e+00 0.00000e+00 0.00000e+00 1.51913e-03 
1.23500e+02 0.00000e+00 0.00000e+00 0.00000e+00 5.35132e-02 
1.24000e+02 0.00000e+00 0.00000e+00 0.00000e+00 6.79650e-02 
1.24500e+02 0.00000e+00 0.00000e+00 0.00000e+00 7.63951e-02 
1.25000e+02 0.00000e+00 0.00000e+00 0.00000e+00 8.35724e-02 
1.25500e+02 0.00000e+00 0.00000e+00 0.00000e+00 9.09807e-02 
1.26000e+02 0.00000e+00 0.00000e+00 0.00000e+00 9.88974e-02 
1.26500e+02 0.00000e+00 0.00000e+00 0.00000e+00 1.06457e-01 
1.27000e+02 0.00000e+00 0.00000e+00 0.00000e+00 1.12901e-01 
1.27500e+02 0.00000e+00 0.00000e+00 0.00000e+00 1.18034e-01 
1.28000e+02 0.00000e+00 0.00000e+00 0.00000e+00 1.22013e-01 
1.28500e+02 0.00000e+00 0.00000e+00 0.00000e+00 1.25145e-01 
1.29000e+02 0.00000e+00 0.00000e+00 0.00000e+00 1.27686e-01 
1.29500e+02 0.00000e+00 0.00000e+00 0.00000e+00 1.29813e-01 
1.30000e+02 0.00000e+00 0.00000e+00 0.00000e+00 1.31649e-01 
1.30500e+02 0.00000e+00 0.00000e+00 0.00000e+00 1.33272e-01 
1.31000e+02 0.00000e+00 0.00000e+00 0.00000e+00 1.34740e-01 
1.31500e+02 0.00000e+00 0.00000e+00 0.00000e+00 1.36093e-01 
1.32000e+02 0.00000e+00 0.00000e+00 0.00000e+00 1.37362e-01 
1.32500e+02 0.00000e+00 0.00000e+00 0.00000e+00 1.38574e-01 
1.33000e+02 0.00000e+00 0.00000e+00 0.00000e+00 1.39744e-01 
1.33500e+02 0.00000e+00 0.00000e+00 0.00000e+00 1.40883e-01 
1.34000e+02 0.00000e+00 0.00000e+00 0.00000e+00 1.41993e-01 
1.34500e+02 0.00000e+00 0.00000e+00 0.00000e+00 1.43075e-01 
1.35000e+02 0.00000e+00 0.00000e+00 0.00000e+00 1.44126e-01 
1.35500e+02 0.00000e+00 0.00000e+00 0.00000e+00 1.45144e-01 
1.36000e+02 0.00000e+00 0.00000e+00 0.00000e+00 1.46129e-01 
1.36500e+02 0.00000e+00 0.00000e+00 0.00000e+00 1.47082e-01 
1.37000e+02 0.00000e+00 0.00000e+00 0.00000e+00 1.48006e-01 
1.37500e+02 0.00000e+00 0.00000e+00 0.00000e+00 1.48902e-01 
1.38000e+02 0.00000e+00 0.00000e+00 0.00000e+00 1.49775e-01 
1.38500e+02 0.00000e+00 0.00000e+00 0.00000e+00 1.50628e-01 
1.39000e+02 0.00000e+00 0.00000e+00 0.00000e+00 1.51465e-01 
1.39500e+02 0.00000e+00 0.00000e+00 0.00000e+00 1.52289e-01 
1.40000e+02 0.00000e+00 0.00000e+00 0.00000e+00 1.53103e-01 
1.40500e+02 0.00000e+00 0.00000e+00 0.00000e+00 1.53910e-01 
1.41000e+02 0.00000e+00 0.00000e+00 0.00000e+00 1.54710e-01 
1.41500e+02 0.00000e+00 0.00000e+00 0.00000e+00 1.55504e-01 
1.42000e+02 0.00000e+00 0.00000e+00 0.00000e+00 1.56289e-01 
1.42500e+02 0.00000e+00 0.00000e+00 0.00000e+00 1.57066e-01 
1.43000e+02 0.00000e+00 1.86826e-235 0.00000e+00 1.57833e-01 
1.43500e+02 0.00000e+00 9.76804e-127 0.00000e+00 1.58589e-01 
1.44000e+02 0.00000e+00 9.42167e-68 0.00000e+00 1.59334e-01 
1.44500e+02 0.00000e+00 7.70047e-36 0.00000e+00 1.60067e-01 
1.45000e+02 0.00000e+00 1.10375e-18 0.00000e+00 1.60789e-01 
1.45500e+02 4.56766e-314 1.12782e-09 0.00000e+00 1.61502e-01 
1.46000e+02 2.89646e-140 5.18447e-05 0.00000e+00 1.62205e-01 
1.46500e+02 4.30338e-59 8.67886e-03 0.00000e+00 1.62900e-01 
1.47000e+02 1.40197e-23 4.41255e-02 0.00000e+00 1.63587e-01 
1.47500e+02 8.55232e-09 5.86658e-02 0.00000e+00 1.64268e-01 
1.48000e+02 3.02347e-03 6.49518e-02 0.00000e+00 1.64943e-01 
1.48500e+02 5.89777e-02 6.91846e-02 0.00000e+00 1.65613e-01 
1.49000e+02 7.72452e-02 7.25229e-02 0.00000e+00 1.66278e-01 
1.49500e+02 8.47172e-02 7.53147e-02 0.00000e+00 1.66938e-01 
1.50000e+02 8.95624e-02 7.76997e-02 0.00000e+00 1.67593e-01 
1.50500e+02 9.32283e-02 7.97451e-02 0.00000e+00 1.68245e-01 
1.51000e+02 9.62322e-02 8.15050e-02 0.00000e+00 1.68893e-01 
1.51500e+02 9.88318e-02 8.30411e-02 0.00000e+00 1.69538e-01 
1.52000e+02 1.01188e-01 8.44214e-02 0.00000e+00 1.70181e-01 
1.52500e+02 1.03391e-01 8.57131e-02 0.00000e+00 1.70821e-01 
1.53000e+02 1.05458e-01 8.69746e-02 0.00000e+00 1.71460e-01 
1.53500e+02 1.07365e-01 8.82492e-02 0.00000e+00 1.72097e-01 
1.54000e+02 1.09099e-01 8.95592e-02 0.00000e+00 1.72732e-01 
1.54500e+02 1.10679e-01 9.09053e-02 0.00000e+00 1.73367e-01 
1.55000e+02 1.12133e-01 9.22701e-02 0.00000e+00 1.74002e-01 
1.55500e+02 1.13490e-01 9.36266e-02 0.00000e+00 1.74635e-01 
1.56000e+02 1.14773e-01 9.49479e-02 0.00000e+00 1.75269e-01 
1.56500e+02 1.15997e-01 9.62133e-02 0.00000e+00 1.75903e-01 
1.57000e+02 1.17173e-01 9.74108e-02 0.00000e+00 1.76536e-01 
1.57500e+02 1.18309e-01 9.85366e-02 0.00000e+00 1.77170e-01 
1.58000e+02 1.19412e-01 9.95931e-02 0.00000e+00 1.77805e-01 
1.58500e+02 1.20486e-01 1.00587e-01 0.00000e+00 1.78440e-01 
1.59000e+02 1.21535e-01 1.01525e-01 0.00000e+00 1.79075e-01 
1.59500e+02 1.22562e-01 1.02417e-01 0.00000e+00 1.79710e-01 
1.60000e+02 1.23566e-01 1.03269e-01 0.00000e+00 1.80346e-01 
1.60500e+02 1.24550e-01 1.04088e-01 0.00000e+00 1.80982e-01 
1.61000e+02 1.25513e-01 1.04879e-01 0.00000e+00 1.81617e-01 
1.61500e+02 1.26454e-01 1.05645e-01 0.00000e+00 1.82252e-01 
1.62000e+02 1.27375e-01 1.06390e-01 0.00000e+00 1.82887e-01 
1.62500e+02 1.28276e-01 1.07116e-01 0.00000e+00 1.83520e-01 
1.63000e+02 1.29156e-01 1.07824e-01 0.00000e+00 1.84153e-01 
1.63500e+02 1.30018e-01 1.08517e-01 0.00000e+00 1.84784e-01 
1.64000e+02 1.30861e-01 1.09195e-01 0.00000e+00 1.85413e-01 
1.64500e+02 1.31688e-01 1.09860e-01 0.00000e+00 1.86040e-01 
1.65000e+02 1.32500e-01 1.10512e-01 0.00000e+00 1.86666e-01 
1.65500e+02 1.33298e-01 1.11154e-01 0.00000e+00 1.87288e-01 
1.66000e+02 1.34083e-01 1.11787e-01 0.00000e+00 1.87909e-01 
1.66500e+02 1.34856e-01 1.12410e-01 0.00000e+00 1.88526e-01 
1.67000e+02 1.35619e-01 1.13026e-01 0.00000e+00 1.89141e-01 
1.67500e+02 1.36372e-01 1.13635e-01 0.00000e+00 1.89752e-01 
1.68000e+02 1.37117e-01 1.14239e-01 0.00000e+00 1.90361e-01 
1.68500e+02 1.37854e-01 1.14839e-01 0.00000e+00 1.90966e-01 
1.69000e+02 1.38584e-01 1.15436e-01 0.00000e+00 1.91569e-01 
1.69500e+02 1.39308e-01 1.16031e-01 0.00000e+00 1.92168e-01 
1.70000e+02 1.40027e-01 1.16626e-01 0.00000e+00 1.92763e-01 
1.70500e+02 1.40741e-01 1.17221e-01 0.00000e+00 1.93356e-01 
1.71000e+02 1.41451e-01 1.17818e-01 0.00000e+00 1.93945e-01 
1.71500e+02 1.42158e-01 1.18419e-01 0.00000e+00 1.94530e-01 
1.72000e+02 1.42861e-01 1.19027e-01 0.00000e+00 1.95112e-01 
1.72500e+02 1.43562e-01 1.19644e-01 0.00000e+00 1.95691e-01 
1.73000e+02 1.44260e-01 1.20273e-01 0.00000e+00 1.96267e-01 
1.73500e+02 1.44956e-01 1.20918e-01 0.00000e+00 1.96839e-01 
1.74000e+02 1.45650e-01 1.21577e-01 0.00000e+00 1.97407e-01 
1.74500e+02 1.46343e-01 1.22248e-01 0.00000e+00 1.97972e-01 
1.75000e+02 1.47034e-01 1.22928e-01 0.00000e+00 1.98534e-01 
1.75500e+02 1.47724e-01 1.23608e-01 0.00000e+00 1.99092e-01 
1.76000e+02 1.48412e-01 1.24283e-01 0.00000e+00 1.99647e-01 
1.76500e+02 1.49100e-01 1.24948e-01 0.00000e+00 2.00199e-01 
1.77000e+02 1.49787e-01 1.25597e-01 0.00000e+00 2.00747e-01 
1.77500e+02 1.50473e-01 1.26228e-01 0.00000e+00 2.01291e-01 
1.78000e+02 1.51158e-01 1.26840e-01 0.00000e+00 2.01832e-01 
1.78500e+02 1.51843e-01 1.27433e-01 0.00000e+00 2.02369e-01 
1.79000e+02 1.52526e-01 1.28008e-01 0.00000e+00 2.02903e-01 
1.79500e+02 1.53209e-01 1.28565e-01 0.00000e+00 2.03433e-01 
1.80000e+02 1.53892e-01 1.29106e-01 0.00000e+00 2.03960e-01 
1.80500e+02 1.54573e-01 1.29633e-01 0.00000e+00 2.04484e-01 
1.81000e+02 1.55253e-01 1.30148e-01 0.00000e+00 2.05004e-01 
1.81500e+02 1.55933e-01 1.30651e-01 0.00000e+00 2.05520e-01 
1.82000e+02 1.56611e-01 1.31144e-01 0.00000e+00 2.06033e-01 
1.82500e+02 1.57288e-01 1.31630e-01 0.00000e+00 2.06542e-01 
1.83000e+02 1.57963e-01 1.32109e-01 0.00000e+00 2.07048e-01 
1.83500e+02 1.58637e-01 1.32584e-01 0.00000e+00 2.07550e-01 
1.84000e+02 1.59309e-01 1.33056e-01 0.00000e+00 2.08049e-01 
1.84500e+02 1.59980e-01 1.33526e-01 0.00000e+00 2.08544e-01 
1.85000e+02 1.60649e-01 1.33995e-01 0.00000e+00 2.09036e-01 
1.85500e+02 1.61315e-01 1.34465e-01 0.00000e+00 2.09525e-01 
1.86000e+02 1.61979e-01 1.34938e-01 0.00000e+00 2.10009e-01 
1.86500e+02 1.62641e-01 1.35414e-01 0.00000e+00 2.10491e-01 
1.87000e+02 1.63301e-01 1.35896e-01 0.00000e+00 2.10969e-01 
1.87500e+02 1.63957e-01 1.36384e-01 0.00000e+00 2.11444e-01 
1.88000e+02 1.64611e-01 1.36881e-01 0.00000e+00 2.11915e-01 
1.88500e+02 1.65262e-01 1.37388e-01 0.00000e+00 2.12383e-01 
1.89000e+02 1.65910e-01 1.37905e-01 0.00000e+00 2.12848e-01 
1.89500e+02 1.66554e-01 1.38432e-01 0.00000e+00 2.13309e-01 
1.90000e+02 1.67195e-01 1.38969e-01 0.00000e+00 2.13767e-01 
1.90500e+02 1.67832e-01 1.39513e-01 0.00000e+00 2.14222e-01 
1.91000e+02 1.68465e-01 1.40061e-01 0.00000e+00 2.14673e-01 
1.91500e+02 1.69094e-01 1.40610e-01 0.00000e+00 2.15122e-01 
1.92000e+02 1.69720e-01 1.41157e-01 0.00000e+00 2.15567e-01 
1.92500e+02 1.70341e-01 1.41698e-01 0.00000e+00 2.16009e-01 
1.93000e+02 1.70958e-01 1.42233e-01 0.00000e+00 2.16448e-01 
1.93500e+02 1.71571e-01 1.42759e-01 0.00000e+00 2.16884e-01 
1.94000e+02 1.72179e-01 1.43275e-01 0.00000e+00 2.17317e-01 
1.94500e+02 1.72783e-01 1.43780e-01 0.00000e+00 2.17747e-01 
1.95000e+02 1.73382e-01 1.44275e-01 0.00000e+00 2.18174e-01 
1.95500e+02 1.73977e-01 1.44759e-01 0.00000e+00 2.18599e-01 
1.96000e+02 1.74566e-01 1.45233e-01 0.00000e+00 2.19021e-01 
1.96500e+02 1.75151e-01 1.45698e-01 0.00000e+00 2.19440e-01 
1.97000e+02 1.75731e-01 1.46152e-01 0.00000e+00 2.19857e-01 
1.97500e+02 1.76306e-01 1.46598e-01 0.00000e+00 2.20271e-01 
1.98000e+02 1.76877e-01 1.47036e-01 0.00000e+00 2.20683e-01 
1.98500e+02 1.77442e-01 1.47466e-01 0.00000e+00 2.21093e-01 
1.99000e+02 1.78002e-01 1.47887e-01 0.00000e+00 2.21500e-01 
1.99500e+02 1.78557e-01 1.48302e-01 0.00000e+00 2.21905e-01 
2.00000e+02 1.79108e-01 1.48710e-01 0.00000e+00 2.22309e-01 
2.00500e+02 1.79653e-01 1.49111e-01 0.00000e+00 2.22710e-01 
2.01000e+02 1.80193e-01 1.49506e-01 0.00000e+00 2.23109e-01 
2.01500e+02 1.80728e-01 1.49895e-01 0.00000e+00 2.23506e-01 
2.02000e+02 1.81258e-01 1.50278e-01 0.00000e+00 2.23902e-01 
2.02500e+02 1.81784e-01 1.50656e-01 0.00000e+00 2.24296e-01 
2.03000e+02 1.82304e-01 1.51028e-01 0.00000e+00 2.24688e-01 
2.03500e+02 1.82820e-01 1.51394e-01 0.00000e+00 2.25078e-01 
2.04000e+02 1.83330e-01 1.51756e-01 0.00000e+00 2.25466e-01 
2.04500e+02 1.83836e-01 1.52112e-01 0.00000e+00 2.25853e-01 
2.05000e+02 1.84337e-01 1.52463e-01 0.00000e+00 2.26238e-01 
2.05500e+02 1.84833e-01 1.52810e-01 0.00000e+00 2.26622e-01 
2.06000e+02 1.85325e-01 1.53151e-01 0.00000e+00 2.27003e-01 
2.06500e+02 1.85812e-01 1.53488e-01 0.00000e+00 2.27383e-01 
2.07000e+02 1.86294e-01 1.53821e-01 0.00000e+00 2.27761e-01 
2.07500e+02 1.86772e-01 1.54148e-01 0.00000e+00 2.28138e-01 
2.08000e+02 1.87246e-01 1.54472e-01 0.00000e+00 2.28513e-01 
2.08500e+02 1.87715e-01 1.54791e-01 0.00000e+00 2.28886e-01 
2.09000e+02 1.88179e-01 1.55106e-01 0.00000e+00 2.29257e-01 
2.09500e+02 1.88639e-01 1.55417e-01 0.00000e+00 2.29626e-01 
2.10000e+02 1.89095e-01 1.55724e-01 0.00000e+00 2.29994e-01 
2.10500e+02 1.89547e-01 1.56028e-01 0.00000e+00 2.30360e-01 
2.11000e+02 1.89994e-01 1.56329e-01 0.00000e+00 2.30725e-01 
2.11500e+02 1.90438e-01 1.56626e-01 0.00000e+00 2.31087e-01 
2.12000e+02 1.90877e-01 1.56921e-01 0.00000e+00 2.31448e-01 
2.12500e+02 1.91312e-01 1.57214e-01 0.00000e+00 2.31808e-01 
2.13000e+02 1.91744e-01 1.57504e-01 0.00000e+00 2.32165e-01 
2.13500e+02 1.92171e-01 1.57794e-01 0.00000e+00 2.32521e-01 
2.14000e+02 1.92595e-01 1.58082e-01 0.00000e+00 2.32876e-01 
2.14500e+02 1.93015e-01 1.58370e-01 0.00000e+00 2.33229e-01 
2.15000e+02 1.93431e-01 1.58658e-01 0.00000e+00 2.33580e-01 
2.15500e+02 1.93844e-01 1.58946e-01 0.00000e+00 2.33930e-01 
2.16000e+02 1.94253e-01 1.59236e-01 0.00000e+00 2.34278e-01 
2.16500e+02 1.94658e-01 1.59527e-01 0.00000e+00 2.34625e-01 
2.17000e+02 1.95061e-01 1.59821e-01 0.00000e+00 2.34971e-01 
2.17500e+02 1.95459e-01 1.60116e-01 0.00000e+00 2.35315e-01 
2.18000e+02 1.95855e-01 1.60414e-01 0.00000e+00 2.35658e-01 
2.18500e+02 1.96247e-01 1.60716e-01 0.00000e+00 2.35999e-01 
2.19000e+02 1.96636e-01 1.61020e-01 0.00000e+00 2.36339e-01 
2.19500e+02 1.97022e-01 1.61328e-01 0.00000e+00 2.36678e-01 
2.20000e+02 1.97405e-01 1.61638e-01 0.00000e+00 2.37016e-01 
2.20500e+02 1.97785e-01 1.61952e-01 0.00000e+00 2.37353e-01 
2.21000e+02 1.98162e-01 1.62269e-01 0.00000e+00 2.37688e-01 
2.21500e+02 1.98536e-01 1.62588e-01 0.00000e+00 2.38022e-01 
2.22000e+02 1.98907e-01 1.62909e-01 0.00000e+00 2.38355e-01 
2.22500e+02 1.99275e-01 1.63233e-01 0.00000e+00 2.38687e-01 
2.23000e+02 1.99641e-01 1.63557e-01 0.00000e+00 2.39018e-01 
2.23500e+02 2.00004e-01 1.63883e-01 0.00000e+00 2.39348e-01 
2.24000e+02 2.00365e-01 1.64209e-01 0.00000e+00 2.39677e-01 
2.24500e+02 2.00723e-01 1.64535e-01 0.00000e+00 2.40004e-01 
2.25000e+02 2.01079e-01 1.64860e-01 0.00000e+00 2.40331e-01 
2.25500e+02 2.01432e-01 1.65185e-01 0.00000e+00 2.40657e-01 
2.26000e+02 2.01783e-01 1.65509e-01 0.00000e+00 2.40982e-01 
2.26500e+02 2.02131e-01 1.65831e-01 0.00000e+00 2.41305e-01 
2.27000e+02 2.02478e-01 1.66151e-01 0.00000e+00 2.41628e-01 
2.27500e+02 2.02822e-01 1.66468e-01 0.00000e+00 2.41950e-01 
2.28000e+02 2.03165e-01 1.66784e-01 0.00000e+00 2.42271e-01 
2.28500e+02 2.03505e-01 1.67097e-01 0.00000e+00 2.42591e-01 
2.29000e+02 2.03844e-01 1.67407e-01 0.00000e+00 2.42910e-01 
2.29500e+02 2.04181e-01 1.67714e-01 0.00000e+00 2.43228e-01 
2.30000e+02 2.04516e-01 1.68018e-01 0.00000e+00 2.43545e-01 
2.30500e+02 2.04849e-01 1.68320e-01 0.00000e+00 2.43861e-01 
2.31000e+02 2.05181e-01 1.68619e-01 0.00000e+00 2.44177e-01 
2.31500e+02 2.05512e-01 1.68914e-01 0.00000e+00 2.44491e-01 
2.32000e+02 2.05841e-01 1.69207e-01 0.00000e+00 2.44804e-01 
2.32500e+02 2.06169e-01 1.69497e-01 0.00000e+00 2.45117e-01 
2.33000e+02 2.06496e-01 1.69785e-01 0.00000e+00 2.45429e-01 
2.33500e+02 2.06821e-01 1.70069e-01 0.00000e+00 2.45740e-01 
2.34000e+02 2.07146e-01 1.70351e-01 0.00000e+00 2.46050e-01 
2.34500e+02 2.07469e-01 1.70631e-01 0.00000e+00 2.46359e-01 
2.35000e+02 2.07792e-01 1.70908e-01 0.00000e+00 2.46667e-01 
2.35500e+02 2.08113e-01 1.71183e-01 0.00000e+00 2.46974e-01 
2.36000e+02 2.08434e-01 1.71456e-01 0.00000e+00 2.47281e-01 
2.36500e+02 2.08754e-01 1.71727e-01 0.00000e+00 2.47586e-01 
2.37000e+02 2.09072e-01 1.71996e-01 0.00000e+00 2.47891e-01 
2.37500e+02 2.09390e-01 1.72263e-01 0.00000e+00 2.48195e-01 
2.38000e+02 2.09707e-01 1.72528e-01 0.00000e+00 2.48497e-01 
2.38500e+02 2.10022e-01 1.72792e-01 0.00000e+00 2.48800e-01 
2.39000e+02 2.10337e-01 1.73054e-01 0.00000e+00 2.49101e-01 
2.39500e+02 2.10651e-01 1.73315e-01 0.00000e+00 2.49401e-01 
2.40000e+02 2.10963e-01 1.73574e-01 0.00000e+00 2.49701e-01 
