0.00000e+00 0.00000e+00 0.00000e+00 0.00000e+00 0.00000e+00 
5.00000e-01 0.00000e+00 0.00000e+00 0.00000e+00 0.00000e+00 
1.00000e+00 0.00000e+00 0.00000e+00 0.00000e+00 0.00000e+00 
1.50000e+00 0.00000e+00 0.00000e+00 0.00000e+00 0.00000e+00 
2.00000e+00 0.00000e+00 0.00000e+00 0.00000e+00 0.00000e+00 
2.50000e+00 0.00000e+00 0.00000e+00 0.00000e+00 0.00000e+00 
3.00000e+00 0.00000e+00 0.00000e+00 0.00000e+00 0.00000e+00 
3.50000e+00 0.00000e+00 0.00000e+00 0.00000e+00 0.00000e+00 
4.00000e+00 0.00000e+00 0.00000e+00 0.00000e+00 0.00000e+00 
4.50000e+00 0.00000e+00 0.00000e+00 0.00000e+00 0.00000e+00 
5.00000e+00 0.00000e+00 0.00000e+00 0.00000e+00 0.00000e+00 
5.50000e+00 0.00000e+00 0.00000e+00 0.00000e+00 0.00000e+00 
6.00000e+00 0.00000e+00 0.00000e+00 0.00000e+00 0.00000e+00 
6.50000e+00 0.00000e+00 0.00000e+00 0.00000e+00 0.00000e+00 
7.00000e+00 0.00000e+00 0.00000e+00 0.00000e+00 0.00000e+00 
7.50000e+00 0.00000e+00 0.00000e+00 0.00000e+00 0.00000e+00 
8.00000e+00 0.00000e+00 0.00000e+00 0.00000e+00 0.00000e+00 
8.50000e+00 0.00000e+00 0.00000e+00 0.00000e+00 0.00000e+00 
9.00000e+00 0.00000e+00 0.00000e+00 0.00000e+00 0.00000e+00 
9.50000e+00 0.00000e+00 0.00000e+00 0.00000e+00 0.00000e+00 
1.00000e+01 0.00000e+00 0.00000e+00 0.00000e+00 0.00000e+00 
1.05000e+01 0.00000e+00 0.00000e+00 0.00000e+00 0.00000e+00 
1.10000e+01 0.00000e+00 0.00000e+00 0.00000e+00 0.00000e+00 
1.15000e+01 0.00000e+00 0.00000e+00 0.00000e+00 0.00000e+00 
1.20000e+01 0.00000e+00 0.00000e+00 0.00000e+00 0.00000e+00 
1.25000e+01 0.00000e+00 0.00000e+00 0.00000e+00 0.00000e+00 
1.30000e+01 0.00000e+00 0.00000e+00 0.00000e+00 0.00000e+00 
1.35000e+01 0.00000e+00 0.00000e+00 0.00000e+00 0.00000e+00 
1.40000e+01 0.00000e+00 0.00000e+00 0.00000e+00 0.00000e+00 
1.45000e+01 0.00000e+00 0.00000e+00 0.00000e+00 0.00000e+00 
1.50000e+01 0.00000e+00 0.00000e+00 0.00000e+00 0.00000e+00 
1.55000e+01 0.00000e+00 0.00000e+00 0.00000e+00 0.00000e+00 
1.60000e+01 0.00000e+00 0.00000e+00 0.00000e+00 0.00000e+00 
1.65000e+01 0.00000e+00 0.00000e+00 0.00000e+00 0.00000e+00 
1.70000e+01 0.00000e+00 0.00000e+00 0.00000e+00 0.00000e+00 
1.75000e+01 0.00000e+00 0.00000e+00 0.00000e+00 0.00000e+00 
1.80000e+01 0.00000e+00 0.00000e+00 0.00000e+00 0.00000e+00 
1.85000e+01 0.00000e+00 0.00000e+00 0.00000e+00 0.00000e+00 
1.90000e+01 0.00000e+00 0.00000e+00 0.00000e+00 0.00000e+00 
1.95000e+01 0.00000e+00 0.00000e+00 0.00000e+00 0.00000e+00 
2.00000e+01 0.00000e+00 0.00000e+00 0.00000e+00 0.00000e+00 
2.05000e+01 0.00000e+00 0.00000e+00 0.00000e+00 0.00000e+00 
2.10000e+01 0.00000e+00 0.00000e+00 0.00000e+00 0.00000e+00 
2.15000e+01 0.00000e+00 0.00000e+00 0.00000e+00 0.00000e+00 
2.20000e+01 0.00000e+00 0.00000e+00 0.00000e+00 0.00000e+00 
2.25000e+01 0.00000e+00 0.00000e+00 0.00000e+00 0.00000e+00 
2.30000e+01 0.00000e+00 0.00000e+00 0.00000e+00 0.00000e+00 
2.35000e+01 0.00000e+00 0.00000e+00 0.00000e+00 0.00000e+00 
2.40000e+01 0.00000e+00 0.00000e+00 0.00000e+00 0.00000e+00 
2.45000e+01 0.00000e+00 0.00000e+00 0.00000e+00 0.00000e+00 
2.50000e+01 0.00000e+00 0.00000e+00 0.00000e+00 0.00000e+00 
2.55000e+01 0.00000e+00 0.00000e+00 0.00000e+00 0.00000e+00 
2.60000e+01 0.00000e+00 0.00000e+00 0.00000e+00 0.00000e+00 
2.65000e+01 0.00000e+00 0.00000e+00 0.00000e+00 0.00000e+00 
2.70000e+01 0.00000e+00 0.00000e+00 0.00000e+00 0.00000e+00 
2.75000e+01 0.00000e+00 0.00000e+00 0.00000e+00 0.00000e+00 
2.80000e+01 0.00000e+00 0.00000e+00 0.00000e+00 0.00000e+00 
2.85000e+01 0.00000e+00 0.00000e+00 0.00000e+00 0.00000e+00 
2.90000e+01 0.00000e+00 0.00000e+00 0.00000e+00 0.00000e+00 
2.95000e+01 0.00000e+00 0.00000e+00 0.00000e+00 0.00000e+00 
3.00000e+01 0.00000e+00 0.00000e+00 0.00000e+00 0.00000e+00 
3.05000e+01 0.00000e+00 0.00000e+00 0.00000e+00 0.00000e+00 
3.10000e+01 0.00000e+00 0.00000e+00 0.00000e+00 0.00000e+00 
3.15000e+01 0.00000e+00 0.00000e+00 0.00000e+00 0.00000e+00 
3.20000e+01 0.00000e+00 0.00000e+00 0.00000e+00 0.00000e+00 
3.25000e+01 0.00000e+00 0.00000e+00 0.00000e+00 0.00000e+00 
3.30000e+01 0.00000e+00 0.00000e+00 0.00000e+00 0.00000e+00 
3.35000e+01 0.00000e+00 0.00000e+00 0.00000e+00 0.00000e+00 
3.40000e+01 0.00000e+00 0.00000e+00 0.00000e+00 0.00000e+00 
3.45000e+01 0.00000e+00 0.00000e+00 0.00000e+00 0.00000e+00 
3.50000e+01 0.00000e+00 0.00000e+00 0.00000e+00 0.00000e+00 
3.55000e+01 0.00000e+00 0.00000e+00 0.00000e+00 0.00000e+00 
3.60000e+01 0.00000e+00 0.00000e+00 0.00000e+00 0.00000e+00 
3.65000e+01 0.00000e+00 0.00000e+00 0.00000e+00 0.00000e+00 
3.70000e+01 0.00000e+00 0.00000e+00 0.00000e+00 0.00000e+00 
3.75000e+01 0.00000e+00 0.00000e+00 0.00000e+00 0.00000e+00 
3.80000e+01 0.00000e+00 0.00000e+00 0.00000e+00 0.00000e+00 
3.85000e+01 0.00000e+00 0.00000e+00 0.00000e+00 0.00000e+00 
3.90000e+01 0.00000e+00 0.00000e+00 0.00000e+00 0.00000e+00 
3.95000e+01 0.00000e+00 0.00000e+00 0.00000e+00 0.00000e+00 
4.00000e+01 0.00000e+00 0.00000e+00 0.00000e+00 0.00000e+00 
4.05000e+01 0.00000e+00 0.00000e+00 0.00000e+00 0.00000e+00 
4.10000e+01 0.00000e+00 0.00000e+00 0.00000e+00 0.00000e+00 
4.15000e+01 0.00000e+00 0.00000e+00 0.00000e+00 0.00000e+00 
4.20000e+01 0.00000e+00 0.00000e+00 0.00000e+00 0.00000e+00 
4.25000e+01 0.00000e+00 0.00000e+00 0.00000e+00 0.00000e+00 
4.30000e+01 0.00000e+00 0.00000e+00 0.00000e+00 0.00000e+00 
4.35000e+01 0.00000e+00 0.00000e+00 0.00000e+00 0.00000e+00 
4.40000e+01 0.00000e+00 0.00000e+00 0.00000e+00 0.00000e+00 
4.45000e+01 0.00000e+00 0.00000e+00 0.00000e+00 0.00000e+00 
4.50000e+01 0.00000e+00 0.00000e+00 0.00000e+00 0.00000e+00 
4.55000e+01 0.00000e+00 0.00000e+00 0.00000e+00 0.00000e+00 
4.60000e+01 0.00000e+00 0.00000e+00 0.00000e+00 0.00000e+00 
4.65000e+01 0.00000e+00 0.00000e+00 0.00000e+00 0.00000e+00 
4.70000e+01 0.00000e+00 0.00000e+00 0.00000e+00 0.00000e+00 
4.75000e+01 0.00000e+00 0.00000e+00 0.00000e+00 0.00000e+00 
4.80000e+01 0.00000e+00 0.00000e+00 0.00000e+00 0.00000e+00 
4.85000e+01 0.00000e+00 0.00000e+00 0.00000e+00 0.00000e+00 
4.90000e+01 0.00000e+00 0.00000e+00 0.00000e+00 0.00000e+00 
4.95000e+01 0.00000e+00 0.00000e+00 0.00000e+00 0.00000e+00 
5.00000e+01 0.00000e+00 0.00000e+00 0.00000e+00 0.00000e+00 
5.05000e+01 0.00000e+00 0.00000e+00 0.00000e+00 0.00000e+00 
5.10000e+01 0.00000e+00 0.00000e+00 0.00000e+00 0.00000e+00 
5.15000e+01 0.00000e+00 0.00000e+00 0.00000e+00 0.00000e+00 
5.20000e+01 0.00000e+00 0.00000e+00 0.00000e+00 0.00000e+00 
5.25000e+01 0.00000e+00 0.00000e+00 0.00000e+00 0.00000e+00 
5.30000e+01 0.00000e+00 0.00000e+00 0.00000e+00 0.00000e+00 
5.35000e+01 0.00000e+00 0.00000e+00 0.00000e+00 0.00000e+00 
5.40000e+01 0.00000e+00 0.00000e+00 0.00000e+00 0.00000e+00 
5.45000e+01 0.00000e+00 0.00000e+00 0.00000e+00 0.00000e+00 
5.50000e+01 0.00000e+00 0.00000e+00 0.00000e+00 0.00000e+00 
5.55000e+01 0.00000e+00 0.00000e+00 0.00000e+00 0.00000e+00 
5.60000e+01 0.00000e+00 0.00000e+00 0.00000e+00 0.00000e+00 
5.65000e+01 0.00000e+00 0.00000e+00 0.00000e+00 0.00000e+00 
5.70000e+01 0.00000e+00 0.00000e+00 0.00000e+00 0.00000e+00 
5.75000e+01 0.00000e+00 0.00000e+00 0.00000e+00 0.00000e+00 
5.80000e+01 0.00000e+00 0.00000e+00 0.00000e+00 0.00000e+00 
5.85000e+01 0.00000e+00 0.00000e+00 0.00000e+00 0.00000e+00 
5.90000e+01 0.00000e+00 0.00000e+00 0.00000e+00 0.00000e+00 
5.95000e+01 0.00000e+00 0.00000e+00 0.00000e+00 0.00000e+00 
6.00000e+01 0.00000e+00 0.00000e+00 0.00000e+00 0.00000e+00 
6.05000e+01 0.00000e+00 0.00000e+00 0.00000e+00 0.00000e+00 
6.10000e+01 0.00000e+00 0.00000e+00 0.00000e+00 0.00000e+00 
6.15000e+01 0.00000e+00 0.00000e+00 0.00000e+00 0.00000e+00 
6.20000e+01 0.00000e+00 0.00000e+00 0.00000e+00 0.00000e+00 
6.25000e+01 0.00000e+00 0.00000e+00 0.00000e+00 0.00000e+00 
6.30000e+01 0.00000e+00 0.00000e+00 0.00000e+00 0.00000e+00 
6.35000e+01 0.00000e+00 0.00000e+00 0.00000e+00 0.00000e+00 
6.40000e+01 0.00000e+00 0.00000e+00 0.00000e+00 0.00000e+00 
6.45000e+01 0.00000e+00 0.00000e+00 0.00000e+00 0.00000e+00 
6.50000e+01 0.00000e+00 0.00000e+00 0.00000e+00 0.00000e+00 
6.55000e+01 0.00000e+00 0.00000e+00 0.00000e+00 0.00000e+00 
6.60000e+01 0.00000e+00 0.00000e+00 0.00000e+00 0.00000e+00 
6.65000e+01 0.00000e+00 0.00000e+00 0.00000e+00 0.00000e+00 
6.70000e+01 0.00000e+00 0.00000e+00 0.00000e+00 0.00000e+00 
6.75000e+01 0.00000e+00 0.00000e+00 0.00000e+00 0.00000e+00 
6.80000e+01 0.00000e+00 0.00000e+00 0.00000e+00 0.00000e+00 
6.85000e+01 0.00000e+00 0.00000e+00 0.00000e+00 0.00000e+00 
6.90000e+01 0.00000e+00 0.00000e+00 0.00000e+00 0.00000e+00 
6.95000e+01 0.00000e+00 0.00000e+00 0.00000e+00 0.00000e+00 
7.00000e+01 0.00000e+00 0.00000e+00 0.00000e+00 0.00000e+00 
7.05000e+01 0.00000e+00 0.00000e+00 0.00000e+00 0.00000e+00 
7.10000e+01 0.00000e+00 0.00000e+00 0.00000e+00 0.00000e+00 
7.15000e+01 0.00000e+00 0.00000e+00 0.00000e+00 0.00000e+00 
7.20000e+01 0.00000e+00 0.00000e+00 0.00000e+00 0.00000e+00 
7.25000e+01 0.00000e+00 0.00000e+00 0.00000e+00 0.00000e+00 
7.30000e+01 0.00000e+00 0.00000e+00 0.00000e+00 0.00000e+00 
7.35000e+01 0.00000e+00 0.00000e+00 0.00000e+00 0.00000e+00 
7.40000e+01 0.00000e+00 0.00000e+00 0.00000e+00 0.00000e+00 
7.45000e+01 0.00000e+00 0.00000e+00 0.00000e+00 0.00000e+00 
7.50000e+01 0.00000e+00 0.00000e+00 0.00000e+00 0.00000e+00 
7.55000e+01 0.00000e+00 0.00000e+00 0.00000e+00 0.00000e+00 
7.60000e+01 0.00000e+00 0.00000e+00 0.00000e+00 0.00000e+00 
7.65000e+01 0.00000e+00 0.00000e+00 0.00000e+00 0.00000e+00 
7.70000e+01 0.00000e+00 0.00000e+00 0.00000e+00 0.00000e+00 
7.75000e+01 0.00000e+00 0.00000e+00 0.00000e+00 0.00000e+00 
7.80000e+01 0.00000e+00 0.00000e+00 0.00000e+00 0.00000e+00 
7.85000e+01 0.00000e+00 0.00000e+00 0.00000e+00 0.00000e+00 
7.90000e+01 0.00000e+00 0.00000e+00 0.00000e+00 0.00000e+00 
7.95000e+01 0.00000e+00 0.00000e+00 0.00000e+00 0.00000e+00 
8.00000e+01 0.00000e+00 0.00000e+00 0.00000e+00 0.00000e+00 
8.05000e+01 0.00000e+00 0.00000e+00 0.00000e+00 0.00000e+00 
8.10000e+01 0.00000e+00 0.00000e+00 0.00000e+00 0.00000e+00 
8.15000e+01 0.00000e+00 0.00000e+00 0.00000e+00 0.00000e+00 
8.20000e+01 0.00000e+00 0.00000e+00 0.00000e+00 0.00000e+00 
8.25000e+01 0.00000e+00 0.00000e+00 0.00000e+00 0.00000e+00 
8.30000e+01 0.00000e+00 0.00000e+00 0.00000e+00 0.00000e+00 
8.35000e+01 0.00000e+00 0.00000e+00 0.00000e+00 0.00000e+00 
8.40000e+01 0.00000e+00 0.00000e+00 0.00000e+00 0.00000e+00 
8.45000e+01 0.00000e+00 0.00000e+00 0.00000e+00 0.00000e+00 
8.50000e+01 0.00000e+00 0.00000e+00 0.00000e+00 0.00000e+00 
8.55000e+01 0.00000e+00 0.00000e+00 0.00000e+00 0.00000e+00 
8.60000e+01 0.00000e+00 0.00000e+00 0.00000e+00 0.00000e+00 
8.65000e+01 0.00000e+00 0.00000e+00 0.00000e+00 0.00000e+00 
8.70000e+01 0.00000e+00 0.00000e+00 0.00000e+00 0.00000e+00 
8.75000e+01 0.00000e+00 0.00000e+00 0.00000e+00 0.00000e+00 
8.80000e+01 0.00000e+00 0.00000e+00 0.00000e+00 0.00000e+00 
8.85000e+01 0.00000e+00 0.00000e+00 0.00000e+00 0.00000e+00 
8.90000e+01 0.00000e+00 0.00000e+00 0.00000e+00 0.00000e+00 
8.95000e+01 0.00000e+00 0.00000e+00 0.00000e+00 0.00000e+00 
9.00000e+01 0.00000e+00 0.00000e+00 0.00000e+00 0.00000e+00 
9.05000e+01 0.00000e+00 0.00000e+00 0.00000e+00 0.00000e+00 
9.10000e+01 0.00000e+00 0.00000e+00 0.00000e+00 0.00000e+00 
9.15000e+01 0.00000e+00 0.00000e+00 0.00000e+00 0.00000e+00 
9.20000e+01 0.00000e+00 0.00000e+00 0.00000e+00 0.00000e+00 
9.25000e+01 0.00000e+00 0.00000e+00 0.00000e+00 0.00000e+00 
9.30000e+01 0.00000e+00 0.00000e+00 0.00000e+00 0.00000e+00 
9.35000e+01 0.00000e+00 0.00000e+00 0.00000e+00 0.00000e+00 
9.40000e+01 0.00000e+00 0.00000e+00 0.00000e+00 0.00000e+00 
9.45000e+01 0.00000e+00 0.00000e+00 0.00000e+00 0.00000e+00 
9.50000e+01 0.00000e+00 0.00000e+00 0.00000e+00 0.00000e+00 
9.55000e+01 0.00000e+00 0.00000e+00 0.00000e+00 0.00000e+00 
9.60000e+01 0.00000e+00 0.00000e+00 0.00000e+00 0.00000e+00 
9.65000e+01 0.00000e+00 0.00000e+00 0.00000e+00 0.00000e+00 
9.70000e+01 0.00000e+00 0.00000e+00 0.00000e+00 0.00000e+00 
9.75000e+01 0.00000e+00 0.00000e+00 0.00000e+00 0.00000e+00 
9.80000e+01 0.00000e+00 0.00000e+00 0.00000e+00 0.00000e+00 
9.85000e+01 0.00000e+00 0.00000e+00 0.00000e+00 0.00000e+00 
9.90000e+01 0.00000e+00 0.00000e+00 0.00000e+00 0.00000e+00 
9.95000e+01 0.00000e+00 0.00000e+00 0.00000e+00 0.00000e+00 
1.00000e+02 0.00000e+00 0.00000e+00 0.00000e+00 0.00000e+00 
1.00500e+02 0.00000e+00 0.00000e+00 0.00000e+00 0.00000e+00 
1.01000e+02 0.00000e+00 0.00000e+00 0.00000e+00 0.00000e+00 
1.01500e+02 0.00000e+00 0.00000e+00 0.00000e+00 0.00000e+00 
1.02000e+02 0.00000e+00 0.00000e+00 0.00000e+00 0.00000e+00 
1.02500e+02 0.00000e+00 0.00000e+00 0.00000e+00 0.00000e+00 
1.03000e+02 0.00000e+00 0.00000e+00 0.00000e+00 0.00000e+00 
1.03500e+02 0.00000e+00 0.00000e+00 0.00000e+00 0.00000e+00 
1.04000e+02 0.00000e+00 0.00000e+00 0.00000e+00 0.00000e+00 
1.04500e+02 0.00000e+00 0.00000e+00 0.00000e+00 0.00000e+00 
1.05000e+02 0.00000e+00 0.00000e+00 0.00000e+00 0.00000e+00 
1.05500e+02 0.00000e+00 0.00000e+00 0.00000e+00 0.00000e+00 
1.06000e+02 0.00000e+00 0.00000e+00 0.00000e+00 0.00000e+00 
1.06500e+02 0.00000e+00 0.00000e+00 0.00000e+00 0.00000e+00 
1.07000e+02 0.00000e+00 0.00000e+00 0.00000e+00 0.00000e+00 
1.07500e+02 0.00000e+00 0.00000e+00 0.00000e+00 0.00000e+00 
1.08000e+02 0.00000e+00 0.00000e+00 0.00000e+00 0.00000e+00 
1.08500e+02 0.00000e+00 0.00000e+00 0.00000e+00 0.00000e+00 
1.09000e+02 0.00000e+00 0.00000e+00 0.00000e+00 0.00000e+00 
1.09500e+02 0.00000e+00 0.00000e+00 0.00000e+00 0.00000e+00 
1.10000e+02 0.00000e+00 0.00000e+00 0.00000e+00 0.00000e+00 
1.10500e+02 0.00000e+00 0.00000e+00 0.00000e+00 0.00000e+00 
1.11000e+02 0.00000e+00 0.00000e+00 0.00000e+00 0.00000e+00 
1.11500e+02 0.00000e+00 0.00000e+00 0.00000e+00 0.00000e+00 
1.12000e+02 0.00000e+00 0.00000e+00 0.00000e+00 0.00000e+00 
1.12500e+02 0.00000e+00 0.00000e+00 0.00000e+00 0.00000e+00 
1.13000e+02 0.00000e+00 0.00000e+00 0.00000e+00 0.00000e+00 
1.13500e+02 0.00000e+00 0.00000e+00 0.00000e+00 0.00000e+00 
1.14000e+02 0.00000e+00 0.00000e+00 0.00000e+00 0.00000e+00 
1.14500e+02 0.00000e+00 0.00000e+00 0.00000e+00 0.00000e+00 
1.15000e+02 0.00000e+00 0.00000e+00 0.00000e+00 0.00000e+00 
1.15500e+02 0.00000e+00 0.00000e+00 0.00000e+00 0.00000e+00 
1.16000e+02 0.00000e+00 0.00000e+00 0.00000e+00 0.00000e+00 
1.16500e+02 0.00000e+00 0.00000e+00 0.00000e+00 0.00000e+00 
1.17000e+02 0.00000e+00 0.00000e+00 0.00000e+00 0.00000e+00 
1.17500e+02 0.00000e+00 0.00000e+00 0.00000e+00 0.00000e+00 
1.18000e+02 0.00000e+00 0.00000e+00 0.00000e+00 0.00000e+00 
1.18500e+02 0.00000e+00 0.00000e+00 0.00000e+00 0.00000e+00 
1.19000e+02 0.00000e+00 0.00000e+00 0.00000e+00 0.00000e+00 
1.19500e+02 0.00000e+00 0.00000e+00 0.00000e+00 0.00000e+00 
1.20000e+02 0.00000e+00 0.00000e+00 0.00000e+00 0.00000e+00 
1.20500e+02 0.00000e+00 0.00000e+00 0.00000e+00 0.00000e+00 
1.21000e+02 0.00000e+00 0.00000e+00 0.00000e+00 0.00000e+00 
1.21500e+02 0.00000e+00 0.00000e+00 0.00000e+00 0.00000e+00 
1.22000e+02 0.00000e+00 0.00000e+00 0.00000e+00 0.00000e+00 
1.22500e+02 0.00000e+00 0.00000e+00 0.00000e+00 0.00000e+00 
1.23000e+02 0.00000e+00 0.00000e+00 0.00000e+00 0.00000e+00 
1.23500e+02 0.00000e+00 0.00000e+00 0.00000e+00 0.00000e+00 
1.24000e+02 0.00000e+00 0.00000e+00 0.00000e+00 0.00000e+00 
1.24500e+02 0.00000e+00 0.00000e+00 0.00000e+00 0.00000e+00 
1.25000e+02 0.00000e+00 0.00000e+00 0.00000e+00 0.00000e+00 
1.25500e+02 0.00000e+00 0.00000e+00 0.00000e+00 0.00000e+00 
1.26000e+02 0.00000e+00 0.00000e+00 0.00000e+00 0.00000e+00 
1.26500e+02 0.00000e+00 0.00000e+00 0.00000e+00 0.00000e+00 
1.27000e+02 0.00000e+00 0.00000e+00 0.00000e+00 0.00000e+00 
1.27500e+02 0.00000e+00 0.00000e+00 0.00000e+00 0.00000e+00 
1.28000e+02 0.00000e+00 0.00000e+00 0.00000e+00 0.00000e+00 
1.28500e+02 0.00000e+00 0.00000e+00 0.00000e+00 0.00000e+00 
1.29000e+02 0.00000e+00 0.00000e+00 0.00000e+00 0.00000e+00 
1.29500e+02 0.00000e+00 0.00000e+00 0.00000e+00 0.00000e+00 
1.30000e+02 0.00000e+00 0.00000e+00 0.00000e+00 0.00000e+00 
1.30500e+02 0.00000e+00 0.00000e+00 0.00000e+00 0.00000e+00 
1.31000e+02 0.00000e+00 0.00000e+00 0.00000e+00 0.00000e+00 
1.31500e+02 0.00000e+00 0.00000e+00 0.00000e+00 0.00000e+00 
1.32000e+02 0.00000e+00 0.00000e+00 0.00000e+00 0.00000e+00 
1.32500e+02 0.00000e+00 0.00000e+00 0.00000e+00 0.00000e+00 
1.33000e+02 0.00000e+00 0.00000e+00 0.00000e+00 0.00000e+00 
1.33500e+02 0.00000e+00 0.00000e+00 0.00000e+00 0.00000e+00 
1.34000e+02 0.00000e+00 0.00000e+00 0.00000e+00 0.00000e+00 
1.34500e+02 0.00000e+00 0.00000e+00 0.00000e+00 0.00000e+00 
1.35000e+02 0.00000e+00 0.00000e+00 0.00000e+00 2.47878e-235 
1.35500e+02 0.00000e+00 0.00000e+00 0.00000e+00 1.90285e-78 
1.36000e+02 0.00000e+00 0.00000e+00 0.00000e+00 2.79035e-21 
1.36500e+02 0.00000e+00 0.00000e+00 0.00000e+00 4.36503e-07 
1.37000e+02 0.00000e+00 0.00000e+00 1.24489e-305 1.57631e-02 
1.37500e+02 0.00000e+00 0.00000e+00 9.22495e-169 6.22719e-02 
1.38000e+02 0.00000e+00 0.00000e+00 1.98176e-99 7.13919e-02 
1.38500e+02 0.00000e+00 0.00000e+00 5.37556e-57 7.65718e-02 
1.39000e+02 0.00000e+00 0.00000e+00 2.77634e-31 8.05201e-02 
1.39500e+02 0.00000e+00 0.00000e+00 3.15547e-16 8.39041e-02 
1.40000e+02 0.00000e+00 0.00000e+00 7.72440e-08 8.71222e-02 
1.40500e+02 0.00000e+00 0.00000e+00 1.01539e-03 9.03482e-02 
1.41000e+02 0.00000e+00 0.00000e+00 3.56658e-02 9.34777e-02 
1.41500e+02 0.00000e+00 0.00000e+00 6.09944e-02 9.63860e-02 
1.42000e+02 0.00000e+00 7.80447e-233 6.95655e-02 9.90824e-02 
1.42500e+02 0.00000e+00 1.75267e-122 7.46244e-02 1.01649e-01 
1.43000e+02 0.00000e+00 9.72474e-63 7.84174e-02 1.04162e-01 
1.43500e+02 0.00000e+00 1.12426e-30 8.16603e-02 1.06670e-01 
1.44000e+02 0.00000e+00 3.23175e-14 8.45868e-02 1.09186e-01 
1.44500e+02 0.00000e+00 2.53155e-06 8.72283e-02 1.11693e-01 
1.45000e+02 0.00000e+00 6.04708e-03 8.95883e-02 1.14163e-01 
1.45500e+02 0.00000e+00 5.27994e-02 9.17148e-02 1.16579e-01 
1.46000e+02 0.00000e+00 7.03131e-02 9.36812e-02 1.18931e-01 
1.46500e+02 0.00000e+00 7.77920e-02 9.55471e-02 1.21207e-01 
1.47000e+02 0.00000e+00 8.27357e-02 9.73439e-02 1.23405e-01 
1.47500e+02 0.00000e+00 8.65039e-02 9.90730e-02 1.25536e-01 
1.48000e+02 0.00000e+00 8.95806e-02 1.00722e-01 1.27606e-01 
1.48500e+02 0.00000e+00 9.21903e-02 1.02278e-01 1.29598e-01 
1.49000e+02 0.00000e+00 9.44547e-02 1.03740e-01 1.31475e-01 
1.49500e+02 0.00000e+00 9.64519e-02 1.05110e-01 1.33208e-01 
1.50000e+02 0.00000e+00 9.82393e-02 1.06396e-01 1.34792e-01 
1.50500e+02 0.00000e+00 9.98629e-02 1.07609e-01 1.36244e-01 
1.51000e+02 0.00000e+00 1.01359e-01 1.08758e-01 1.37591e-01 
1.51500e+02 0.00000e+00 1.02757e-01 1.09853e-01 1.38870e-01 
1.52000e+02 0.00000e+00 1.04078e-01 1.10902e-01 1.40113e-01 
1.52500e+02 0.00000e+00 1.05336e-01 1.11911e-01 1.41342e-01 
1.53000e+02 0.00000e+00 1.06540e-01 1.12886e-01 1.42555e-01 
1.53500e+02 0.00000e+00 1.07697e-01 1.13830e-01 1.43733e-01 
1.54000e+02 0.00000e+00 1.08809e-01 1.14746e-01 1.44859e-01 
1.54500e+02 0.00000e+00 1.09880e-01 1.15637e-01 1.45923e-01 
1.55000e+02 0.00000e+00 1.10911e-01 1.16504e-01 1.46927e-01 
1.55500e+02 0.00000e+00 1.11907e-01 1.17348e-01 1.47878e-01 
1.56000e+02 0.00000e+00 1.12869e-01 1.18171e-01 1.48785e-01 
1.56500e+02 0.00000e+00 1.13801e-01 1.18973e-01 1.49656e-01 
1.57000e+02 0.00000e+00 1.14708e-01 1.19755e-01 1.50496e-01 
1.57500e+02 0.00000e+00 1.15591e-01 1.20518e-01 1.51310e-01 
1.58000e+02 0.00000e+00 1.16454e-01 1.21263e-01 1.52101e-01 
1.58500e+02 0.00000e+00 1.17299e-01 1.21989e-01 1.52871e-01 
1.59000e+02 0.00000e+00 1.18129e-01 1.22699e-01 1.53623e-01 
1.59500e+02 0.00000e+00 1.18945e-01 1.23392e-01 1.54359e-01 
1.60000e+02 0.00000e+00 1.19748e-01 1.24069e-01 1.55080e-01 
1.60500e+02 0.00000e+00 1.20541e-01 1.24731e-01 1.55787e-01 
1.61000e+02 0.00000e+00 1.21324e-01 1.25379e-01 1.56481e-01 
1.61500e+02 0.00000e+00 1.22098e-01 1.26012e-01 1.57164e-01 
1.62000e+02 0.00000e+00 1.22863e-01 1.26631e-01 1.57835e-01 
1.62500e+02 0.00000e+00 1.23621e-01 1.27238e-01 1.58496e-01 
1.63000e+02 0.00000e+00 1.24372e-01 1.27831e-01 1.59148e-01 
1.63500e+02 0.00000e+00 1.25115e-01 1.28413e-01 1.59790e-01 
1.64000e+02 0.00000e+00 1.25852e-01 1.28983e-01 1.60424e-01 
1.64500e+02 0.00000e+00 1.26583e-01 1.29542e-01 1.61050e-01 
1.65000e+02 0.00000e+00 1.27308e-01 1.30090e-01 1.61667e-01 
1.65500e+02 0.00000e+00 1.28028e-01 1.30629e-01 1.62278e-01 
1.66000e+02 0.00000e+00 1.28742e-01 1.31159e-01 1.62881e-01 
1.66500e+02 0.00000e+00 1.29450e-01 1.31680e-01 1.63477e-01 
1.67000e+02 0.00000e+00 1.30154e-01 1.32193e-01 1.64066e-01 
1.67500e+02 0.00000e+00 1.30853e-01 1.32698e-01 1.64649e-01 
1.68000e+02 0.00000e+00 1.31547e-01 1.33196e-01 1.65226e-01 
1.68500e+02 0.00000e+00 1.32236e-01 1.33687e-01 1.65797e-01 
1.69000e+02 0.00000e+00 1.32921e-01 1.34172e-01 1.66362e-01 
1.69500e+02 0.00000e+00 1.33601e-01 1.34650e-01 1.66921e-01 
1.70000e+02 0.00000e+00 1.34276e-01 1.35123e-01 1.67475e-01 
1.70500e+02 0.00000e+00 1.34947e-01 1.35589e-01 1.68024e-01 
1.71000e+02 0.00000e+00 1.35613e-01 1.36051e-01 1.68568e-01 
1.71500e+02 0.00000e+00 1.36275e-01 1.36506e-01 1.69107e-01 
1.72000e+02 0.00000e+00 1.36932e-01 1.36957e-01 1.69641e-01 
1.72500e+02 0.00000e+00 1.37586e-01 1.37402e-01 1.70172e-01 
1.73000e+02 0.00000e+00 1.38234e-01 1.37842e-01 1.70698e-01 
1.73500e+02 0.00000e+00 1.38879e-01 1.38278e-01 1.71221e-01 
1.74000e+02 0.00000e+00 1.39519e-01 1.38709e-01 1.71740e-01 
1.74500e+02 0.00000e+00 1.40155e-01 1.39135e-01 1.72257e-01 
1.75000e+02 0.00000e+00 1.40787e-01 1.39556e-01 1.72770e-01 
1.75500e+02 0.00000e+00 1.41414e-01 1.39973e-01 1.73281e-01 
1.76000e+02 0.00000e+00 1.42037e-01 1.40385e-01 1.73790e-01 
1.76500e+02 0.00000e+00 1.42655e-01 1.40793e-01 1.74296e-01 
1.77000e+02 0.00000e+00 1.43269e-01 1.41197e-01 1.74800e-01 
1.77500e+02 0.00000e+00 1.43878e-01 1.41597e-01 1.75301e-01 
1.78000e+02 0.00000e+00 1.44481e-01 1.41993e-01 1.75799e-01 
1.78500e+02 0.00000e+00 1.45080e-01 1.42384e-01 1.76294e-01 
1.79000e+02 0.00000e+00 1.45673e-01 1.42772e-01 1.76785e-01 
1.79500e+02 0.00000e+00 1.46261e-01 1.43156e-01 1.77273e-01 
1.80000e+02 0.00000e+00 1.46843e-01 1.43535e-01 1.77758e-01 
1.80500e+02 0.00000e+00 1.47420e-01 1.43912e-01 1.78239e-01 
1.81000e+02 0.00000e+00 1.47991e-01 1.44284e-01 1.78716e-01 
1.81500e+02 0.00000e+00 1.48556e-01 1.44653e-01 1.79190e-01 
1.82000e+02 0.00000e+00 1.49115e-01 1.45018e-01 1.79660e-01 
1.82500e+02 0.00000e+00 1.49669e-01 1.45380e-01 1.80127e-01 
1.83000e+02 0.00000e+00 1.50217e-01 1.45738e-01 1.80591e-01 
1.83500e+02 0.00000e+00 1.50759e-01 1.46093e-01 1.81053e-01 
1.84000e+02 0.00000e+00 1.51295e-01 1.46444e-01 1.81512e-01 
1.84500e+02 0.00000e+00 1.51826e-01 1.46792e-01 1.81970e-01 
1.85000e+02 0.00000e+00 1.52351e-01 1.47137e-01 1.82425e-01 
1.85500e+02 0.00000e+00 1.52872e-01 1.47479e-01 1.82878e-01 
1.86000e+02 0.00000e+00 1.53386e-01 1.47818e-01 1.83329e-01 
1.86500e+02 0.00000e+00 1.53896e-01 1.48154e-01 1.83778e-01 
1.87000e+02 0.00000e+00 1.54401e-01 1.48487e-01 1.84225e-01 
1.87500e+02 0.00000e+00 1.54901e-01 1.48817e-01 1.84669e-01 
1.88000e+02 0.00000e+00 1.55397e-01 1.49144e-01 1.85111e-01 
1.88500e+02 0.00000e+00 1.55887e-01 1.49468e-01 1.85549e-01 
1.89000e+02 0.00000e+00 1.56374e-01 1.49790e-01 1.85984e-01 
1.89500e+02 0.00000e+00 1.56855e-01 1.50109e-01 1.86415e-01 
1.90000e+02 0.00000e+00 1.57333e-01 1.50425e-01 1.86843e-01 
1.90500e+02 0.00000e+00 1.57806e-01 1.50739e-01 1.87266e-01 
1.91000e+02 0.00000e+00 1.58276e-01 1.51050e-01 1.87685e-01 
1.91500e+02 0.00000e+00 1.58741e-01 1.51359e-01 1.88099e-01 
1.92000e+02 0.00000e+00 1.59202e-01 1.51666e-01 1.88509e-01 
1.92500e+02 0.00000e+00 1.59659e-01 1.51970e-01 1.88915e-01 
1.93000e+02 0.00000e+00 1.60112e-01 1.52272e-01 1.89315e-01 
1.93500e+02 0.00000e+00 1.60562e-01 1.52572e-01 1.89712e-01 
1.94000e+02 0.00000e+00 1.61007e-01 1.52870e-01 1.90103e-01 
1.94500e+02 0.00000e+00 1.61449e-01 1.53165e-01 1.90490e-01 
1.95000e+02 0.00000e+00 1.61887e-01 1.53459e-01 1.90873e-01 
1.95500e+02 0.00000e+00 1.62322e-01 1.53751e-01 1.91251e-01 
1.96000e+02 0.00000e+00 1.62753e-01 1.54041e-01 1.91626e-01 
1.96500e+02 0.00000e+00 1.63180e-01 1.54329e-01 1.91996e-01 
1.97000e+02 0.00000e+00 1.63603e-01 1.54615e-01 1.92362e-01 
1.97500e+02 0.00000e+00 1.64023e-01 1.54900e-01 1.92724e-01 
1.98000e+02 0.00000e+00 1.64440e-01 1.55183e-01 1.93082e-01 
1.98500e+02 0.00000e+00 1.64853e-01 1.55464e-01 1.93437e-01 
1.99000e+02 0.00000e+00 1.65263e-01 1.55744e-01 1.93788e-01 
1.99500e+02 0.00000e+00 1.65669e-01 1.56023e-01 1.94136e-01 
2.00000e+02 0.00000e+00 1.66072e-01 1.56300e-01 1.94480e-01 
2.00500e+02 0.00000e+00 1.66472e-01 1.56575e-01 1.94820e-01 
2.01000e+02 0.00000e+00 1.66868e-01 1.56849e-01 1.95158e-01 
2.01500e+02 0.00000e+00 1.67261e-01 1.57122e-01 1.95492e-01 
2.02000e+02 0.00000e+00 1.67651e-01 1.57394e-01 1.95823e-01 
2.02500e+02 0.00000e+00 1.68037e-01 1.57664e-01 1.96151e-01 
2.03000e+02 0.00000e+00 1.68420e-01 1.57933e-01 1.96475e-01 
2.03500e+02 0.00000e+00 1.68800e-01 1.58201e-01 1.96797e-01 
2.04000e+02 0.00000e+00 1.69177e-01 1.58468e-01 1.97116e-01 
2.04500e+02 0.00000e+00 1.69550e-01 1.58733e-01 1.97432e-01 
2.05000e+02 0.00000e+00 1.69920e-01 1.58998e-01 1.97745e-01 
2.05500e+02 0.00000e+00 1.70287e-01 1.59261e-01 1.98055e-01 
2.06000e+02 0.00000e+00 1.70651e-01 1.59523e-01 1.98362e-01 
2.06500e+02 0.00000e+00 1.71012e-01 1.59784e-01 1.98667e-01 
2.07000e+02 0.00000e+00 1.71370e-01 1.60044e-01 1.98968e-01 
2.07500e+02 0.00000e+00 1.71724e-01 1.60303e-01 1.99268e-01 
2.08000e+02 0.00000e+00 1.72076e-01 1.60561e-01 1.99564e-01 
2.08500e+02 0.00000e+00 1.72424e-01 1.60817e-01 1.99858e-01 
2.09000e+02 0.00000e+00 1.72770e-01 1.61073e-01 2.00149e-01 
2.09500e+02 0.00000e+00 1.73112e-01 1.61328e-01 2.00438e-01 
2.10000e+02 0.00000e+00 1.73452e-01 1.61581e-01 2.00724e-01 
2.10500e+02 0.00000e+00 1.73789e-01 1.61834e-01 2.01008e-01 
2.11000e+02 0.00000e+00 1.74123e-01 1.62085e-01 2.01289e-01 
2.11500e+02 0.00000e+00 1.74454e-01 1.62336e-01 2.01568e-01 
2.12000e+02 0.00000e+00 1.74783e-01 1.62585e-01 2.01844e-01 
2.12500e+02 0.00000e+00 1.75109e-01 1.62834e-01 2.02118e-01 
2.13000e+02 0.00000e+00 1.75432e-01 1.63081e-01 2.02389e-01 
2.13500e+02 0.00000e+00 1.75753e-01 1.63328e-01 2.02659e-01 
2.14000e+02 0.00000e+00 1.76071e-01 1.63573e-01 2.02925e-01 
2.14500e+02 0.00000e+00 1.76387e-01 1.63818e-01 2.03190e-01 
2.15000e+02 0.00000e+00 1.76701e-01 1.64062e-01 2.03452e-01 
2.15500e+02 0.00000e+00 1.77012e-01 1.64305e-01 2.03712e-01 
2.16000e+02 0.00000e+00 1.77321e-01 1.64547e-01 2.03970e-01 
2.16500e+02 0.00000e+00 1.77628e-01 1.64789e-01 2.04225e-01 
2.17000e+02 0.00000e+00 1.77933e-01 1.65030e-01 2.04479e-01 
2.17500e+02 0.00000e+00 1.78236e-01 1.65270e-01 2.04730e-01 
2.18000e+02 0.00000e+00 1.78537e-01 1.65509e-01 2.04979e-01 
2.18500e+02 0.00000e+00 1.78836e-01 1.65748e-01 2.05225e-01 
2.19000e+02 0.00000e+00 1.79133e-01 1.65986e-01 2.05470e-01 
2.19500e+02 0.00000e+00 1.79428e-01 1.66223e-01 2.05713e-01 
2.20000e+02 0.00000e+00 1.79722e-01 1.66460e-01 2.05953e-01 
2.20500e+02 0.00000e+00 1.80015e-01 1.66696e-01 2.06192e-01 
2.21000e+02 0.00000e+00 1.80305e-01 1.66932e-01 2.06429e-01 
2.21500e+02 0.00000e+00 1.80594e-01 1.67168e-01 2.06663e-01 
2.22000e+02 0.00000e+00 1.80882e-01 1.67403e-01 2.06896e-01 
2.22500e+02 0.00000e+00 1.81168e-01 1.67638e-01 2.07127e-01 
2.23000e+02 0.00000e+00 1.81453e-01 1.67872e-01 2.07356e-01 
2.23500e+02 0.00000e+00 1.81737e-01 1.68107e-01 2.07583e-01 
2.24000e+02 0.00000e+00 1.82019e-01 1.68341e-01 2.07809e-01 
2.24500e+02 0.00000e+00 1.82300e-01 1.68575e-01 2.08033e-01 
2.25000e+02 0.00000e+00 1.82580e-01 1.68810e-01 2.08255e-01 
2.25500e+02 0.00000e+00 1.82859e-01 1.69044e-01 2.08475e-01 
2.26000e+02 0.00000e+00 1.83136e-01 1.69278e-01 2.08694e-01 
2.26500e+02 0.00000e+00 1.83412e-01 1.69512e-01 2.08911e-01 
2.27000e+02 0.00000e+00 1.83687e-01 1.69746e-01 2.09127e-01 
2.27500e+02 0.00000e+00 1.83960e-01 1.69980e-01 2.09341e-01 
2.28000e+02 0.00000e+00 1.84232e-01 1.70214e-01 2.09554e-01 
2.28500e+02 0.00000e+00 1.84504e-01 1.70448e-01 2.09766e-01 
2.29000e+02 0.00000e+00 1.84773e-01 1.70682e-01 2.09976e-01 
2.29500e+02 0.00000e+00 1.85042e-01 1.70917e-01 2.10185e-01 
2.30000e+02 0.00000e+00 1.85310e-01 1.71151e-01 2.10393e-01 
2.30500e+02 0.00000e+00 1.85576e-01 1.71385e-01 2.10600e-01 
2.31000e+02 0.00000e+00 1.85841e-01 1.71621e-01 2.10805e-01 
2.31500e+02 0.00000e+00 1.86105e-01 1.71858e-01 2.11010e-01 
2.32000e+02 0.00000e+00 1.86367e-01 1.72098e-01 2.11213e-01 
2.32500e+02 0.00000e+00 1.86629e-01 1.72341e-01 2.11416e-01 
2.33000e+02 0.00000e+00 1.86889e-01 1.72589e-01 2.11618e-01 
2.33500e+02 0.00000e+00 1.87148e-01 1.72845e-01 2.11819e-01 
2.34000e+02 0.00000e+00 1.87406e-01 1.73110e-01 2.12019e-01 
2.34500e+02 0.00000e+00 1.87663e-01 1.73388e-01 2.12218e-01 
2.35000e+02 0.00000e+00 1.87919e-01 1.73682e-01 2.12417e-01 
2.35500e+02 0.00000e+00 1.88173e-01 1.73994e-01 2.12615e-01 
2.36000e+02 0.00000e+00 1.88427e-01 1.74328e-01 2.12813e-01 
2.36500e+02 0.00000e+00 1.88679e-01 1.74688e-01 2.13010e-01 
2.37000e+02 0.00000e+00 1.88930e-01 1.75076e-01 2.13207e-01 
2.37500e+02 0.00000e+00 1.89181e-01 1.75495e-01 2.13403e-01 
2.38000e+02 0.00000e+00 1.89430e-01 1.75948e-01 2.13599e-01 
2.38500e+02 0.00000e+00 1.89678e-01 1.76435e-01 2.13795e-01 
2.39000e+02 0.00000e+00 1.89925e-01 1.76957e-01 2.13990e-01 
2.39500e+02 0.00000e+00 1.90171e-01 1.77516e-01 2.14185e-01 
2.40000e+02 0.00000e+00 1.90417e-01 1.78110e-01 2.14380e-01 
