0.00000e+00 0.00000e+00 0.00000e+00 0.00000e+00 0.00000e+00 
5.00000e-01 0.00000e+00 0.00000e+00 0.00000e+00 0.00000e+00 
1.00000e+00 0.00000e+00 0.00000e+00 0.00000e+00 0.00000e+00 
1.50000e+00 0.00000e+00 0.00000e+00 0.00000e+00 0.00000e+00 
2.00000e+00 0.00000e+00 0.00000e+00 0.00000e+00 0.00000e+00 
2.50000e+00 0.00000e+00 0.00000e+00 0.00000e+00 0.00000e+00 
3.00000e+00 0.00000e+00 0.00000e+00 0.00000e+00 0.00000e+00 
3.50000e+00 0.00000e+00 0.00000e+00 0.00000e+00 0.00000e+00 
4.00000e+00 0.00000e+00 0.00000e+00 0.00000e+00 0.00000e+00 
4.50000e+00 0.00000e+00 0.00000e+00 0.00000e+00 0.00000e+00 
5.00000e+00 0.00000e+00 0.00000e+00 0.00000e+00 0.00000e+00 
5.50000e+00 0.00000e+00 0.00000e+00 0.00000e+00 0.00000e+00 
6.00000e+00 0.00000e+00 0.00000e+00 0.00000e+00 0.00000e+00 
6.50000e+00 0.00000e+00 0.00000e+00 0.00000e+00 0.00000e+00 
7.00000e+00 0.00000e+00 0.00000e+00 0.00000e+00 0.00000e+00 
7.50000e+00 0.00000e+00 0.00000e+00 0.00000e+00 0.00000e+00 
8.00000e+00 0.00000e+00 0.00000e+00 0.00000e+00 0.00000e+00 
8.50000e+00 0.00000e+00 0.00000e+00 0.00000e+00 0.00000e+00 
9.00000e+00 0.00000e+00 0.00000e+00 0.00000e+00 0.00000e+00 
9.50000e+00 0.00000e+00 0.00000e+00 0.00000e+00 0.00000e+00 
1.00000e+01 0.00000e+00 0.00000e+00 0.00000e+00 0.00000e+00 
1.05000e+01 0.00000e+00 0.00000e+00 0.00000e+00 0.00000e+00 
1.10000e+01 0.00000e+00 0.00000e+00 0.00000e+00 0.00000e+00 
1.15000e+01 0.00000e+00 0.00000e+00 0.00000e+00 0.00000e+00 
1.20000e+01 0.00000e+00 0.00000e+00 0.00000e+00 0.00000e+00 
1.25000e+01 0.00000e+00 0.00000e+00 0.00000e+00 0.00000e+00 
1.30000e+01 0.00000e+00 0.00000e+00 0.00000e+00 0.00000e+00 
1.35000e+01 0.00000e+00 0.00000e+00 0.00000e+00 0.00000e+00 
1.40000e+01 0.00000e+00 0.00000e+00 0.00000e+00 0.00000e+00 
1.45000e+01 0.00000e+00 0.00000e+00 0.00000e+00 0.00000e+00 
1.50000e+01 0.00000e+00 0.00000e+00 0.00000e+00 0.00000e+00 
1.55000e+01 0.00000e+00 0.00000e+00 0.00000e+00 0.00000e+00 
1.60000e+01 0.00000e+00 0.00000e+00 0.00000e+00 0.00000e+00 
1.65000e+01 0.00000e+00 0.00000e+00 0.00000e+00 0.00000e+00 
1.70000e+01 0.00000e+00 0.00000e+00 0.00000e+00 0.00000e+00 
1.75000e+01 0.00000e+00 0.00000e+00 0.00000e+00 0.00000e+00 
1.80000e+01 0.00000e+00 0.00000e+00 0.00000e+00 0.00000e+00 
1.85000e+01 0.00000e+00 0.00000e+00 0.00000e+00 0.00000e+00 
1.90000e+01 0.00000e+00 0.00000e+00 0.00000e+00 0.00000e+00 
1.95000e+01 0.00000e+00 0.00000e+00 0.00000e+00 0.00000e+00 
2.00000e+01 0.00000e+00 0.00000e+00 0.00000e+00 0.00000e+00 
2.05000e+01 0.00000e+00 0.00000e+00 0.00000e+00 0.00000e+00 
2.10000e+01 0.00000e+00 0.00000e+00 0.00000e+00 0.00000e+00 
2.15000e+01 0.00000e+00 0.00000e+00 0.00000e+00 0.00000e+00 
2.20000e+01 0.00000e+00 0.00000e+00 0.00000e+00 0.00000e+00 
2.25000e+01 0.00000e+00 0.00000e+00 0.00000e+00 0.00000e+00 
2.30000e+01 0.00000e+00 0.00000e+00 0.00000e+00 0.00000e+00 
2.35000e+01 0.00000e+00 0.00000e+00 0.00000e+00 0.00000e+00 
2.40000e+01 0.00000e+00 0.00000e+00 0.00000e+00 0.00000e+00 
2.45000e+01 0.00000e+00 0.00000e+00 0.00000e+00 0.00000e+00 
2.50000e+01 0.00000e+00 0.00000e+00 0.00000e+00 0.00000e+00 
2.55000e+01 0.00000e+00 0.00000e+00 0.00000e+00 0.00000e+00 
2.60000e+01 0.00000e+00 0.00000e+00 0.00000e+00 0.00000e+00 
2.65000e+01 0.00000e+00 0.00000e+00 0.00000e+00 0.00000e+00 
2.70000e+01 0.00000e+00 0.00000e+00 0.00000e+00 0.00000e+00 
2.75000e+01 0.00000e+00 0.00000e+00 0.00000e+00 0.00000e+00 
2.80000e+01 0.00000e+00 0.00000e+00 0.00000e+00 0.00000e+00 
2.85000e+01 0.00000e+00 0.00000e+00 0.00000e+00 0.00000e+00 
2.90000e+01 0.00000e+00 0.00000e+00 0.00000e+00 0.00000e+00 
2.95000e+01 0.00000e+00 0.00000e+00 0.00000e+00 0.00000e+00 
3.00000e+01 0.00000e+00 0.00000e+00 0.00000e+00 0.00000e+00 
3.05000e+01 0.00000e+00 0.00000e+00 0.00000e+00 0.00000e+00 
3.10000e+01 0.00000e+00 0.00000e+00 0.00000e+00 0.00000e+00 
3.15000e+01 0.00000e+00 0.00000e+00 0.00000e+00 0.00000e+00 
3.20000e+01 0.00000e+00 0.00000e+00 0.00000e+00 0.00000e+00 
3.25000e+01 0.00000e+00 0.00000e+00 0.00000e+00 0.00000e+00 
3.30000e+01 0.00000e+00 0.00000e+00 0.00000e+00 0.00000e+00 
3.35000e+01 0.00000e+00 0.00000e+00 0.00000e+00 0.00000e+00 
3.40000e+01 0.00000e+00 0.00000e+00 0.00000e+00 0.00000e+00 
3.45000e+01 0.00000e+00 0.00000e+00 0.00000e+00 0.00000e+00 
3.50000e+01 0.00000e+00 0.00000e+00 0.00000e+00 0.00000e+00 
3.55000e+01 0.00000e+00 0.00000e+00 0.00000e+00 0.00000e+00 
3.60000e+01 0.00000e+00 0.00000e+00 0.00000e+00 0.00000e+00 
3.65000e+01 0.00000e+00 0.00000e+00 0.00000e+00 0.00000e+00 
3.70000e+01 0.00000e+00 0.00000e+00 0.00000e+00 0.00000e+00 
3.75000e+01 0.00000e+00 0.00000e+00 0.00000e+00 0.00000e+00 
3.80000e+01 0.00000e+00 0.00000e+00 0.00000e+00 0.00000e+00 
3.85000e+01 0.00000e+00 0.00000e+00 0.00000e+00 0.00000e+00 
3.90000e+01 0.00000e+00 0.00000e+00 0.00000e+00 0.00000e+00 
3.95000e+01 0.00000e+00 0.00000e+00 0.00000e+00 0.00000e+00 
4.00000e+01 0.00000e+00 0.00000e+00 0.00000e+00 0.00000e+00 
4.05000e+01 0.00000e+00 0.00000e+00 0.00000e+00 0.00000e+00 
4.10000e+01 0.00000e+00 0.00000e+00 0.00000e+00 0.00000e+00 
4.15000e+01 0.00000e+00 0.00000e+00 0.00000e+00 0.00000e+00 
4.20000e+01 0.00000e+00 0.00000e+00 0.00000e+00 0.00000e+00 
4.25000e+01 0.00000e+00 0.00000e+00 0.00000e+00 0.00000e+00 
4.30000e+01 0.00000e+00 0.00000e+00 0.00000e+00 0.00000e+00 
4.35000e+01 0.00000e+00 0.00000e+00 0.00000e+00 0.00000e+00 
4.40000e+01 0.00000e+00 0.00000e+00 0.00000e+00 0.00000e+00 
4.45000e+01 0.00000e+00 0.00000e+00 0.00000e+00 0.00000e+00 
4.50000e+01 0.00000e+00 0.00000e+00 0.00000e+00 0.00000e+00 
4.55000e+01 0.00000e+00 0.00000e+00 0.00000e+00 0.00000e+00 
4.60000e+01 0.00000e+00 0.00000e+00 0.00000e+00 0.00000e+00 
4.65000e+01 0.00000e+00 0.00000e+00 0.00000e+00 0.00000e+00 
4.70000e+01 0.00000e+00 0.00000e+00 0.00000e+00 0.00000e+00 
4.75000e+01 0.00000e+00 0.00000e+00 0.00000e+00 0.00000e+00 
4.80000e+01 0.00000e+00 0.00000e+00 0.00000e+00 0.00000e+00 
4.85000e+01 0.00000e+00 0.00000e+00 0.00000e+00 0.00000e+00 
4.90000e+01 0.00000e+00 0.00000e+00 0.00000e+00 0.00000e+00 
4.95000e+01 0.00000e+00 0.00000e+00 0.00000e+00 0.00000e+00 
5.00000e+01 0.00000e+00 0.00000e+00 0.00000e+00 0.00000e+00 
5.05000e+01 0.00000e+00 0.00000e+00 0.00000e+00 0.00000e+00 
5.10000e+01 0.00000e+00 0.00000e+00 0.00000e+00 0.00000e+00 
5.15000e+01 0.00000e+00 0.00000e+00 0.00000e+00 0.00000e+00 
5.20000e+01 0.00000e+00 0.00000e+00 0.00000e+00 0.00000e+00 
5.25000e+01 0.00000e+00 0.00000e+00 0.00000e+00 0.00000e+00 
5.30000e+01 0.00000e+00 0.00000e+00 0.00000e+00 0.00000e+00 
5.35000e+01 0.00000e+00 0.00000e+00 0.00000e+00 0.00000e+00 
5.40000e+01 0.00000e+00 0.00000e+00 0.00000e+00 0.00000e+00 
5.45000e+01 0.00000e+00 0.00000e+00 0.00000e+00 0.00000e+00 
5.50000e+01 0.00000e+00 0.00000e+00 0.00000e+00 0.00000e+00 
5.55000e+01 0.00000e+00 0.00000e+00 0.00000e+00 0.00000e+00 
5.60000e+01 0.00000e+00 0.00000e+00 0.00000e+00 0.00000e+00 
5.65000e+01 0.00000e+00 0.00000e+00 0.00000e+00 0.00000e+00 
5.70000e+01 0.00000e+00 0.00000e+00 0.00000e+00 0.00000e+00 
5.75000e+01 0.00000e+00 0.00000e+00 0.00000e+00 0.00000e+00 
5.80000e+01 0.00000e+00 0.00000e+00 0.00000e+00 0.00000e+00 
5.85000e+01 0.00000e+00 0.00000e+00 0.00000e+00 0.00000e+00 
5.90000e+01 0.00000e+00 0.00000e+00 0.00000e+00 0.00000e+00 
5.95000e+01 0.00000e+00 0.00000e+00 0.00000e+00 0.00000e+00 
6.00000e+01 0.00000e+00 0.00000e+00 0.00000e+00 0.00000e+00 
6.05000e+01 0.00000e+00 0.00000e+00 0.00000e+00 0.00000e+00 
6.10000e+01 0.00000e+00 0.00000e+00 0.00000e+00 0.00000e+00 
6.15000e+01 0.00000e+00 0.00000e+00 0.00000e+00 0.00000e+00 
6.20000e+01 0.00000e+00 0.00000e+00 0.00000e+00 0.00000e+00 
6.25000e+01 0.00000e+00 0.00000e+00 0.00000e+00 0.00000e+00 
6.30000e+01 0.00000e+00 0.00000e+00 0.00000e+00 0.00000e+00 
6.35000e+01 0.00000e+00 0.00000e+00 0.00000e+00 0.00000e+00 
6.40000e+01 0.00000e+00 0.00000e+00 0.00000e+00 0.00000e+00 
6.45000e+01 0.00000e+00 0.00000e+00 0.00000e+00 0.00000e+00 
6.50000e+01 0.00000e+00 0.00000e+00 0.00000e+00 0.00000e+00 
6.55000e+01 0.00000e+00 0.00000e+00 0.00000e+00 0.00000e+00 
6.60000e+01 0.00000e+00 0.00000e+00 0.00000e+00 0.00000e+00 
6.65000e+01 0.00000e+00 0.00000e+00 0.00000e+00 0.00000e+00 
6.70000e+01 0.00000e+00 0.00000e+00 0.00000e+00 0.00000e+00 
6.75000e+01 0.00000e+00 0.00000e+00 0.00000e+00 0.00000e+00 
6.80000e+01 0.00000e+00 0.00000e+00 0.00000e+00 0.00000e+00 
6.85000e+01 0.00000e+00 0.00000e+00 0.00000e+00 0.00000e+00 
6.90000e+01 0.00000e+00 0.00000e+00 0.00000e+00 0.00000e+00 
6.95000e+01 0.00000e+00 0.00000e+00 0.00000e+00 0.00000e+00 
7.00000e+01 0.00000e+00 0.00000e+00 0.00000e+00 0.00000e+00 
7.05000e+01 0.00000e+00 0.00000e+00 0.00000e+00 0.00000e+00 
7.10000e+01 0.00000e+00 0.00000e+00 0.00000e+00 0.00000e+00 
7.15000e+01 0.00000e+00 0.00000e+00 0.00000e+00 0.00000e+00 
7.20000e+01 0.00000e+00 0.00000e+00 0.00000e+00 0.00000e+00 
7.25000e+01 0.00000e+00 0.00000e+00 0.00000e+00 0.00000e+00 
7.30000e+01 0.00000e+00 0.00000e+00 0.00000e+00 0.00000e+00 
7.35000e+01 0.00000e+00 0.00000e+00 0.00000e+00 0.00000e+00 
7.40000e+01 0.00000e+00 0.00000e+00 0.00000e+00 0.00000e+00 
7.45000e+01 0.00000e+00 0.00000e+00 0.00000e+00 0.00000e+00 
7.50000e+01 0.00000e+00 0.00000e+00 0.00000e+00 0.00000e+00 
7.55000e+01 0.00000e+00 0.00000e+00 0.00000e+00 0.00000e+00 
7.60000e+01 0.00000e+00 0.00000e+00 0.00000e+00 0.00000e+00 
7.65000e+01 0.00000e+00 0.00000e+00 0.00000e+00 0.00000e+00 
7.70000e+01 0.00000e+00 0.00000e+00 0.00000e+00 0.00000e+00 
7.75000e+01 0.00000e+00 0.00000e+00 0.00000e+00 0.00000e+00 
7.80000e+01 0.00000e+00 0.00000e+00 0.00000e+00 0.00000e+00 
7.85000e+01 0.00000e+00 0.00000e+00 0.00000e+00 0.00000e+00 
7.90000e+01 0.00000e+00 0.00000e+00 0.00000e+00 0.00000e+00 
7.95000e+01 0.00000e+00 0.00000e+00 0.00000e+00 0.00000e+00 
8.00000e+01 0.00000e+00 0.00000e+00 0.00000e+00 0.00000e+00 
8.05000e+01 0.00000e+00 0.00000e+00 0.00000e+00 0.00000e+00 
8.10000e+01 0.00000e+00 0.00000e+00 0.00000e+00 0.00000e+00 
8.15000e+01 0.00000e+00 0.00000e+00 0.00000e+00 0.00000e+00 
8.20000e+01 0.00000e+00 0.00000e+00 0.00000e+00 0.00000e+00 
8.25000e+01 0.00000e+00 0.00000e+00 0.00000e+00 0.00000e+00 
8.30000e+01 0.00000e+00 0.00000e+00 0.00000e+00 0.00000e+00 
8.35000e+01 0.00000e+00 0.00000e+00 0.00000e+00 0.00000e+00 
8.40000e+01 0.00000e+00 0.00000e+00 0.00000e+00 0.00000e+00 
8.45000e+01 0.00000e+00 0.00000e+00 0.00000e+00 0.00000e+00 
8.50000e+01 0.00000e+00 0.00000e+00 0.00000e+00 0.00000e+00 
8.55000e+01 0.00000e+00 0.00000e+00 0.00000e+00 0.00000e+00 
8.60000e+01 0.00000e+00 0.00000e+00 0.00000e+00 0.00000e+00 
8.65000e+01 0.00000e+00 0.00000e+00 0.00000e+00 0.00000e+00 
8.70000e+01 0.00000e+00 0.00000e+00 0.00000e+00 0.00000e+00 
8.75000e+01 0.00000e+00 0.00000e+00 0.00000e+00 0.00000e+00 
8.80000e+01 0.00000e+00 0.00000e+00 0.00000e+00 0.00000e+00 
8.85000e+01 0.00000e+00 0.00000e+00 0.00000e+00 0.00000e+00 
8.90000e+01 0.00000e+00 0.00000e+00 0.00000e+00 0.00000e+00 
8.95000e+01 0.00000e+00 0.00000e+00 0.00000e+00 0.00000e+00 
9.00000e+01 0.00000e+00 0.00000e+00 0.00000e+00 0.00000e+00 
9.05000e+01 0.00000e+00 0.00000e+00 0.00000e+00 0.00000e+00 
9.10000e+01 0.00000e+00 0.00000e+00 0.00000e+00 0.00000e+00 
9.15000e+01 0.00000e+00 0.00000e+00 0.00000e+00 0.00000e+00 
9.20000e+01 0.00000e+00 0.00000e+00 0.00000e+00 0.00000e+00 
9.25000e+01 0.00000e+00 0.00000e+00 0.00000e+00 0.00000e+00 
9.30000e+01 0.00000e+00 0.00000e+00 0.00000e+00 0.00000e+00 
9.35000e+01 0.00000e+00 0.00000e+00 0.00000e+00 0.00000e+00 
9.40000e+01 0.00000e+00 0.00000e+00 0.00000e+00 0.00000e+00 
9.45000e+01 0.00000e+00 0.00000e+00 0.00000e+00 4.91678e-190 
9.50000e+01 0.00000e+00 0.00000e+00 0.00000e+00 1.27133e-67 
9.55000e+01 0.00000e+00 0.00000e+00 0.00000e+00 1.09807e-21 
9.60000e+01 0.00000e+00 0.00000e+00 0.00000e+00 4.56366e-06 
9.65000e+01 0.00000e+00 0.00000e+00 0.00000e+00 4.17362e-02 
9.70000e+01 0.00000e+00 0.00000e+00 0.00000e+00 6.80601e-02 
9.75000e+01 0.00000e+00 0.00000e+00 0.00000e+00 7.58011e-02 
9.80000e+01 0.00000e+00 0.00000e+00 0.00000e+00 8.08476e-02 
9.85000e+01 0.00000e+00 0.00000e+00 0.00000e+00 8.48814e-02 
9.90000e+01 0.00000e+00 0.00000e+00 0.00000e+00 8.83035e-02 
9.95000e+01 0.00000e+00 0.00000e+00 0.00000e+00 9.12778e-02 
1.00000e+02 0.00000e+00 0.00000e+00 0.00000e+00 9.39151e-02 
1.00500e+02 0.00000e+00 0.00000e+00 0.00000e+00 9.62842e-02 
1.01000e+02 0.00000e+00 0.00000e+00 0.00000e+00 9.84331e-02 
1.01500e+02 0.00000e+00 0.00000e+00 0.00000e+00 1.00402e-01 
1.02000e+02 0.00000e+00 0.00000e+00 0.00000e+00 1.02225e-01 
1.02500e+02 0.00000e+00 0.00000e+00 0.00000e+00 1.03927e-01 
1.03000e+02 0.00000e+00 0.00000e+00 0.00000e+00 1.05526e-01 
1.03500e+02 0.00000e+00 0.00000e+00 0.00000e+00 1.07040e-01 
1.04000e+02 0.00000e+00 0.00000e+00 0.00000e+00 1.08481e-01 
1.04500e+02 0.00000e+00 0.00000e+00 0.00000e+00 1.09860e-01 
1.05000e+02 0.00000e+00 0.00000e+00 0.00000e+00 1.11186e-01 
1.05500e+02 0.00000e+00 0.00000e+00 0.00000e+00 1.12465e-01 
1.06000e+02 0.00000e+00 0.00000e+00 0.00000e+00 1.13702e-01 
1.06500e+02 0.00000e+00 0.00000e+00 0.00000e+00 1.14901e-01 
1.07000e+02 0.00000e+00 0.00000e+00 0.00000e+00 1.16064e-01 
1.07500e+02 0.00000e+00 0.00000e+00 0.00000e+00 1.17195e-01 
1.08000e+02 0.00000e+00 0.00000e+00 0.00000e+00 1.18294e-01 
1.08500e+02 0.00000e+00 0.00000e+00 0.00000e+00 1.19365e-01 
1.09000e+02 0.00000e+00 0.00000e+00 0.00000e+00 1.20409e-01 
1.09500e+02 0.00000e+00 0.00000e+00 0.00000e+00 1.21429e-01 
1.10000e+02 0.00000e+00 0.00000e+00 0.00000e+00 1.22425e-01 
1.10500e+02 0.00000e+00 0.00000e+00 0.00000e+00 1.23400e-01 
1.11000e+02 0.00000e+00 0.00000e+00 0.00000e+00 1.24353e-01 
1.11500e+02 0.00000e+00 0.00000e+00 0.00000e+00 1.25287e-01 
1.12000e+02 0.00000e+00 0.00000e+00 0.00000e+00 1.26202e-01 
1.12500e+02 0.00000e+00 0.00000e+00 0.00000e+00 1.27098e-01 
1.13000e+02 0.00000e+00 0.00000e+00 0.00000e+00 1.27976e-01 
1.13500e+02 0.00000e+00 0.00000e+00 0.00000e+00 1.28837e-01 
1.14000e+02 0.00000e+00 0.00000e+00 0.00000e+00 1.29682e-01 
1.14500e+02 0.00000e+00 0.00000e+00 0.00000e+00 1.30510e-01 
1.15000e+02 0.00000e+00 0.00000e+00 0.00000e+00 1.31323e-01 
1.15500e+02 0.00000e+00 0.00000e+00 0.00000e+00 1.32121e-01 
1.16000e+02 0.00000e+00 0.00000e+00 0.00000e+00 1.32905e-01 
1.16500e+02 0.00000e+00 0.00000e+00 0.00000e+00 1.33676e-01 
1.17000e+02 0.00000e+00 0.00000e+00 0.00000e+00 1.34433e-01 
1.17500e+02 0.00000e+00 0.00000e+00 0.00000e+00 1.35178e-01 
1.18000e+02 0.00000e+00 0.00000e+00 0.00000e+00 1.35910e-01 
1.18500e+02 0.00000e+00 0.00000e+00 0.00000e+00 1.36632e-01 
1.19000e+02 0.00000e+00 0.00000e+00 0.00000e+00 1.37342e-01 
1.19500e+02 0.00000e+00 0.00000e+00 0.00000e+00 1.38041e-01 
1.20000e+02 0.00000e+00 0.00000e+00 0.00000e+00 1.38731e-01 
1.20500e+02 0.00000e+00 0.00000e+00 0.00000e+00 1.39411e-01 
1.21000e+02 0.00000e+00 0.00000e+00 0.00000e+00 1.40081e-01 
1.21500e+02 0.00000e+00 0.00000e+00 0.00000e+00 1.40743e-01 
1.22000e+02 0.00000e+00 0.00000e+00 0.00000e+00 1.41396e-01 
1.22500e+02 0.00000e+00 0.00000e+00 0.00000e+00 1.42040e-01 
1.23000e+02 0.00000e+00 0.00000e+00 0.00000e+00 1.42677e-01 
1.23500e+02 0.00000e+00 0.00000e+00 0.00000e+00 1.43306e-01 
1.24000e+02 0.00000e+00 0.00000e+00 0.00000e+00 1.43927e-01 
1.24500e+02 0.00000e+00 0.00000e+00 0.00000e+00 1.44542e-01 
1.25000e+02 0.00000e+00 0.00000e+00 0.00000e+00 1.45149e-01 
1.25500e+02 0.00000e+00 0.00000e+00 0.00000e+00 1.45750e-01 
1.26000e+02 0.00000e+00 0.00000e+00 0.00000e+00 1.46345e-01 
1.26500e+02 0.00000e+00 0.00000e+00 0.00000e+00 1.46934e-01 
1.27000e+02 0.00000e+00 0.00000e+00 0.00000e+00 1.47517e-01 
1.27500e+02 0.00000e+00 0.00000e+00 0.00000e+00 1.48095e-01 
1.28000e+02 0.00000e+00 0.00000e+00 0.00000e+00 1.48668e-01 
1.28500e+02 0.00000e+00 0.00000e+00 0.00000e+00 1.49236e-01 
1.29000e+02 0.00000e+00 0.00000e+00 0.00000e+00 1.49800e-01 
1.29500e+02 0.00000e+00 0.00000e+00 0.00000e+00 1.50359e-01 
1.30000e+02 0.00000e+00 0.00000e+00 0.00000e+00 1.50915e-01 
1.30500e+02 0.00000e+00 0.00000e+00 0.00000e+00 1.51467e-01 
1.31000e+02 0.00000e+00 0.00000e+00 0.00000e+00 1.52016e-01 
1.31500e+02 0.00000e+00 0.00000e+00 0.00000e+00 1.52562e-01 
1.32000e+02 0.00000e+00 0.00000e+00 0.00000e+00 1.53107e-01 
1.32500e+02 0.00000e+00 0.00000e+00 0.00000e+00 1.53649e-01 
1.33000e+02 0.00000e+00 0.00000e+00 0.00000e+00 1.54189e-01 
1.33500e+02 0.00000e+00 0.00000e+00 0.00000e+00 1.54729e-01 
1.34000e+02 0.00000e+00 0.00000e+00 0.00000e+00 1.55268e-01 
1.34500e+02 0.00000e+00 0.00000e+00 0.00000e+00 1.55806e-01 
1.35000e+02 0.00000e+00 0.00000e+00 0.00000e+00 1.56344e-01 
1.35500e+02 0.00000e+00 0.00000e+00 0.00000e+00 1.56883e-01 
1.36000e+02 0.00000e+00 0.00000e+00 0.00000e+00 1.57422e-01 
1.36500e+02 0.00000e+00 0.00000e+00 0.00000e+00 1.57961e-01 
1.37000e+02 0.00000e+00 0.00000e+00 0.00000e+00 1.58501e-01 
1.37500e+02 0.00000e+00 0.00000e+00 0.00000e+00 1.59042e-01 
1.38000e+02 0.00000e+00 0.00000e+00 0.00000e+00 1.59584e-01 
1.38500e+02 0.00000e+00 0.00000e+00 0.00000e+00 1.60127e-01 
1.39000e+02 0.00000e+00 0.00000e+00 0.00000e+00 1.60671e-01 
1.39500e+02 0.00000e+00 0.00000e+00 0.00000e+00 1.61215e-01 
1.40000e+02 0.00000e+00 0.00000e+00 0.00000e+00 1.61760e-01 
1.40500e+02 0.00000e+00 0.00000e+00 0.00000e+00 1.62306e-01 
1.41000e+02 0.00000e+00 0.00000e+00 0.00000e+00 1.62851e-01 
1.41500e+02 0.00000e+00 0.00000e+00 0.00000e+00 1.63397e-01 
1.42000e+02 0.00000e+00 0.00000e+00 0.00000e+00 1.63943e-01 
1.42500e+02 0.00000e+00 0.00000e+00 0.00000e+00 1.64487e-01 
1.43000e+02 0.00000e+00 0.00000e+00 0.00000e+00 1.65031e-01 
1.43500e+02 0.00000e+00 0.00000e+00 0.00000e+00 1.65574e-01 
1.44000e+02 0.00000e+00 0.00000e+00 0.00000e+00 1.66115e-01 
1.44500e+02 0.00000e+00 0.00000e+00 0.00000e+00 1.66654e-01 
1.45000e+02 0.00000e+00 0.00000e+00 0.00000e+00 1.67191e-01 
1.45500e+02 0.00000e+00 0.00000e+00 0.00000e+00 1.67725e-01 
1.46000e+02 0.00000e+00 0.00000e+00 0.00000e+00 1.68256e-01 
1.46500e+02 0.00000e+00 0.00000e+00 0.00000e+00 1.68784e-01 
1.47000e+02 0.00000e+00 0.00000e+00 0.00000e+00 1.69308e-01 
1.47500e+02 0.00000e+00 0.00000e+00 0.00000e+00 1.69829e-01 
1.48000e+02 0.00000e+00 0.00000e+00 0.00000e+00 1.70345e-01 
1.48500e+02 0.00000e+00 0.00000e+00 0.00000e+00 1.70856e-01 
1.49000e+02 0.00000e+00 0.00000e+00 0.00000e+00 1.71363e-01 
1.49500e+02 0.00000e+00 0.00000e+00 0.00000e+00 1.71865e-01 
1.50000e+02 0.00000e+00 0.00000e+00 0.00000e+00 1.72363e-01 
1.50500e+02 0.00000e+00 0.00000e+00 0.00000e+00 1.72855e-01 
1.51000e+02 0.00000e+00 0.00000e+00 0.00000e+00 1.73343e-01 
1.51500e+02 0.00000e+00 0.00000e+00 0.00000e+00 1.73826e-01 
1.52000e+02 0.00000e+00 0.00000e+00 0.00000e+00 1.74304e-01 
1.52500e+02 0.00000e+00 0.00000e+00 0.00000e+00 1.74777e-01 
1.53000e+02 0.00000e+00 0.00000e+00 0.00000e+00 1.75246e-01 
1.53500e+02 0.00000e+00 0.00000e+00 0.00000e+00 1.75710e-01 
1.54000e+02 0.00000e+00 0.00000e+00 0.00000e+00 1.76170e-01 
1.54500e+02 0.00000e+00 0.00000e+00 0.00000e+00 1.76626e-01 
1.55000e+02 0.00000e+00 0.00000e+00 0.00000e+00 1.77078e-01 
1.55500e+02 0.00000e+00 0.00000e+00 0.00000e+00 1.77526e-01 
1.56000e+02 0.00000e+00 0.00000e+00 0.00000e+00 1.77971e-01 
1.56500e+02 0.00000e+00 0.00000e+00 0.00000e+00 1.78413e-01 
1.57000e+02 0.00000e+00 0.00000e+00 0.00000e+00 1.78853e-01 
1.57500e+02 0.00000e+00 0.00000e+00 0.00000e+00 1.79290e-01 
1.58000e+02 0.00000e+00 0.00000e+00 0.00000e+00 1.79724e-01 
1.58500e+02 0.00000e+00 0.00000e+00 0.00000e+00 1.80157e-01 
1.59000e+02 0.00000e+00 0.00000e+00 0.00000e+00 1.80589e-01 
1.59500e+02 0.00000e+00 0.00000e+00 0.00000e+00 1.81019e-01 
1.60000e+02 0.00000e+00 0.00000e+00 0.00000e+00 1.81448e-01 
1.60500e+02 0.00000e+00 0.00000e+00 0.00000e+00 1.81877e-01 
1.61000e+02 0.00000e+00 0.00000e+00 0.00000e+00 1.82306e-01 
1.61500e+02 0.00000e+00 0.00000e+00 0.00000e+00 1.82735e-01 
1.62000e+02 0.00000e+00 0.00000e+00 0.00000e+00 1.83164e-01 
1.62500e+02 0.00000e+00 0.00000e+00 0.00000e+00 1.83594e-01 
1.63000e+02 0.00000e+00 0.00000e+00 0.00000e+00 1.84024e-01 
1.63500e+02 0.00000e+00 0.00000e+00 0.00000e+00 1.84456e-01 
1.64000e+02 0.00000e+00 0.00000e+00 0.00000e+00 1.84890e-01 
1.64500e+02 0.00000e+00 0.00000e+00 0.00000e+00 1.85325e-01 
1.65000e+02 0.00000e+00 0.00000e+00 0.00000e+00 1.85761e-01 
1.65500e+02 0.00000e+00 0.00000e+00 0.00000e+00 1.86200e-01 
1.66000e+02 0.00000e+00 0.00000e+00 0.00000e+00 1.86641e-01 
1.66500e+02 0.00000e+00 0.00000e+00 0.00000e+00 1.87083e-01 
1.67000e+02 0.00000e+00 0.00000e+00 0.00000e+00 1.87528e-01 
1.67500e+02 0.00000e+00 0.00000e+00 0.00000e+00 1.87975e-01 
1.68000e+02 0.00000e+00 0.00000e+00 0.00000e+00 1.88425e-01 
1.68500e+02 0.00000e+00 0.00000e+00 0.00000e+00 1.88876e-01 
1.69000e+02 0.00000e+00 0.00000e+00 0.00000e+00 1.89330e-01 
1.69500e+02 0.00000e+00 0.00000e+00 0.00000e+00 1.89785e-01 
1.70000e+02 0.00000e+00 0.00000e+00 0.00000e+00 1.90243e-01 
1.70500e+02 0.00000e+00 0.00000e+00 0.00000e+00 1.90702e-01 
1.71000e+02 0.00000e+00 0.00000e+00 0.00000e+00 1.91163e-01 
1.71500e+02 0.00000e+00 0.00000e+00 0.00000e+00 1.91626e-01 
1.72000e+02 0.00000e+00 0.00000e+00 0.00000e+00 1.92090e-01 
1.72500e+02 0.00000e+00 0.00000e+00 0.00000e+00 1.92556e-01 
1.73000e+02 0.00000e+00 0.00000e+00 0.00000e+00 1.93023e-01 
1.73500e+02 0.00000e+00 0.00000e+00 0.00000e+00 1.93491e-01 
1.74000e+02 0.00000e+00 0.00000e+00 0.00000e+00 1.93960e-01 
1.74500e+02 0.00000e+00 0.00000e+00 0.00000e+00 1.94431e-01 
1.75000e+02 0.00000e+00 0.00000e+00 0.00000e+00 1.94902e-01 
1.75500e+02 0.00000e+00 0.00000e+00 0.00000e+00 1.95374e-01 
1.76000e+02 0.00000e+00 0.00000e+00 0.00000e+00 1.95847e-01 
1.76500e+02 0.00000e+00 0.00000e+00 0.00000e+00 1.96321e-01 
1.77000e+02 0.00000e+00 0.00000e+00 0.00000e+00 1.96797e-01 
1.77500e+02 0.00000e+00 0.00000e+00 0.00000e+00 1.97273e-01 
1.78000e+02 0.00000e+00 0.00000e+00 0.00000e+00 1.97752e-01 
1.78500e+02 0.00000e+00 0.00000e+00 0.00000e+00 1.98231e-01 
1.79000e+02 0.00000e+00 0.00000e+00 0.00000e+00 1.98713e-01 
1.79500e+02 0.00000e+00 0.00000e+00 0.00000e+00 1.99197e-01 
1.80000e+02 0.00000e+00 0.00000e+00 0.00000e+00 1.99684e-01 
1.80500e+02 0.00000e+00 0.00000e+00 0.00000e+00 2.00173e-01 
1.81000e+02 0.00000e+00 0.00000e+00 0.00000e+00 2.00666e-01 
1.81500e+02 0.00000e+00 0.00000e+00 0.00000e+00 2.01163e-01 
1.82000e+02 0.00000e+00 0.00000e+00 0.00000e+00 2.01663e-01 
1.82500e+02 0.00000e+00 0.00000e+00 0.00000e+00 2.02169e-01 
1.83000e+02 0.00000e+00 0.00000e+00 0.00000e+00 2.02679e-01 
1.83500e+02 0.00000e+00 0.00000e+00 0.00000e+00 2.03195e-01 
1.84000e+02 0.00000e+00 0.00000e+00 0.00000e+00 2.03716e-01 
1.84500e+02 0.00000e+00 0.00000e+00 0.00000e+00 2.04244e-01 
1.85000e+02 0.00000e+00 0.00000e+00 0.00000e+00 2.04778e-01 
1.85500e+02 0.00000e+00 0.00000e+00 0.00000e+00 2.05318e-01 
1.86000e+02 0.00000e+00 0.00000e+00 0.00000e+00 2.05866e-01 
1.86500e+02 0.00000e+00 0.00000e+00 0.00000e+00 2.06421e-01 
1.87000e+02 0.00000e+00 0.00000e+00 0.00000e+00 2.06983e-01 
1.87500e+02 0.00000e+00 0.00000e+00 0.00000e+00 2.07552e-01 
1.88000e+02 0.00000e+00 0.00000e+00 0.00000e+00 2.08128e-01 
1.88500e+02 0.00000e+00 0.00000e+00 0.00000e+00 2.08712e-01 
1.89000e+02 0.00000e+00 0.00000e+00 0.00000e+00 2.09304e-01 
1.89500e+02 0.00000e+00 0.00000e+00 0.00000e+00 2.09902e-01 
1.90000e+02 0.00000e+00 0.00000e+00 0.00000e+00 2.10508e-01 
1.90500e+02 0.00000e+00 0.00000e+00 0.00000e+00 2.11121e-01 
1.91000e+02 0.00000e+00 0.00000e+00 0.00000e+00 2.11741e-01 
1.91500e+02 0.00000e+00 0.00000e+00 0.00000e+00 2.12369e-01 
1.92000e+02 0.00000e+00 0.00000e+00 0.00000e+00 2.13003e-01 
1.92500e+02 0.00000e+00 0.00000e+00 0.00000e+00 2.13644e-01 
1.93000e+02 0.00000e+00 0.00000e+00 0.00000e+00 2.14292e-01 
1.93500e+02 0.00000e+00 0.00000e+00 0.00000e+00 2.14946e-01 
1.94000e+02 0.00000e+00 0.00000e+00 0.00000e+00 2.15606e-01 
1.94500e+02 0.00000e+00 0.00000e+00 0.00000e+00 2.16273e-01 
1.95000e+02 0.00000e+00 0.00000e+00 0.00000e+00 2.16945e-01 
1.95500e+02 0.00000e+00 0.00000e+00 0.00000e+00 2.17623e-01 
1.96000e+02 0.00000e+00 0.00000e+00 0.00000e+00 2.18305e-01 
1.96500e+02 0.00000e+00 0.00000e+00 0.00000e+00 2.18992e-01 
1.97000e+02 0.00000e+00 0.00000e+00 0.00000e+00 2.19683e-01 
1.97500e+02 0.00000e+00 0.00000e+00 0.00000e+00 2.20378e-01 
1.98000e+02 0.00000e+00 0.00000e+00 0.00000e+00 2.21075e-01 
1.98500e+02 0.00000e+00 0.00000e+00 0.00000e+00 2.21774e-01 
1.99000e+02 0.00000e+00 0.00000e+00 0.00000e+00 2.22475e-01 
1.99500e+02 0.00000e+00 0.00000e+00 0.00000e+00 2.23177e-01 
2.00000e+02 0.00000e+00 0.00000e+00 0.00000e+00 2.23880e-01 
2.00500e+02 0.00000e+00 0.00000e+00 0.00000e+00 2.24582e-01 
2.01000e+02 0.00000e+00 0.00000e+00 0.00000e+00 2.25284e-01 
2.01500e+02 0.00000e+00 0.00000e+00 0.00000e+00 2.25984e-01 
2.02000e+02 0.00000e+00 0.00000e+00 0.00000e+00 2.26682e-01 
2.02500e+02 0.00000e+00 0.00000e+00 0.00000e+00 2.27378e-01 
2.03000e+02 0.00000e+00 0.00000e+00 0.00000e+00 2.28072e-01 
2.03500e+02 0.00000e+00 0.00000e+00 0.00000e+00 2.28763e-01 
2.04000e+02 0.00000e+00 0.00000e+00 0.00000e+00 2.29450e-01 
2.04500e+02 0.00000e+00 0.00000e+00 0.00000e+00 2.30134e-01 
2.05000e+02 0.00000e+00 0.00000e+00 0.00000e+00 2.30814e-01 
2.05500e+02 0.00000e+00 0.00000e+00 0.00000e+00 2.31490e-01 
2.06000e+02 0.00000e+00 0.00000e+00 0.00000e+00 2.32162e-01 
2.06500e+02 0.00000e+00 0.00000e+00 0.00000e+00 2.32829e-01 
2.07000e+02 0.00000e+00 0.00000e+00 0.00000e+00 2.33493e-01 
2.07500e+02 0.00000e+00 0.00000e+00 0.00000e+00 2.34152e-01 
2.08000e+02 0.00000e+00 0.00000e+00 0.00000e+00 2.34806e-01 
2.08500e+02 0.00000e+00 0.00000e+00 0.00000e+00 2.35456e-01 
2.09000e+02 0.00000e+00 0.00000e+00 0.00000e+00 2.36102e-01 
2.09500e+02 0.00000e+00 0.00000e+00 0.00000e+00 2.36743e-01 
2.10000e+02 0.00000e+00 0.00000e+00 0.00000e+00 2.37379e-01 
2.10500e+02 0.00000e+00 0.00000e+00 0.00000e+00 2.38010e-01 
2.11000e+02 0.00000e+00 0.00000e+00 0.00000e+00 2.38636e-01 
2.11500e+02 0.00000e+00 0.00000e+00 0.00000e+00 2.39258e-01 
2.12000e+02 0.00000e+00 0.00000e+00 0.00000e+00 2.39874e-01 
2.12500e+02 0.00000e+00 0.00000e+00 0.00000e+00 2.40485e-01 
2.13000e+02 0.00000e+00 0.00000e+00 0.00000e+00 2.41091e-01 
2.13500e+02 0.00000e+00 0.00000e+00 0.00000e+00 2.41692e-01 
2.14000e+02 0.00000e+00 0.00000e+00 0.00000e+00 2.42287e-01 
2.14500e+02 0.00000e+00 0.00000e+00 0.00000e+00 2.42876e-01 
2.15000e+02 0.00000e+00 0.00000e+00 0.00000e+00 2.43460e-01 
2.15500e+02 0.00000e+00 0.00000e+00 0.00000e+00 2.44039e-01 
2.16000e+02 0.00000e+00 0.00000e+00 0.00000e+00 2.44612e-01 
2.16500e+02 0.00000e+00 0.00000e+00 0.00000e+00 2.45179e-01 
2.17000e+02 0.00000e+00 0.00000e+00 0.00000e+00 2.45741e-01 
2.17500e+02 0.00000e+00 0.00000e+00 0.00000e+00 2.46297e-01 
2.18000e+02 0.00000e+00 0.00000e+00 0.00000e+00 2.46848e-01 
2.18500e+02 0.00000e+00 0.00000e+00 0.00000e+00 2.47394e-01 
2.19000e+02 0.00000e+00 0.00000e+00 0.00000e+00 2.47934e-01 
2.19500e+02 0.00000e+00 0.00000e+00 0.00000e+00 2.48470e-01 
2.20000e+02 0.00000e+00 0.00000e+00 0.00000e+00 2.49001e-01 
2.20500e+02 0.00000e+00 0.00000e+00 0.00000e+00 2.49527e-01 
2.21000e+02 0.00000e+00 0.00000e+00 0.00000e+00 2.50048e-01 
2.21500e+02 0.00000e+00 0.00000e+00 0.00000e+00 2.50565e-01 
2.22000e+02 0.00000e+00 0.00000e+00 0.00000e+00 2.51078e-01 
2.22500e+02 0.00000e+00 0.00000e+00 0.00000e+00 2.51587e-01 
2.23000e+02 0.00000e+00 0.00000e+00 0.00000e+00 2.52092e-01 
2.23500e+02 1.22498e-285 0.00000e+00 0.00000e+00 2.52592e-01 
2.24000e+02 2.67075e-228 0.00000e+00 0.00000e+00 2.53089e-01 
2.24500e+02 4.85899e-181 0.00000e+00 0.00000e+00 2.53582e-01 
2.25000e+02 2.20397e-142 0.00000e+00 0.00000e+00 2.54071e-01 
2.25500e+02 7.88013e-111 0.00000e+00 0.00000e+00 2.54555e-01 
2.26000e+02 1.50485e-85 0.00000e+00 0.00000e+00 2.55036e-01 
2.26500e+02 1.72947e-65 0.00000e+00 0.00000e+00 2.55514e-01 
2.27000e+02 1.03804e-49 0.00000e+00 0.00000e+00 2.55987e-01 
2.27500e+02 2.12678e-37 0.00000e+00 0.00000e+00 2.56456e-01 
2.28000e+02 7.25034e-28 0.00000e+00 0.00000e+00 2.56922e-01 
2.28500e+02 1.54275e-20 0.00000e+00 0.00000e+00 2.57384e-01 
2.29000e+02 6.09049e-15 0.00000e+00 0.00000e+00 2.57842e-01 
2.29500e+02 1.06173e-10 0.00000e+00 0.00000e+00 2.58297e-01 
2.30000e+02 1.56600e-07 0.00000e+00 0.00000e+00 2.58748e-01 
2.30500e+02 3.07943e-05 0.00000e+00 0.00000e+00 2.59195e-01 
2.31000e+02 1.13211e-03 0.00000e+00 0.00000e+00 2.59639e-01 
2.31500e+02 1.02159e-02 0.00000e+00 0.00000e+00 2.60079e-01 
2.32000e+02 2.79143e-02 0.00000e+00 0.00000e+00 2.60517e-01 
2.32500e+02 3.91215e-02 0.00000e+00 0.00000e+00 2.60952e-01 
2.33000e+02 4.49987e-02 0.00000e+00 0.00000e+00 2.61383e-01 
2.33500e+02 4.89236e-02 0.00000e+00 0.00000e+00 2.61811e-01 
2.34000e+02 5.20453e-02 0.00000e+00 0.00000e+00 2.62236e-01 
2.34500e+02 5.48014e-02 0.00000e+00 0.00000e+00 2.62657e-01 
2.35000e+02 5.74033e-02 0.00000e+00 0.00000e+00 2.63075e-01 
2.35500e+02 5.99685e-02 0.00000e+00 0.00000e+00 2.63490e-01 
2.36000e+02 6.25654e-02 0.00000e+00 0.00000e+00 2.63902e-01 
2.36500e+02 6.52293e-02 0.00000e+00 0.00000e+00 2.64310e-01 
2.37000e+02 6.79687e-02 0.00000e+00 0.00000e+00 2.64715e-01 
2.37500e+02 7.07696e-02 0.00000e+00 0.00000e+00 2.65117e-01 
2.38000e+02 7.35995e-02 0.00000e+00 0.00000e+00 2.65516e-01 
2.38500e+02 7.64143e-02 0.00000e+00 0.00000e+00 2.65912e-01 
2.39000e+02 7.91661e-02 0.00000e+00 0.00000e+00 2.66304e-01 
2.39500e+02 8.18113e-02 0.00000e+00 0.00000e+00 2.66694e-01 
2.40000e+02 8.43168e-02 0.00000e+00 0.00000e+00 2.67080e-01 
