0.00000e+00 0.00000e+00 0.00000e+00 0.00000e+00 0.00000e+00 
5.00000e-01 0.00000e+00 0.00000e+00 0.00000e+00 0.00000e+00 
1.00000e+00 0.00000e+00 0.00000e+00 0.00000e+00 0.00000e+00 
1.50000e+00 0.00000e+00 0.00000e+00 0.00000e+00 0.00000e+00 
2.00000e+00 0.00000e+00 0.00000e+00 0.00000e+00 0.00000e+00 
2.50000e+00 0.00000e+00 0.00000e+00 0.00000e+00 0.00000e+00 
3.00000e+00 0.00000e+00 0.00000e+00 0.00000e+00 0.00000e+00 
3.50000e+00 0.00000e+00 0.00000e+00 0.00000e+00 0.00000e+00 
4.00000e+00 0.00000e+00 0.00000e+00 0.00000e+00 0.00000e+00 
4.50000e+00 0.00000e+00 0.00000e+00 0.00000e+00 0.00000e+00 
5.00000e+00 0.00000e+00 0.00000e+00 0.00000e+00 0.00000e+00 
5.50000e+00 0.00000e+00 0.00000e+00 0.00000e+00 0.00000e+00 
6.00000e+00 0.00000e+00 0.00000e+00 0.00000e+00 0.00000e+00 
6.50000e+00 0.00000e+00 0.00000e+00 0.00000e+00 0.00000e+00 
7.00000e+00 0.00000e+00 0.00000e+00 0.00000e+00 0.00000e+00 
7.50000e+00 0.00000e+00 0.00000e+00 0.00000e+00 0.00000e+00 
8.00000e+00 0.00000e+00 0.00000e+00 0.00000e+00 0.00000e+00 
8.50000e+00 0.00000e+00 0.00000e+00 0.00000e+00 0.00000e+00 
9.00000e+00 0.00000e+00 0.00000e+00 0.00000e+00 0.00000e+00 
9.50000e+00 0.00000e+00 0.00000e+00 0.00000e+00 0.00000e+00 
1.00000e+01 0.00000e+00 0.00000e+00 0.00000e+00 0.00000e+00 
1.05000e+01 0.00000e+00 0.00000e+00 0.00000e+00 0.00000e+00 
1.10000e+01 0.00000e+00 0.00000e+00 0.00000e+00 0.00000e+00 
1.15000e+01 0.00000e+00 0.00000e+00 0.00000e+00 0.00000e+00 
1.20000e+01 0.00000e+00 0.00000e+00 0.00000e+00 0.00000e+00 
1.25000e+01 0.00000e+00 0.00000e+00 0.00000e+00 0.00000e+00 
1.30000e+01 0.00000e+00 0.00000e+00 0.00000e+00 0.00000e+00 
1.35000e+01 0.00000e+00 0.00000e+00 0.00000e+00 0.00000e+00 
1.40000e+01 0.00000e+00 0.00000e+00 0.00000e+00 0.00000e+00 
1.45000e+01 0.00000e+00 0.00000e+00 0.00000e+00 0.00000e+00 
1.50000e+01 0.00000e+00 0.00000e+00 0.00000e+00 0.00000e+00 
1.55000e+01 0.00000e+00 0.00000e+00 0.00000e+00 0.00000e+00 
1.60000e+01 0.00000e+00 0.00000e+00 0.00000e+00 0.00000e+00 
1.65000e+01 0.00000e+00 0.00000e+00 0.00000e+00 0.00000e+00 
1.70000e+01 0.00000e+00 0.00000e+00 0.00000e+00 0.00000e+00 
1.75000e+01 0.00000e+00 0.00000e+00 0.00000e+00 0.00000e+00 
1.80000e+01 0.00000e+00 0.00000e+00 0.00000e+00 0.00000e+00 
1.85000e+01 0.00000e+00 0.00000e+00 0.00000e+00 0.00000e+00 
1.90000e+01 0.00000e+00 0.00000e+00 0.00000e+00 0.00000e+00 
1.95000e+01 0.00000e+00 0.00000e+00 0.00000e+00 0.00000e+00 
2.00000e+01 0.00000e+00 0.00000e+00 0.00000e+00 0.00000e+00 
2.05000e+01 0.00000e+00 0.00000e+00 0.00000e+00 0.00000e+00 
2.10000e+01 0.00000e+00 0.00000e+00 0.00000e+00 0.00000e+00 
2.15000e+01 0.00000e+00 0.00000e+00 0.00000e+00 0.00000e+00 
2.20000e+01 0.00000e+00 0.00000e+00 0.00000e+00 0.00000e+00 
2.25000e+01 0.00000e+00 0.00000e+00 0.00000e+00 0.00000e+00 
2.30000e+01 0.00000e+00 0.00000e+00 0.00000e+00 0.00000e+00 
2.35000e+01 0.00000e+00 0.00000e+00 0.00000e+00 0.00000e+00 
2.40000e+01 0.00000e+00 0.00000e+00 0.00000e+00 0.00000e+00 
2.45000e+01 0.00000e+00 0.00000e+00 0.00000e+00 0.00000e+00 
2.50000e+01 0.00000e+00 0.00000e+00 0.00000e+00 0.00000e+00 
2.55000e+01 0.00000e+00 0.00000e+00 0.00000e+00 0.00000e+00 
2.60000e+01 0.00000e+00 0.00000e+00 0.00000e+00 0.00000e+00 
2.65000e+01 0.00000e+00 0.00000e+00 0.00000e+00 0.00000e+00 
2.70000e+01 0.00000e+00 0.00000e+00 0.00000e+00 0.00000e+00 
2.75000e+01 0.00000e+00 0.00000e+00 0.00000e+00 0.00000e+00 
2.80000e+01 0.00000e+00 0.00000e+00 0.00000e+00 0.00000e+00 
2.85000e+01 0.00000e+00 0.00000e+00 0.00000e+00 0.00000e+00 
2.90000e+01 0.00000e+00 0.00000e+00 0.00000e+00 0.00000e+00 
2.95000e+01 0.00000e+00 0.00000e+00 0.00000e+00 0.00000e+00 
3.00000e+01 0.00000e+00 0.00000e+00 0.00000e+00 0.00000e+00 
3.05000e+01 0.00000e+00 0.00000e+00 0.00000e+00 0.00000e+00 
3.10000e+01 0.00000e+00 0.00000e+00 0.00000e+00 0.00000e+00 
3.15000e+01 0.00000e+00 0.00000e+00 0.00000e+00 0.00000e+00 
3.20000e+01 0.00000e+00 0.00000e+00 0.00000e+00 0.00000e+00 
3.25000e+01 0.00000e+00 0.00000e+00 0.00000e+00 0.00000e+00 
3.30000e+01 0.00000e+00 0.00000e+00 0.00000e+00 0.00000e+00 
3.35000e+01 0.00000e+00 0.00000e+00 0.00000e+00 0.00000e+00 
3.40000e+01 0.00000e+00 0.00000e+00 0.00000e+00 0.00000e+00 
3.45000e+01 0.00000e+00 0.00000e+00 0.00000e+00 0.00000e+00 
3.50000e+01 0.00000e+00 0.00000e+00 0.00000e+00 0.00000e+00 
3.55000e+01 0.00000e+00 0.00000e+00 0.00000e+00 0.00000e+00 
3.60000e+01 0.00000e+00 0.00000e+00 0.00000e+00 0.00000e+00 
3.65000e+01 0.00000e+00 0.00000e+00 0.00000e+00 0.00000e+00 
3.70000e+01 0.00000e+00 0.00000e+00 0.00000e+00 0.00000e+00 
3.75000e+01 0.00000e+00 0.00000e+00 0.00000e+00 0.00000e+00 
3.80000e+01 0.00000e+00 0.00000e+00 0.00000e+00 0.00000e+00 
3.85000e+01 0.00000e+00 0.00000e+00 0.00000e+00 0.00000e+00 
3.90000e+01 0.00000e+00 0.00000e+00 0.00000e+00 0.00000e+00 
3.95000e+01 0.00000e+00 0.00000e+00 0.00000e+00 0.00000e+00 
4.00000e+01 0.00000e+00 0.00000e+00 0.00000e+00 0.00000e+00 
4.05000e+01 0.00000e+00 0.00000e+00 0.00000e+00 0.00000e+00 
4.10000e+01 0.00000e+00 0.00000e+00 0.00000e+00 0.00000e+00 
4.15000e+01 0.00000e+00 0.00000e+00 0.00000e+00 0.00000e+00 
4.20000e+01 0.00000e+00 0.00000e+00 0.00000e+00 0.00000e+00 
4.25000e+01 0.00000e+00 0.00000e+00 0.00000e+00 0.00000e+00 
4.30000e+01 0.00000e+00 0.00000e+00 0.00000e+00 0.00000e+00 
4.35000e+01 0.00000e+00 0.00000e+00 0.00000e+00 0.00000e+00 
4.40000e+01 0.00000e+00 0.00000e+00 0.00000e+00 0.00000e+00 
4.45000e+01 0.00000e+00 0.00000e+00 0.00000e+00 0.00000e+00 
4.50000e+01 0.00000e+00 0.00000e+00 0.00000e+00 0.00000e+00 
4.55000e+01 0.00000e+00 0.00000e+00 0.00000e+00 0.00000e+00 
4.60000e+01 0.00000e+00 0.00000e+00 0.00000e+00 0.00000e+00 
4.65000e+01 0.00000e+00 0.00000e+00 0.00000e+00 0.00000e+00 
4.70000e+01 0.00000e+00 0.00000e+00 0.00000e+00 0.00000e+00 
4.75000e+01 0.00000e+00 0.00000e+00 0.00000e+00 0.00000e+00 
4.80000e+01 0.00000e+00 0.00000e+00 0.00000e+00 0.00000e+00 
4.85000e+01 0.00000e+00 0.00000e+00 0.00000e+00 0.00000e+00 
4.90000e+01 0.00000e+00 0.00000e+00 0.00000e+00 0.00000e+00 
4.95000e+01 0.00000e+00 0.00000e+00 0.00000e+00 0.00000e+00 
5.00000e+01 0.00000e+00 0.00000e+00 0.00000e+00 0.00000e+00 
5.05000e+01 0.00000e+00 0.00000e+00 0.00000e+00 0.00000e+00 
5.10000e+01 0.00000e+00 0.00000e+00 0.00000e+00 0.00000e+00 
5.15000e+01 0.00000e+00 0.00000e+00 0.00000e+00 0.00000e+00 
5.20000e+01 0.00000e+00 0.00000e+00 0.00000e+00 0.00000e+00 
5.25000e+01 0.00000e+00 0.00000e+00 0.00000e+00 0.00000e+00 
5.30000e+01 0.00000e+00 0.00000e+00 0.00000e+00 0.00000e+00 
5.35000e+01 0.00000e+00 0.00000e+00 0.00000e+00 0.00000e+00 
5.40000e+01 0.00000e+00 0.00000e+00 0.00000e+00 0.00000e+00 
5.45000e+01 0.00000e+00 0.00000e+00 0.00000e+00 0.00000e+00 
5.50000e+01 0.00000e+00 0.00000e+00 0.00000e+00 0.00000e+00 
5.55000e+01 0.00000e+00 0.00000e+00 0.00000e+00 0.00000e+00 
5.60000e+01 0.00000e+00 0.00000e+00 0.00000e+00 0.00000e+00 
5.65000e+01 0.00000e+00 0.00000e+00 0.00000e+00 0.00000e+00 
5.70000e+01 0.00000e+00 0.00000e+00 0.00000e+00 0.00000e+00 
5.75000e+01 0.00000e+00 0.00000e+00 0.00000e+00 0.00000e+00 
5.80000e+01 0.00000e+00 0.00000e+00 0.00000e+00 0.00000e+00 
5.85000e+01 0.00000e+00 0.00000e+00 0.00000e+00 0.00000e+00 
5.90000e+01 0.00000e+00 0.00000e+00 0.00000e+00 0.00000e+00 
5.95000e+01 0.00000e+00 0.00000e+00 0.00000e+00 0.00000e+00 
6.00000e+01 0.00000e+00 0.00000e+00 0.00000e+00 0.00000e+00 
6.05000e+01 0.00000e+00 0.00000e+00 0.00000e+00 0.00000e+00 
6.10000e+01 0.00000e+00 0.00000e+00 0.00000e+00 0.00000e+00 
6.15000e+01 0.00000e+00 0.00000e+00 0.00000e+00 0.00000e+00 
6.20000e+01 0.00000e+00 0.00000e+00 0.00000e+00 0.00000e+00 
6.25000e+01 0.00000e+00 0.00000e+00 0.00000e+00 0.00000e+00 
6.30000e+01 0.00000e+00 0.00000e+00 0.00000e+00 0.00000e+00 
6.35000e+01 0.00000e+00 0.00000e+00 0.00000e+00 0.00000e+00 
6.40000e+01 0.00000e+00 0.00000e+00 0.00000e+00 0.00000e+00 
6.45000e+01 0.00000e+00 0.00000e+00 0.00000e+00 0.00000e+00 
6.50000e+01 0.00000e+00 0.00000e+00 0.00000e+00 0.00000e+00 
6.55000e+01 0.00000e+00 0.00000e+00 0.00000e+00 0.00000e+00 
6.60000e+01 0.00000e+00 0.00000e+00 0.00000e+00 0.00000e+00 
6.65000e+01 0.00000e+00 0.00000e+00 0.00000e+00 0.00000e+00 
6.70000e+01 0.00000e+00 0.00000e+00 0.00000e+00 0.00000e+00 
6.75000e+01 0.00000e+00 0.00000e+00 0.00000e+00 0.00000e+00 
6.80000e+01 0.00000e+00 0.00000e+00 0.00000e+00 0.00000e+00 
6.85000e+01 0.00000e+00 0.00000e+00 0.00000e+00 0.00000e+00 
6.90000e+01 0.00000e+00 0.00000e+00 0.00000e+00 0.00000e+00 
6.95000e+01 0.00000e+00 0.00000e+00 0.00000e+00 0.00000e+00 
7.00000e+01 0.00000e+00 0.00000e+00 0.00000e+00 0.00000e+00 
7.05000e+01 0.00000e+00 0.00000e+00 0.00000e+00 0.00000e+00 
7.10000e+01 0.00000e+00 0.00000e+00 0.00000e+00 0.00000e+00 
7.15000e+01 0.00000e+00 0.00000e+00 0.00000e+00 0.00000e+00 
7.20000e+01 0.00000e+00 0.00000e+00 0.00000e+00 0.00000e+00 
7.25000e+01 0.00000e+00 0.00000e+00 0.00000e+00 0.00000e+00 
7.30000e+01 0.00000e+00 0.00000e+00 0.00000e+00 0.00000e+00 
7.35000e+01 0.00000e+00 0.00000e+00 0.00000e+00 0.00000e+00 
7.40000e+01 0.00000e+00 0.00000e+00 0.00000e+00 0.00000e+00 
7.45000e+01 0.00000e+00 0.00000e+00 0.00000e+00 0.00000e+00 
7.50000e+01 0.00000e+00 0.00000e+00 0.00000e+00 0.00000e+00 
7.55000e+01 0.00000e+00 0.00000e+00 0.00000e+00 0.00000e+00 
7.60000e+01 0.00000e+00 0.00000e+00 0.00000e+00 0.00000e+00 
7.65000e+01 0.00000e+00 0.00000e+00 0.00000e+00 0.00000e+00 
7.70000e+01 0.00000e+00 0.00000e+00 0.00000e+00 0.00000e+00 
7.75000e+01 0.00000e+00 0.00000e+00 0.00000e+00 0.00000e+00 
7.80000e+01 0.00000e+00 0.00000e+00 0.00000e+00 0.00000e+00 
7.85000e+01 0.00000e+00 0.00000e+00 0.00000e+00 0.00000e+00 
7.90000e+01 0.00000e+00 0.00000e+00 0.00000e+00 0.00000e+00 
7.95000e+01 0.00000e+00 0.00000e+00 0.00000e+00 0.00000e+00 
8.00000e+01 0.00000e+00 0.00000e+00 0.00000e+00 0.00000e+00 
8.05000e+01 0.00000e+00 0.00000e+00 0.00000e+00 0.00000e+00 
8.10000e+01 0.00000e+00 0.00000e+00 0.00000e+00 0.00000e+00 
8.15000e+01 0.00000e+00 0.00000e+00 0.00000e+00 0.00000e+00 
8.20000e+01 0.00000e+00 0.00000e+00 0.00000e+00 0.00000e+00 
8.25000e+01 0.00000e+00 0.00000e+00 0.00000e+00 0.00000e+00 
8.30000e+01 0.00000e+00 0.00000e+00 0.00000e+00 0.00000e+00 
8.35000e+01 0.00000e+00 0.00000e+00 0.00000e+00 0.00000e+00 
8.40000e+01 0.00000e+00 0.00000e+00 0.00000e+00 0.00000e+00 
8.45000e+01 0.00000e+00 0.00000e+00 0.00000e+00 0.00000e+00 
8.50000e+01 0.00000e+00 0.00000e+00 0.00000e+00 0.00000e+00 
8.55000e+01 0.00000e+00 0.00000e+00 0.00000e+00 0.00000e+00 
8.60000e+01 0.00000e+00 0.00000e+00 0.00000e+00 0.00000e+00 
8.65000e+01 0.00000e+00 0.00000e+00 0.00000e+00 0.00000e+00 
8.70000e+01 0.00000e+00 0.00000e+00 0.00000e+00 0.00000e+00 
8.75000e+01 0.00000e+00 0.00000e+00 0.00000e+00 0.00000e+00 
8.80000e+01 0.00000e+00 0.00000e+00 0.00000e+00 0.00000e+00 
8.85000e+01 0.00000e+00 0.00000e+00 0.00000e+00 0.00000e+00 
8.90000e+01 0.00000e+00 0.00000e+00 0.00000e+00 0.00000e+00 
8.95000e+01 0.00000e+00 0.00000e+00 0.00000e+00 0.00000e+00 
9.00000e+01 0.00000e+00 0.00000e+00 0.00000e+00 0.00000e+00 
9.05000e+01 0.00000e+00 0.00000e+00 0.00000e+00 0.00000e+00 
9.10000e+01 0.00000e+00 0.00000e+00 0.00000e+00 0.00000e+00 
9.15000e+01 0.00000e+00 0.00000e+00 0.00000e+00 0.00000e+00 
9.20000e+01 0.00000e+00 0.00000e+00 0.00000e+00 0.00000e+00 
9.25000e+01 0.00000e+00 0.00000e+00 0.00000e+00 0.00000e+00 
9.30000e+01 0.00000e+00 0.00000e+00 0.00000e+00 0.00000e+00 
9.35000e+01 0.00000e+00 0.00000e+00 0.00000e+00 0.00000e+00 
9.40000e+01 0.00000e+00 0.00000e+00 0.00000e+00 0.00000e+00 
9.45000e+01 0.00000e+00 0.00000e+00 0.00000e+00 0.00000e+00 
9.50000e+01 0.00000e+00 0.00000e+00 0.00000e+00 0.00000e+00 
9.55000e+01 0.00000e+00 0.00000e+00 0.00000e+00 0.00000e+00 
9.60000e+01 0.00000e+00 0.00000e+00 0.00000e+00 0.00000e+00 
9.65000e+01 0.00000e+00 0.00000e+00 0.00000e+00 0.00000e+00 
9.70000e+01 0.00000e+00 0.00000e+00 0.00000e+00 0.00000e+00 
9.75000e+01 1.36276e-262 0.00000e+00 0.00000e+00 0.00000e+00 
9.80000e+01 1.56017e-91 0.00000e+00 0.00000e+00 0.00000e+00 
9.85000e+01 4.73647e-24 0.00000e+00 0.00000e+00 0.00000e+00 
9.90000e+01 5.34202e-05 0.00000e+00 0.00000e+00 0.00000e+00 
9.95000e+01 7.23222e-02 0.00000e+00 0.00000e+00 0.00000e+00 
1.00000e+02 9.16861e-02 0.00000e+00 0.00000e+00 0.00000e+00 
1.00500e+02 1.01578e-01 0.00000e+00 0.00000e+00 0.00000e+00 
1.01000e+02 1.08506e-01 0.00000e+00 0.00000e+00 0.00000e+00 
1.01500e+02 1.13889e-01 0.00000e+00 0.00000e+00 0.00000e+00 
1.02000e+02 1.18320e-01 0.00000e+00 0.00000e+00 0.00000e+00 
1.02500e+02 1.22123e-01 0.00000e+00 0.00000e+00 0.00000e+00 
1.03000e+02 1.25502e-01 0.00000e+00 0.00000e+00 0.00000e+00 
1.03500e+02 1.28603e-01 0.00000e+00 0.00000e+00 0.00000e+00 
1.04000e+02 1.31520e-01 0.00000e+00 0.00000e+00 0.00000e+00 
1.04500e+02 1.34302e-01 0.00000e+00 0.00000e+00 0.00000e+00 
1.05000e+02 1.36961e-01 0.00000e+00 0.00000e+00 0.00000e+00 
1.05500e+02 1.39489e-01 0.00000e+00 0.00000e+00 0.00000e+00 
1.06000e+02 1.41878e-01 0.00000e+00 0.00000e+00 0.00000e+00 
1.06500e+02 1.44125e-01 0.00000e+00 0.00000e+00 0.00000e+00 
1.07000e+02 1.46235e-01 0.00000e+00 0.00000e+00 0.00000e+00 
1.07500e+02 1.48217e-01 0.00000e+00 0.00000e+00 0.00000e+00 
1.08000e+02 1.50082e-01 0.00000e+00 0.00000e+00 0.00000e+00 
1.08500e+02 1.51843e-01 0.00000e+00 0.00000e+00 0.00000e+00 
1.09000e+02 1.53511e-01 0.00000e+00 0.00000e+00 0.00000e+00 
1.09500e+02 1.55099e-01 0.00000e+00 0.00000e+00 0.00000e+00 
1.10000e+02 1.56616e-01 0.00000e+00 0.00000e+00 0.00000e+00 
1.10500e+02 1.58070e-01 0.00000e+00 0.00000e+00 0.00000e+00 
1.11000e+02 1.59470e-01 0.00000e+00 0.00000e+00 0.00000e+00 
1.11500e+02 1.60821e-01 0.00000e+00 0.00000e+00 0.00000e+00 
1.12000e+02 1.62129e-01 0.00000e+00 0.00000e+00 0.00000e+00 
1.12500e+02 1.63399e-01 0.00000e+00 0.00000e+00 0.00000e+00 
1.13000e+02 1.64635e-01 0.00000e+00 0.00000e+00 0.00000e+00 
1.13500e+02 1.65839e-01 0.00000e+00 0.00000e+00 0.00000e+00 
1.14000e+02 1.67015e-01 0.00000e+00 0.00000e+00 0.00000e+00 
1.14500e+02 1.68166e-01 0.00000e+00 0.00000e+00 0.00000e+00 
1.15000e+02 1.69292e-01 0.00000e+00 0.00000e+00 0.00000e+00 
1.15500e+02 1.70396e-01 0.00000e+00 0.00000e+00 0.00000e+00 
1.16000e+02 1.71481e-01 0.00000e+00 0.00000e+00 0.00000e+00 
1.16500e+02 1.72546e-01 0.00000e+00 0.00000e+00 0.00000e+00 
1.17000e+02 1.73594e-01 0.00000e+00 0.00000e+00 0.00000e+00 
1.17500e+02 1.74625e-01 0.00000e+00 0.00000e+00 0.00000e+00 
1.18000e+02 1.75641e-01 0.00000e+00 0.00000e+00 0.00000e+00 
1.18500e+02 1.76642e-01 0.00000e+00 0.00000e+00 0.00000e+00 
1.19000e+02 1.77630e-01 0.00000e+00 0.00000e+00 0.00000e+00 
1.19500e+02 1.78605e-01 0.00000e+00 0.00000e+00 0.00000e+00 
1.20000e+02 1.79567e-01 0.00000e+00 0.00000e+00 0.00000e+00 
1.20500e+02 1.80518e-01 0.00000e+00 0.00000e+00 0.00000e+00 
1.21000e+02 1.81458e-01 0.00000e+00 0.00000e+00 0.00000e+00 
1.21500e+02 1.82387e-01 0.00000e+00 0.00000e+00 0.00000e+00 
1.22000e+02 1.83306e-01 0.00000e+00 0.00000e+00 0.00000e+00 
1.22500e+02 1.84215e-01 0.00000e+00 0.00000e+00 0.00000e+00 
1.23000e+02 1.85115e-01 0.00000e+00 0.00000e+00 0.00000e+00 
1.23500e+02 1.86005e-01 0.00000e+00 0.00000e+00 0.00000e+00 
1.24000e+02 1.86887e-01 0.00000e+00 0.00000e+00 0.00000e+00 
1.24500e+02 1.87761e-01 0.00000e+00 0.00000e+00 0.00000e+00 
1.25000e+02 1.88627e-01 0.00000e+00 0.00000e+00 0.00000e+00 
1.25500e+02 1.89485e-01 0.00000e+00 0.00000e+00 0.00000e+00 
1.26000e+02 1.90335e-01 0.00000e+00 0.00000e+00 0.00000e+00 
1.26500e+02 1.91179e-01 0.00000e+00 0.00000e+00 0.00000e+00 
1.27000e+02 1.92015e-01 0.00000e+00 0.00000e+00 0.00000e+00 
1.27500e+02 1.92844e-01 0.00000e+00 0.00000e+00 0.00000e+00 
1.28000e+02 1.93666e-01 0.00000e+00 0.00000e+00 0.00000e+00 
1.28500e+02 1.94481e-01 0.00000e+00 0.00000e+00 0.00000e+00 
1.29000e+02 1.95289e-01 0.00000e+00 0.00000e+00 0.00000e+00 
1.29500e+02 1.96089e-01 0.00000e+00 0.00000e+00 0.00000e+00 
1.30000e+02 1.96881e-01 0.00000e+00 0.00000e+00 0.00000e+00 
1.30500e+02 1.97666e-01 0.00000e+00 0.00000e+00 0.00000e+00 
1.31000e+02 1.98443e-01 0.00000e+00 0.00000e+00 0.00000e+00 
1.31500e+02 1.99212e-01 0.00000e+00 0.00000e+00 0.00000e+00 
1.32000e+02 1.99973e-01 0.00000e+00 0.00000e+00 0.00000e+00 
1.32500e+02 2.00726e-01 0.00000e+00 0.00000e+00 0.00000e+00 
1.33000e+02 2.01472e-01 0.00000e+00 0.00000e+00 0.00000e+00 
1.33500e+02 2.02211e-01 0.00000e+00 0.00000e+00 0.00000e+00 
1.34000e+02 2.02943e-01 0.00000e+00 0.00000e+00 0.00000e+00 
1.34500e+02 2.03669e-01 0.00000e+00 0.00000e+00 0.00000e+00 
1.35000e+02 2.04389e-01 0.00000e+00 0.00000e+00 0.00000e+00 
1.35500e+02 2.05103e-01 0.00000e+00 0.00000e+00 0.00000e+00 
1.36000e+02 2.05812e-01 0.00000e+00 0.00000e+00 0.00000e+00 
1.36500e+02 2.06515e-01 0.00000e+00 0.00000e+00 0.00000e+00 
1.37000e+02 2.07213e-01 0.00000e+00 0.00000e+00 0.00000e+00 
1.37500e+02 2.07906e-01 0.00000e+00 0.00000e+00 0.00000e+00 
1.38000e+02 2.08593e-01 0.00000e+00 0.00000e+00 0.00000e+00 
1.38500e+02 2.09275e-01 0.00000e+00 0.00000e+00 0.00000e+00 
1.39000e+02 2.09952e-01 0.00000e+00 0.00000e+00 0.00000e+00 
1.39500e+02 2.10623e-01 0.00000e+00 0.00000e+00 0.00000e+00 
1.40000e+02 2.11287e-01 0.00000e+00 0.00000e+00 0.00000e+00 
1.40500e+02 2.11947e-01 0.00000e+00 0.00000e+00 0.00000e+00 
1.41000e+02 2.12600e-01 0.00000e+00 0.00000e+00 0.00000e+00 
1.41500e+02 2.13247e-01 0.00000e+00 0.00000e+00 0.00000e+00 
1.42000e+02 2.13888e-01 0.00000e+00 0.00000e+00 0.00000e+00 
1.42500e+02 2.14524e-01 0.00000e+00 0.00000e+00 0.00000e+00 
1.43000e+02 2.15154e-01 0.00000e+00 0.00000e+00 0.00000e+00 
1.43500e+02 2.15778e-01 0.00000e+00 0.00000e+00 0.00000e+00 
1.44000e+02 2.16397e-01 0.00000e+00 0.00000e+00 0.00000e+00 
1.44500e+02 2.17011e-01 0.00000e+00 0.00000e+00 0.00000e+00 
1.45000e+02 2.17619e-01 0.00000e+00 0.00000e+00 0.00000e+00 
1.45500e+02 2.18223e-01 0.00000e+00 0.00000e+00 0.00000e+00 
1.46000e+02 2.18821e-01 0.00000e+00 0.00000e+00 0.00000e+00 
1.46500e+02 2.19415e-01 0.00000e+00 0.00000e+00 0.00000e+00 
1.47000e+02 2.20005e-01 0.00000e+00 0.00000e+00 0.00000e+00 
1.47500e+02 2.20589e-01 0.00000e+00 0.00000e+00 0.00000e+00 
1.48000e+02 2.21170e-01 0.00000e+00 0.00000e+00 0.00000e+00 
1.48500e+02 2.21746e-01 0.00000e+00 0.00000e+00 0.00000e+00 
1.49000e+02 2.22318e-01 0.00000e+00 0.00000e+00 0.00000e+00 
1.49500e+02 2.22887e-01 0.00000e+00 0.00000e+00 0.00000e+00 
1.50000e+02 2.23451e-01 3.32019e-233 0.00000e+00 0.00000e+00 
1.50500e+02 2.24011e-01 3.72700e-91 0.00000e+00 0.00000e+00 
1.51000e+02 2.24567e-01 2.19213e-32 0.00000e+00 0.00000e+00 
1.51500e+02 2.25120e-01 5.53997e-10 0.00000e+00 0.00000e+00 
1.52000e+02 2.25669e-01 3.46297e-03 0.00000e+00 0.00000e+00 
1.52500e+02 2.26215e-01 5.97586e-02 0.00000e+00 0.00000e+00 
1.53000e+02 2.26758e-01 7.50560e-02 0.00000e+00 0.00000e+00 
1.53500e+02 2.27297e-01 8.20885e-02 0.00000e+00 0.00000e+00 
1.54000e+02 2.27832e-01 8.64785e-02 0.00000e+00 0.00000e+00 
1.54500e+02 2.28362e-01 8.96264e-02 0.00000e+00 0.00000e+00 
1.55000e+02 2.28889e-01 9.21442e-02 0.00000e+00 0.00000e+00 
1.55500e+02 2.29411e-01 9.43025e-02 0.00000e+00 0.00000e+00 
1.56000e+02 2.29930e-01 9.62279e-02 0.00000e+00 0.00000e+00 
1.56500e+02 2.30446e-01 9.79788e-02 0.00000e+00 0.00000e+00 
1.57000e+02 2.30957e-01 9.95776e-02 0.00000e+00 0.00000e+00 
1.57500e+02 2.31465e-01 1.01033e-01 0.00000e+00 0.00000e+00 
1.58000e+02 2.31970e-01 1.02354e-01 0.00000e+00 0.00000e+00 
1.58500e+02 2.32471e-01 1.03555e-01 0.00000e+00 0.00000e+00 
1.59000e+02 2.32969e-01 1.04654e-01 0.00000e+00 0.00000e+00 
1.59500e+02 2.33463e-01 1.05675e-01 0.00000e+00 0.00000e+00 
1.60000e+02 2.33954e-01 1.06639e-01 0.00000e+00 0.00000e+00 
1.60500e+02 2.34441e-01 1.07570e-01 0.00000e+00 0.00000e+00 
1.61000e+02 2.34926e-01 1.08495e-01 0.00000e+00 0.00000e+00 
1.61500e+02 2.35407e-01 1.09433e-01 0.00000e+00 0.00000e+00 
1.62000e+02 2.35884e-01 1.10394e-01 0.00000e+00 0.00000e+00 
1.62500e+02 2.36359e-01 1.11373e-01 0.00000e+00 0.00000e+00 
1.63000e+02 2.36830e-01 1.12349e-01 0.00000e+00 0.00000e+00 
1.63500e+02 2.37298e-01 1.13299e-01 0.00000e+00 0.00000e+00 
1.64000e+02 2.37763e-01 1.14199e-01 0.00000e+00 0.00000e+00 
1.64500e+02 2.38225e-01 1.15038e-01 0.00000e+00 0.00000e+00 
1.65000e+02 2.38683e-01 1.15813e-01 0.00000e+00 0.00000e+00 
1.65500e+02 2.39139e-01 1.16527e-01 0.00000e+00 0.00000e+00 
1.66000e+02 2.39591e-01 1.17188e-01 0.00000e+00 0.00000e+00 
1.66500e+02 2.40041e-01 1.17802e-01 0.00000e+00 0.00000e+00 
1.67000e+02 2.40487e-01 1.18377e-01 0.00000e+00 0.00000e+00 
1.67500e+02 2.40931e-01 1.18919e-01 0.00000e+00 0.00000e+00 
1.68000e+02 2.41371e-01 1.19433e-01 0.00000e+00 0.00000e+00 
1.68500e+02 2.41809e-01 1.19923e-01 0.00000e+00 0.00000e+00 
1.69000e+02 2.42244e-01 1.20393e-01 0.00000e+00 0.00000e+00 
1.69500e+02 2.42676e-01 1.20844e-01 0.00000e+00 0.00000e+00 
1.70000e+02 2.43105e-01 1.21280e-01 0.00000e+00 0.00000e+00 
1.70500e+02 2.43532e-01 1.21701e-01 0.00000e+00 0.00000e+00 
1.71000e+02 2.43955e-01 1.22109e-01 0.00000e+00 0.00000e+00 
1.71500e+02 2.44376e-01 1.22505e-01 0.00000e+00 0.00000e+00 
1.72000e+02 2.44794e-01 1.22890e-01 0.00000e+00 0.00000e+00 
1.72500e+02 2.45210e-01 1.23265e-01 0.00000e+00 0.00000e+00 
1.73000e+02 2.45623e-01 1.23631e-01 0.00000e+00 0.00000e+00 
1.73500e+02 2.46033e-01 1.23988e-01 0.00000e+00 0.00000e+00 
1.74000e+02 2.46440e-01 1.24338e-01 0.00000e+00 0.00000e+00 
1.74500e+02 2.46845e-01 1.24680e-01 0.00000e+00 0.00000e+00 
1.75000e+02 2.47247e-01 1.25015e-01 0.00000e+00 0.00000e+00 
1.75500e+02 2.47647e-01 1.25344e-01 0.00000e+00 0.00000e+00 
1.76000e+02 2.48044e-01 1.25667e-01 0.00000e+00 0.00000e+00 
1.76500e+02 2.48439e-01 1.25985e-01 0.00000e+00 0.00000e+00 
1.77000e+02 2.48831e-01 1.26299e-01 0.00000e+00 0.00000e+00 
1.77500e+02 2.49220e-01 1.26607e-01 0.00000e+00 0.00000e+00 
1.78000e+02 2.49607e-01 1.26912e-01 0.00000e+00 0.00000e+00 
1.78500e+02 2.49991e-01 1.27212e-01 0.00000e+00 0.00000e+00 
1.79000e+02 2.50373e-01 1.27509e-01 0.00000e+00 0.00000e+00 
1.79500e+02 2.50753e-01 1.27802e-01 0.00000e+00 0.00000e+00 
1.80000e+02 2.51130e-01 1.28091e-01 0.00000e+00 0.00000e+00 
1.80500e+02 2.51505e-01 1.28376e-01 0.00000e+00 0.00000e+00 
1.81000e+02 2.51877e-01 1.28657e-01 0.00000e+00 0.00000e+00 
1.81500e+02 2.52247e-01 1.28933e-01 0.00000e+00 0.00000e+00 
1.82000e+02 2.52614e-01 1.29205e-01 0.00000e+00 0.00000e+00 
1.82500e+02 2.52979e-01 1.29472e-01 0.00000e+00 0.00000e+00 
1.83000e+02 2.53342e-01 1.29734e-01 0.00000e+00 0.00000e+00 
1.83500e+02 2.53703e-01 1.29991e-01 0.00000e+00 0.00000e+00 
1.84000e+02 2.54061e-01 1.30243e-01 0.00000e+00 0.00000e+00 
1.84500e+02 2.54417e-01 1.30489e-01 0.00000e+00 0.00000e+00 
1.85000e+02 2.54771e-01 1.30730e-01 0.00000e+00 0.00000e+00 
1.85500e+02 2.55123e-01 1.30966e-01 0.00000e+00 0.00000e+00 
1.86000e+02 2.55473e-01 1.31195e-01 0.00000e+00 0.00000e+00 
1.86500e+02 2.55820e-01 1.31417e-01 0.00000e+00 3.78626e-294 
1.87000e+02 2.56166e-01 1.31633e-01 0.00000e+00 3.16785e-170 
1.87500e+02 2.56510e-01 1.31840e-01 0.00000e+00 6.50805e-96 
1.88000e+02 2.56852e-01 1.32039e-01 0.00000e+00 2.13777e-52 
1.88500e+02 2.57191e-01 1.32230e-01 0.00000e+00 3.05023e-27 
1.89000e+02 2.57529e-01 1.32411e-01 0.00000e+00 1.81452e-13 
1.89500e+02 2.57866e-01 1.32585e-01 0.00000e+00 2.00297e-06 
1.90000e+02 2.58200e-01 1.32752e-01 0.00000e+00 3.42247e-03 
1.90500e+02 2.58533e-01 1.32915e-01 0.00000e+00 4.01311e-02 
1.91000e+02 2.58865e-01 1.33080e-01 0.00000e+00 5.96890e-02 
1.91500e+02 2.59195e-01 1.33255e-01 0.00000e+00 6.68185e-02 
1.92000e+02 2.59523e-01 1.33451e-01 0.00000e+00 7.11482e-02 
1.92500e+02 2.59849e-01 1.33682e-01 0.00000e+00 7.43378e-02 
1.93000e+02 2.60174e-01 1.33968e-01 0.00000e+00 7.68976e-02 
1.93500e+02 2.60496e-01 1.34332e-01 0.00000e+00 7.90571e-02 
1.94000e+02 2.60817e-01 1.34802e-01 0.00000e+00 8.09434e-02 
1.94500e+02 2.61135e-01 1.35414e-01 0.00000e+00 8.26337e-02 
1.95000e+02 2.61452e-01 1.36210e-01 0.00000e+00 8.41768e-02 
1.95500e+02 2.61766e-01 1.37236e-01 0.00000e+00 8.56046e-02 
1.96000e+02 2.62079e-01 1.38526e-01 0.00000e+00 8.69387e-02 
1.96500e+02 2.62389e-01 1.40077e-01 0.00000e+00 8.81954e-02 
1.97000e+02 2.62698e-01 1.41844e-01 0.00000e+00 8.93869e-02 
1.97500e+02 2.63004e-01 1.43747e-01 0.00000e+00 9.05235e-02 
1.98000e+02 2.63308e-01 1.45708e-01 0.00000e+00 9.16145e-02 
1.98500e+02 2.63609e-01 1.47671e-01 0.00000e+00 9.26728e-02 
1.99000e+02 2.63909e-01 1.49603e-01 0.00000e+00 9.37215e-02 
1.99500e+02 2.64206e-01 1.51492e-01 0.00000e+00 9.47983e-02 
2.00000e+02 2.64501e-01 1.53333e-01 0.00000e+00 9.59467e-02 
2.00500e+02 2.64793e-01 1.55121e-01 0.00000e+00 9.71924e-02 
2.01000e+02 2.65084e-01 1.56852e-01 0.00000e+00 9.85232e-02 
2.01500e+02 2.65372e-01 1.58523e-01 0.00000e+00 9.98988e-02 
2.02000e+02 2.65657e-01 1.60130e-01 0.00000e+00 1.01284e-01 
2.02500e+02 2.65941e-01 1.61669e-01 0.00000e+00 1.02670e-01 
2.03000e+02 2.66222e-01 1.63137e-01 0.00000e+00 1.04057e-01 
2.03500e+02 2.66501e-01 1.64531e-01 0.00000e+00 1.05426e-01 
2.04000e+02 2.66778e-01 1.65849e-01 0.00000e+00 1.06739e-01 
2.04500e+02 2.67053e-01 1.67091e-01 0.00000e+00 1.07971e-01 
2.05000e+02 2.67325e-01 1.68259e-01 0.00000e+00 1.09145e-01 
2.05500e+02 2.67595e-01 1.69356e-01 0.00000e+00 1.10317e-01 
2.06000e+02 2.67864e-01 1.70387e-01 0.00000e+00 1.11518e-01 
2.06500e+02 2.68130e-01 1.71356e-01 0.00000e+00 1.12715e-01 
2.07000e+02 2.68394e-01 1.72271e-01 0.00000e+00 1.13837e-01 
2.07500e+02 2.68656e-01 1.73136e-01 0.00000e+00 1.14841e-01 
2.08000e+02 2.68916e-01 1.73959e-01 0.00000e+00 1.15724e-01 
2.08500e+02 2.69174e-01 1.74747e-01 0.00000e+00 1.16509e-01 
2.09000e+02 2.69430e-01 1.75505e-01 0.00000e+00 1.17222e-01 
2.09500e+02 2.69684e-01 1.76238e-01 0.00000e+00 1.17887e-01 
2.10000e+02 2.69936e-01 1.76951e-01 0.00000e+00 1.18524e-01 
2.10500e+02 2.70186e-01 1.77647e-01 0.00000e+00 1.19152e-01 
2.11000e+02 2.70435e-01 1.78330e-01 0.00000e+00 1.19790e-01 
2.11500e+02 2.70681e-01 1.79001e-01 0.00000e+00 1.20457e-01 
2.12000e+02 2.70926e-01 1.79662e-01 0.00000e+00 1.21156e-01 
2.12500e+02 2.71168e-01 1.80315e-01 0.00000e+00 1.21875e-01 
2.13000e+02 2.71409e-01 1.80960e-01 0.00000e+00 1.22592e-01 
2.13500e+02 2.71648e-01 1.81597e-01 0.00000e+00 1.23285e-01 
2.14000e+02 2.71886e-01 1.82227e-01 0.00000e+00 1.23941e-01 
2.14500e+02 2.72121e-01 1.82850e-01 0.00000e+00 1.24560e-01 
2.15000e+02 2.72355e-01 1.83466e-01 0.00000e+00 1.25144e-01 
2.15500e+02 2.72587e-01 1.84075e-01 0.00000e+00 1.25700e-01 
2.16000e+02 2.72817e-01 1.84677e-01 0.00000e+00 1.26236e-01 
2.16500e+02 2.73046e-01 1.85272e-01 0.00000e+00 1.26757e-01 
2.17000e+02 2.73272e-01 1.85861e-01 0.00000e+00 1.27266e-01 
2.17500e+02 2.73498e-01 1.86444e-01 0.00000e+00 1.27766e-01 
2.18000e+02 2.73721e-01 1.87021e-01 0.00000e+00 1.28259e-01 
2.18500e+02 2.73943e-01 1.87594e-01 0.00000e+00 1.28747e-01 
2.19000e+02 2.74163e-01 1.88162e-01 0.00000e+00 1.29230e-01 
2.19500e+02 2.74382e-01 1.88727e-01 0.00000e+00 1.29708e-01 
2.20000e+02 2.74599e-01 1.89288e-01 0.00000e+00 1.30184e-01 
2.20500e+02 2.74814e-01 1.89848e-01 0.00000e+00 1.30656e-01 
2.21000e+02 2.75028e-01 1.90405e-01 0.00000e+00 1.31124e-01 
2.21500e+02 2.75240e-01 1.90962e-01 0.00000e+00 1.31590e-01 
2.22000e+02 2.75450e-01 1.91518e-01 0.00000e+00 1.32053e-01 
2.22500e+02 2.75659e-01 1.92073e-01 0.00000e+00 1.32514e-01 
2.23000e+02 2.75867e-01 1.92628e-01 0.00000e+00 1.32972e-01 
2.23500e+02 2.76073e-01 1.93184e-01 0.00000e+00 1.33428e-01 
2.24000e+02 2.76277e-01 1.93740e-01 0.00000e+00 1.33881e-01 
2.24500e+02 2.76480e-01 1.94295e-01 0.00000e+00 1.34332e-01 
2.25000e+02 2.76681e-01 1.94851e-01 0.00000e+00 1.34780e-01 
2.25500e+02 2.76880e-01 1.95406e-01 0.00000e+00 1.35227e-01 
2.26000e+02 2.77078e-01 1.95961e-01 0.00000e+00 1.35671e-01 
2.26500e+02 2.77275e-01 1.96515e-01 0.00000e+00 1.36113e-01 
2.27000e+02 2.77470e-01 1.97069e-01 0.00000e+00 1.36553e-01 
2.27500e+02 2.77664e-01 1.97621e-01 0.00000e+00 1.36991e-01 
2.28000e+02 2.77856e-01 1.98173e-01 0.00000e+00 1.37427e-01 
2.28500e+02 2.78046e-01 1.98722e-01 0.00000e+00 1.37861e-01 
2.29000e+02 2.78236e-01 1.99270e-01 1.84130e-283 1.38293e-01 
2.29500e+02 2.78423e-01 1.99817e-01 6.90797e-207 1.38723e-01 
2.30000e+02 2.78609e-01 2.00362e-01 2.48926e-148 1.39150e-01 
2.30500e+02 2.78794e-01 2.00905e-01 3.36889e-104 1.39576e-01 
2.31000e+02 2.78978e-01 2.01446e-01 1.48967e-71 1.40000e-01 
2.31500e+02 2.79160e-01 2.01985e-01 5.93479e-48 1.40422e-01 
2.32000e+02 2.79341e-01 2.02522e-01 2.49357e-31 1.40842e-01 
2.32500e+02 2.79520e-01 2.03057e-01 6.33702e-20 1.41260e-01 
2.33000e+02 2.79698e-01 2.03590e-01 2.62105e-12 1.41676e-01 
2.33500e+02 2.79875e-01 2.04121e-01 2.03628e-07 1.42090e-01 
2.34000e+02 2.80050e-01 2.04651e-01 1.78426e-04 1.42502e-01 
2.34500e+02 2.80225e-01 2.05178e-01 7.28197e-03 1.42913e-01 
2.35000e+02 2.80398e-01 2.05704e-01 3.48991e-02 1.43322e-01 
2.35500e+02 2.80570e-01 2.06229e-01 5.26110e-02 1.43729e-01 
2.36000e+02 2.80741e-01 2.06752e-01 6.03537e-02 1.44134e-01 
2.36500e+02 2.80911e-01 2.07274e-01 6.51317e-02 1.44537e-01 
2.37000e+02 2.81080e-01 2.07794e-01 6.87031e-02 1.44938e-01 
2.37500e+02 2.81248e-01 2.08313e-01 7.15970e-02 1.45337e-01 
2.38000e+02 2.81414e-01 2.08831e-01 7.40425e-02 1.45735e-01 
2.38500e+02 2.81579e-01 2.09348e-01 7.61679e-02 1.46130e-01 
2.39000e+02 2.81744e-01 2.09863e-01 7.80555e-02 1.46523e-01 
2.39500e+02 2.81907e-01 2.10378e-01 7.97610e-02 1.46915e-01 
2.40000e+02 2.82069e-01 2.10891e-01 8.13229e-02 1.47304e-01 
