0.00000e+00 0.00000e+00 0.00000e+00 0.00000e+00 0.00000e+00 
5.00000e-01 0.00000e+00 0.00000e+00 0.00000e+00 0.00000e+00 
1.00000e+00 0.00000e+00 0.00000e+00 0.00000e+00 0.00000e+00 
1.50000e+00 0.00000e+00 0.00000e+00 0.00000e+00 0.00000e+00 
2.00000e+00 0.00000e+00 0.00000e+00 0.00000e+00 0.00000e+00 
2.50000e+00 0.00000e+00 0.00000e+00 0.00000e+00 0.00000e+00 
3.00000e+00 0.00000e+00 0.00000e+00 0.00000e+00 0.00000e+00 
3.50000e+00 0.00000e+00 0.00000e+00 0.00000e+00 0.00000e+00 
4.00000e+00 0.00000e+00 0.00000e+00 0.00000e+00 0.00000e+00 
4.50000e+00 0.00000e+00 0.00000e+00 0.00000e+00 0.00000e+00 
5.00000e+00 0.00000e+00 0.00000e+00 0.00000e+00 0.00000e+00 
5.50000e+00 0.00000e+00 0.00000e+00 0.00000e+00 0.00000e+00 
6.00000e+00 0.00000e+00 0.00000e+00 0.00000e+00 0.00000e+00 
6.50000e+00 0.00000e+00 0.00000e+00 0.00000e+00 0.00000e+00 
7.00000e+00 0.00000e+00 0.00000e+00 0.00000e+00 0.00000e+00 
7.50000e+00 0.00000e+00 0.00000e+00 0.00000e+00 0.00000e+00 
8.00000e+00 0.00000e+00 0.00000e+00 0.00000e+00 0.00000e+00 
8.50000e+00 0.00000e+00 0.00000e+00 0.00000e+00 0.00000e+00 
9.00000e+00 0.00000e+00 0.00000e+00 0.00000e+00 0.00000e+00 
9.50000e+00 0.00000e+00 0.00000e+00 0.00000e+00 0.00000e+00 
1.00000e+01 0.00000e+00 0.00000e+00 0.00000e+00 0.00000e+00 
1.05000e+01 0.00000e+00 0.00000e+00 0.00000e+00 0.00000e+00 
1.10000e+01 0.00000e+00 0.00000e+00 0.00000e+00 0.00000e+00 
1.15000e+01 0.00000e+00 0.00000e+00 0.00000e+00 0.00000e+00 
1.20000e+01 0.00000e+00 0.00000e+00 0.00000e+00 0.00000e+00 
1.25000e+01 0.00000e+00 0.00000e+00 0.00000e+00 0.00000e+00 
1.30000e+01 0.00000e+00 0.00000e+00 0.00000e+00 0.00000e+00 
1.35000e+01 0.00000e+00 0.00000e+00 0.00000e+00 0.00000e+00 
1.40000e+01 0.00000e+00 0.00000e+00 0.00000e+00 0.00000e+00 
1.45000e+01 0.00000e+00 0.00000e+00 0.00000e+00 0.00000e+00 
1.50000e+01 0.00000e+00 0.00000e+00 0.00000e+00 0.00000e+00 
1.55000e+01 0.00000e+00 0.00000e+00 0.00000e+00 0.00000e+00 
1.60000e+01 0.00000e+00 0.00000e+00 0.00000e+00 0.00000e+00 
1.65000e+01 0.00000e+00 0.00000e+00 0.00000e+00 0.00000e+00 
1.70000e+01 0.00000e+00 0.00000e+00 0.00000e+00 0.00000e+00 
1.75000e+01 0.00000e+00 0.00000e+00 0.00000e+00 0.00000e+00 
1.80000e+01 0.00000e+00 0.00000e+00 0.00000e+00 0.00000e+00 
1.85000e+01 0.00000e+00 0.00000e+00 0.00000e+00 0.00000e+00 
1.90000e+01 0.00000e+00 0.00000e+00 0.00000e+00 0.00000e+00 
1.95000e+01 0.00000e+00 0.00000e+00 0.00000e+00 0.00000e+00 
2.00000e+01 0.00000e+00 0.00000e+00 0.00000e+00 0.00000e+00 
2.05000e+01 0.00000e+00 0.00000e+00 0.00000e+00 0.00000e+00 
2.10000e+01 0.00000e+00 0.00000e+00 0.00000e+00 0.00000e+00 
2.15000e+01 0.00000e+00 0.00000e+00 0.00000e+00 0.00000e+00 
2.20000e+01 0.00000e+00 0.00000e+00 0.00000e+00 0.00000e+00 
2.25000e+01 0.00000e+00 0.00000e+00 0.00000e+00 0.00000e+00 
2.30000e+01 0.00000e+00 0.00000e+00 0.00000e+00 0.00000e+00 
2.35000e+01 0.00000e+00 0.00000e+00 0.00000e+00 0.00000e+00 
2.40000e+01 0.00000e+00 0.00000e+00 0.00000e+00 0.00000e+00 
2.45000e+01 0.00000e+00 0.00000e+00 0.00000e+00 0.00000e+00 
2.50000e+01 0.00000e+00 0.00000e+00 0.00000e+00 0.00000e+00 
2.55000e+01 0.00000e+00 0.00000e+00 0.00000e+00 0.00000e+00 
2.60000e+01 0.00000e+00 0.00000e+00 0.00000e+00 0.00000e+00 
2.65000e+01 0.00000e+00 0.00000e+00 0.00000e+00 0.00000e+00 
2.70000e+01 0.00000e+00 0.00000e+00 0.00000e+00 0.00000e+00 
2.75000e+01 0.00000e+00 0.00000e+00 0.00000e+00 0.00000e+00 
2.80000e+01 0.00000e+00 0.00000e+00 0.00000e+00 0.00000e+00 
2.85000e+01 0.00000e+00 0.00000e+00 0.00000e+00 0.00000e+00 
2.90000e+01 0.00000e+00 0.00000e+00 0.00000e+00 0.00000e+00 
2.95000e+01 0.00000e+00 0.00000e+00 0.00000e+00 0.00000e+00 
3.00000e+01 0.00000e+00 0.00000e+00 0.00000e+00 0.00000e+00 
3.05000e+01 0.00000e+00 0.00000e+00 0.00000e+00 0.00000e+00 
3.10000e+01 0.00000e+00 0.00000e+00 0.00000e+00 0.00000e+00 
3.15000e+01 0.00000e+00 0.00000e+00 0.00000e+00 0.00000e+00 
3.20000e+01 0.00000e+00 0.00000e+00 0.00000e+00 0.00000e+00 
3.25000e+01 0.00000e+00 0.00000e+00 0.00000e+00 0.00000e+00 
3.30000e+01 0.00000e+00 0.00000e+00 0.00000e+00 0.00000e+00 
3.35000e+01 0.00000e+00 0.00000e+00 0.00000e+00 0.00000e+00 
3.40000e+01 0.00000e+00 0.00000e+00 0.00000e+00 0.00000e+00 
3.45000e+01 0.00000e+00 0.00000e+00 0.00000e+00 0.00000e+00 
3.50000e+01 0.00000e+00 0.00000e+00 0.00000e+00 0.00000e+00 
3.55000e+01 0.00000e+00 0.00000e+00 0.00000e+00 0.00000e+00 
3.60000e+01 0.00000e+00 0.00000e+00 0.00000e+00 0.00000e+00 
3.65000e+01 0.00000e+00 0.00000e+00 0.00000e+00 0.00000e+00 
3.70000e+01 0.00000e+00 0.00000e+00 0.00000e+00 0.00000e+00 
3.75000e+01 0.00000e+00 0.00000e+00 0.00000e+00 0.00000e+00 
3.80000e+01 0.00000e+00 0.00000e+00 0.00000e+00 0.00000e+00 
3.85000e+01 0.00000e+00 0.00000e+00 0.00000e+00 0.00000e+00 
3.90000e+01 0.00000e+00 0.00000e+00 0.00000e+00 0.00000e+00 
3.95000e+01 0.00000e+00 0.00000e+00 0.00000e+00 0.00000e+00 
4.00000e+01 0.00000e+00 0.00000e+00 0.00000e+00 0.00000e+00 
4.05000e+01 0.00000e+00 0.00000e+00 0.00000e+00 0.00000e+00 
4.10000e+01 0.00000e+00 0.00000e+00 0.00000e+00 0.00000e+00 
4.15000e+01 0.00000e+00 0.00000e+00 0.00000e+00 0.00000e+00 
4.20000e+01 0.00000e+00 0.00000e+00 0.00000e+00 0.00000e+00 
4.25000e+01 0.00000e+00 0.00000e+00 0.00000e+00 0.00000e+00 
4.30000e+01 0.00000e+00 0.00000e+00 0.00000e+00 0.00000e+00 
4.35000e+01 0.00000e+00 0.00000e+00 0.00000e+00 0.00000e+00 
4.40000e+01 0.00000e+00 0.00000e+00 0.00000e+00 0.00000e+00 
4.45000e+01 0.00000e+00 0.00000e+00 0.00000e+00 0.00000e+00 
4.50000e+01 0.00000e+00 0.00000e+00 0.00000e+00 0.00000e+00 
4.55000e+01 0.00000e+00 0.00000e+00 0.00000e+00 0.00000e+00 
4.60000e+01 0.00000e+00 0.00000e+00 0.00000e+00 0.00000e+00 
4.65000e+01 0.00000e+00 0.00000e+00 0.00000e+00 0.00000e+00 
4.70000e+01 0.00000e+00 0.00000e+00 0.00000e+00 0.00000e+00 
4.75000e+01 0.00000e+00 0.00000e+00 0.00000e+00 0.00000e+00 
4.80000e+01 0.00000e+00 0.00000e+00 0.00000e+00 0.00000e+00 
4.85000e+01 0.00000e+00 0.00000e+00 0.00000e+00 0.00000e+00 
4.90000e+01 0.00000e+00 0.00000e+00 0.00000e+00 0.00000e+00 
4.95000e+01 0.00000e+00 0.00000e+00 0.00000e+00 0.00000e+00 
5.00000e+01 0.00000e+00 0.00000e+00 0.00000e+00 0.00000e+00 
5.05000e+01 0.00000e+00 0.00000e+00 0.00000e+00 0.00000e+00 
5.10000e+01 0.00000e+00 0.00000e+00 0.00000e+00 0.00000e+00 
5.15000e+01 0.00000e+00 0.00000e+00 0.00000e+00 0.00000e+00 
5.20000e+01 0.00000e+00 0.00000e+00 0.00000e+00 0.00000e+00 
5.25000e+01 0.00000e+00 0.00000e+00 0.00000e+00 0.00000e+00 
5.30000e+01 0.00000e+00 0.00000e+00 0.00000e+00 0.00000e+00 
5.35000e+01 0.00000e+00 0.00000e+00 0.00000e+00 0.00000e+00 
5.40000e+01 0.00000e+00 0.00000e+00 0.00000e+00 0.00000e+00 
5.45000e+01 0.00000e+00 0.00000e+00 0.00000e+00 0.00000e+00 
5.50000e+01 0.00000e+00 0.00000e+00 0.00000e+00 0.00000e+00 
5.55000e+01 0.00000e+00 0.00000e+00 0.00000e+00 0.00000e+00 
5.60000e+01 0.00000e+00 0.00000e+00 0.00000e+00 0.00000e+00 
5.65000e+01 0.00000e+00 0.00000e+00 0.00000e+00 0.00000e+00 
5.70000e+01 0.00000e+00 0.00000e+00 0.00000e+00 0.00000e+00 
5.75000e+01 0.00000e+00 0.00000e+00 0.00000e+00 0.00000e+00 
5.80000e+01 0.00000e+00 0.00000e+00 0.00000e+00 0.00000e+00 
5.85000e+01 0.00000e+00 0.00000e+00 0.00000e+00 0.00000e+00 
5.90000e+01 0.00000e+00 0.00000e+00 0.00000e+00 0.00000e+00 
5.95000e+01 0.00000e+00 0.00000e+00 0.00000e+00 0.00000e+00 
6.00000e+01 0.00000e+00 0.00000e+00 0.00000e+00 0.00000e+00 
6.05000e+01 0.00000e+00 0.00000e+00 0.00000e+00 0.00000e+00 
6.10000e+01 0.00000e+00 0.00000e+00 0.00000e+00 0.00000e+00 
6.15000e+01 0.00000e+00 0.00000e+00 0.00000e+00 0.00000e+00 
6.20000e+01 0.00000e+00 0.00000e+00 0.00000e+00 0.00000e+00 
6.25000e+01 0.00000e+00 0.00000e+00 0.00000e+00 0.00000e+00 
6.30000e+01 0.00000e+00 0.00000e+00 0.00000e+00 0.00000e+00 
6.35000e+01 0.00000e+00 0.00000e+00 0.00000e+00 0.00000e+00 
6.40000e+01 0.00000e+00 0.00000e+00 0.00000e+00 0.00000e+00 
6.45000e+01 0.00000e+00 0.00000e+00 0.00000e+00 0.00000e+00 
6.50000e+01 0.00000e+00 0.00000e+00 0.00000e+00 0.00000e+00 
6.55000e+01 0.00000e+00 0.00000e+00 0.00000e+00 0.00000e+00 
6.60000e+01 0.00000e+00 0.00000e+00 0.00000e+00 0.00000e+00 
6.65000e+01 0.00000e+00 0.00000e+00 0.00000e+00 0.00000e+00 
6.70000e+01 0.00000e+00 0.00000e+00 0.00000e+00 0.00000e+00 
6.75000e+01 0.00000e+00 0.00000e+00 0.00000e+00 0.00000e+00 
6.80000e+01 0.00000e+00 0.00000e+00 0.00000e+00 0.00000e+00 
6.85000e+01 0.00000e+00 0.00000e+00 0.00000e+00 0.00000e+00 
6.90000e+01 0.00000e+00 0.00000e+00 0.00000e+00 0.00000e+00 
6.95000e+01 0.00000e+00 0.00000e+00 0.00000e+00 0.00000e+00 
7.00000e+01 0.00000e+00 0.00000e+00 0.00000e+00 0.00000e+00 
7.05000e+01 0.00000e+00 0.00000e+00 0.00000e+00 0.00000e+00 
7.10000e+01 0.00000e+00 0.00000e+00 0.00000e+00 0.00000e+00 
7.15000e+01 0.00000e+00 0.00000e+00 0.00000e+00 0.00000e+00 
7.20000e+01 0.00000e+00 0.00000e+00 0.00000e+00 0.00000e+00 
7.25000e+01 0.00000e+00 0.00000e+00 0.00000e+00 0.00000e+00 
7.30000e+01 0.00000e+00 0.00000e+00 0.00000e+00 0.00000e+00 
7.35000e+01 0.00000e+00 0.00000e+00 0.00000e+00 0.00000e+00 
7.40000e+01 0.00000e+00 0.00000e+00 0.00000e+00 0.00000e+00 
7.45000e+01 0.00000e+00 0.00000e+00 0.00000e+00 0.00000e+00 
7.50000e+01 0.00000e+00 0.00000e+00 0.00000e+00 0.00000e+00 
7.55000e+01 0.00000e+00 0.00000e+00 0.00000e+00 0.00000e+00 
7.60000e+01 0.00000e+00 0.00000e+00 0.00000e+00 0.00000e+00 
7.65000e+01 3.97431e-278 0.00000e+00 0.00000e+00 0.00000e+00 
7.70000e+01 1.51311e-70 0.00000e+00 0.00000e+00 0.00000e+00 
7.75000e+01 6.26546e-16 0.00000e+00 0.00000e+00 0.00000e+00 
7.80000e+01 3.62073e-03 0.00000e+00 0.00000e+00 0.00000e+00 
7.85000e+01 6.43003e-02 0.00000e+00 0.00000e+00 0.00000e+00 
7.90000e+01 7.60560e-02 0.00000e+00 0.00000e+00 0.00000e+00 
7.95000e+01 8.33452e-02 0.00000e+00 0.00000e+00 0.00000e+00 
8.00000e+01 8.85498e-02 0.00000e+00 0.00000e+00 0.00000e+00 
8.05000e+01 9.26126e-02 0.00000e+00 0.00000e+00 0.00000e+00 
8.10000e+01 9.61537e-02 0.00000e+00 0.00000e+00 0.00000e+00 
8.15000e+01 9.97699e-02 0.00000e+00 0.00000e+00 0.00000e+00 
8.20000e+01 1.03724e-01 0.00000e+00 0.00000e+00 0.00000e+00 
8.25000e+01 1.07598e-01 0.00000e+00 0.00000e+00 0.00000e+00 
8.30000e+01 1.11177e-01 0.00000e+00 0.00000e+00 0.00000e+00 
8.35000e+01 1.14526e-01 0.00000e+00 0.00000e+00 0.00000e+00 
8.40000e+01 1.17698e-01 0.00000e+00 0.00000e+00 0.00000e+00 
8.45000e+01 1.20715e-01 0.00000e+00 0.00000e+00 0.00000e+00 
8.50000e+01 1.23582e-01 0.00000e+00 0.00000e+00 0.00000e+00 
8.55000e+01 1.26304e-01 0.00000e+00 0.00000e+00 0.00000e+00 
8.60000e+01 1.28886e-01 0.00000e+00 0.00000e+00 0.00000e+00 
8.65000e+01 1.31337e-01 0.00000e+00 0.00000e+00 0.00000e+00 
8.70000e+01 1.33670e-01 0.00000e+00 0.00000e+00 0.00000e+00 
8.75000e+01 1.35899e-01 0.00000e+00 0.00000e+00 0.00000e+00 
8.80000e+01 1.38041e-01 0.00000e+00 0.00000e+00 0.00000e+00 
8.85000e+01 1.40109e-01 0.00000e+00 0.00000e+00 0.00000e+00 
8.90000e+01 1.42111e-01 0.00000e+00 0.00000e+00 0.00000e+00 
8.95000e+01 1.44049e-01 0.00000e+00 0.00000e+00 0.00000e+00 
9.00000e+01 1.45921e-01 0.00000e+00 0.00000e+00 0.00000e+00 
9.05000e+01 1.47725e-01 0.00000e+00 0.00000e+00 0.00000e+00 
9.10000e+01 1.49462e-01 0.00000e+00 0.00000e+00 0.00000e+00 
9.15000e+01 1.51130e-01 0.00000e+00 0.00000e+00 0.00000e+00 
9.20000e+01 1.52726e-01 0.00000e+00 0.00000e+00 0.00000e+00 
9.25000e+01 1.54251e-01 0.00000e+00 0.00000e+00 0.00000e+00 
9.30000e+01 1.55704e-01 0.00000e+00 0.00000e+00 0.00000e+00 
9.35000e+01 1.57089e-01 0.00000e+00 0.00000e+00 0.00000e+00 
9.40000e+01 1.58408e-01 0.00000e+00 0.00000e+00 0.00000e+00 
9.45000e+01 1.59668e-01 0.00000e+00 0.00000e+00 0.00000e+00 
9.50000e+01 1.60873e-01 0.00000e+00 0.00000e+00 0.00000e+00 
9.55000e+01 1.62029e-01 0.00000e+00 0.00000e+00 0.00000e+00 
9.60000e+01 1.63138e-01 0.00000e+00 0.00000e+00 0.00000e+00 
9.65000e+01 1.64205e-01 0.00000e+00 0.00000e+00 0.00000e+00 
9.70000e+01 1.65232e-01 0.00000e+00 0.00000e+00 0.00000e+00 
9.75000e+01 1.66220e-01 0.00000e+00 0.00000e+00 0.00000e+00 
9.80000e+01 1.67173e-01 0.00000e+00 0.00000e+00 0.00000e+00 
9.85000e+01 1.68091e-01 0.00000e+00 0.00000e+00 0.00000e+00 
9.90000e+01 1.68978e-01 0.00000e+00 0.00000e+00 0.00000e+00 
9.95000e+01 1.69833e-01 0.00000e+00 0.00000e+00 0.00000e+00 
1.00000e+02 1.70660e-01 0.00000e+00 0.00000e+00 0.00000e+00 
1.00500e+02 1.71460e-01 0.00000e+00 0.00000e+00 0.00000e+00 
1.01000e+02 1.72235e-01 0.00000e+00 0.00000e+00 0.00000e+00 
1.01500e+02 1.72986e-01 0.00000e+00 0.00000e+00 0.00000e+00 
1.02000e+02 1.73715e-01 0.00000e+00 0.00000e+00 0.00000e+00 
1.02500e+02 1.74424e-01 0.00000e+00 0.00000e+00 0.00000e+00 
1.03000e+02 1.75115e-01 0.00000e+00 0.00000e+00 0.00000e+00 
1.03500e+02 1.75788e-01 0.00000e+00 0.00000e+00 0.00000e+00 
1.04000e+02 1.76446e-01 0.00000e+00 0.00000e+00 0.00000e+00 
1.04500e+02 1.77088e-01 0.00000e+00 0.00000e+00 0.00000e+00 
1.05000e+02 1.77716e-01 0.00000e+00 0.00000e+00 0.00000e+00 
1.05500e+02 1.78330e-01 0.00000e+00 0.00000e+00 0.00000e+00 
1.06000e+02 1.78930e-01 0.00000e+00 0.00000e+00 0.00000e+00 
1.06500e+02 1.79517e-01 0.00000e+00 0.00000e+00 0.00000e+00 
1.07000e+02 1.80089e-01 0.00000e+00 0.00000e+00 0.00000e+00 
1.07500e+02 1.80648e-01 0.00000e+00 0.00000e+00 0.00000e+00 
1.08000e+02 1.81194e-01 0.00000e+00 0.00000e+00 0.00000e+00 
1.08500e+02 1.81726e-01 0.00000e+00 0.00000e+00 0.00000e+00 
1.09000e+02 1.82246e-01 0.00000e+00 0.00000e+00 0.00000e+00 
1.09500e+02 1.82753e-01 0.00000e+00 0.00000e+00 0.00000e+00 
1.10000e+02 1.83249e-01 0.00000e+00 0.00000e+00 0.00000e+00 
1.10500e+02 1.83734e-01 0.00000e+00 0.00000e+00 0.00000e+00 
1.11000e+02 1.84209e-01 0.00000e+00 0.00000e+00 0.00000e+00 
1.11500e+02 1.84675e-01 0.00000e+00 0.00000e+00 0.00000e+00 
1.12000e+02 1.85132e-01 0.00000e+00 0.00000e+00 0.00000e+00 
1.12500e+02 1.85583e-01 0.00000e+00 0.00000e+00 0.00000e+00 
1.13000e+02 1.86027e-01 0.00000e+00 0.00000e+00 0.00000e+00 
1.13500e+02 1.86465e-01 0.00000e+00 0.00000e+00 0.00000e+00 
1.14000e+02 1.86899e-01 0.00000e+00 0.00000e+00 0.00000e+00 
1.14500e+02 1.87329e-01 0.00000e+00 0.00000e+00 0.00000e+00 
1.15000e+02 1.87756e-01 0.00000e+00 0.00000e+00 0.00000e+00 
1.15500e+02 1.88180e-01 0.00000e+00 0.00000e+00 0.00000e+00 
1.16000e+02 1.88603e-01 0.00000e+00 0.00000e+00 0.00000e+00 
1.16500e+02 1.89024e-01 0.00000e+00 0.00000e+00 0.00000e+00 
1.17000e+02 1.89446e-01 0.00000e+00 0.00000e+00 0.00000e+00 
1.17500e+02 1.89867e-01 0.00000e+00 0.00000e+00 0.00000e+00 
1.18000e+02 1.90289e-01 0.00000e+00 0.00000e+00 0.00000e+00 
1.18500e+02 1.90712e-01 0.00000e+00 2.35963e-278 0.00000e+00 
1.19000e+02 1.91137e-01 0.00000e+00 3.23137e-166 0.00000e+00 
1.19500e+02 1.91564e-01 0.00000e+00 1.52237e-95 0.00000e+00 
1.20000e+02 1.91993e-01 0.00000e+00 8.31566e-51 0.00000e+00 
1.20500e+02 1.92425e-01 0.00000e+00 9.75105e-25 0.00000e+00 
1.21000e+02 1.92860e-01 0.00000e+00 2.34442e-11 0.00000e+00 
1.21500e+02 1.93299e-01 0.00000e+00 5.53851e-05 0.00000e+00 
1.22000e+02 1.93740e-01 0.00000e+00 1.91914e-02 0.00000e+00 
1.22500e+02 1.94186e-01 0.00000e+00 5.36248e-02 0.00000e+00 
1.23000e+02 1.94636e-01 0.00000e+00 6.36362e-02 0.00000e+00 
1.23500e+02 1.95089e-01 0.00000e+00 6.89275e-02 0.00000e+00 
1.24000e+02 1.95545e-01 0.00000e+00 7.27904e-02 0.00000e+00 
1.24500e+02 1.96004e-01 0.00000e+00 7.60540e-02 0.00000e+00 
1.25000e+02 1.96464e-01 0.00000e+00 7.89362e-02 0.00000e+00 
1.25500e+02 1.96928e-01 0.00000e+00 8.14901e-02 0.00000e+00 
1.26000e+02 1.97393e-01 0.00000e+00 8.37475e-02 0.00000e+00 
1.26500e+02 1.97861e-01 0.00000e+00 8.57484e-02 0.00000e+00 
1.27000e+02 1.98330e-01 0.00000e+00 8.75366e-02 0.00000e+00 
1.27500e+02 1.98802e-01 0.00000e+00 8.91547e-02 0.00000e+00 
1.28000e+02 1.99274e-01 0.00000e+00 9.06415e-02 0.00000e+00 
1.28500e+02 1.99749e-01 0.00000e+00 9.20304e-02 0.00000e+00 
1.29000e+02 2.00225e-01 0.00000e+00 9.33491e-02 0.00000e+00 
1.29500e+02 2.00703e-01 0.00000e+00 9.46209e-02 0.00000e+00 
1.30000e+02 2.01183e-01 0.00000e+00 9.58658e-02 0.00000e+00 
1.30500e+02 2.01665e-01 0.00000e+00 9.71006e-02 0.00000e+00 
1.31000e+02 2.02150e-01 0.00000e+00 9.83369e-02 0.00000e+00 
1.31500e+02 2.02639e-01 0.00000e+00 9.95779e-02 0.00000e+00 
1.32000e+02 2.03130e-01 0.00000e+00 1.00818e-01 0.00000e+00 
1.32500e+02 2.03626e-01 0.00000e+00 1.02043e-01 0.00000e+00 
1.33000e+02 2.04127e-01 0.00000e+00 1.03240e-01 0.00000e+00 
1.33500e+02 2.04632e-01 0.00000e+00 1.04396e-01 0.00000e+00 
1.34000e+02 2.05143e-01 0.00000e+00 1.05501e-01 0.00000e+00 
1.34500e+02 2.05661e-01 0.00000e+00 1.06553e-01 0.00000e+00 
1.35000e+02 2.06185e-01 0.00000e+00 1.07553e-01 0.00000e+00 
1.35500e+02 2.06715e-01 0.00000e+00 1.08505e-01 0.00000e+00 
1.36000e+02 2.07252e-01 0.00000e+00 1.09414e-01 0.00000e+00 
1.36500e+02 2.07796e-01 0.00000e+00 1.10286e-01 0.00000e+00 
1.37000e+02 2.08347e-01 0.00000e+00 1.11125e-01 0.00000e+00 
1.37500e+02 2.08904e-01 0.00000e+00 1.11936e-01 0.00000e+00 
1.38000e+02 2.09467e-01 0.00000e+00 1.12722e-01 0.00000e+00 
1.38500e+02 2.10036e-01 0.00000e+00 1.13487e-01 0.00000e+00 
1.39000e+02 2.10610e-01 0.00000e+00 1.14231e-01 0.00000e+00 
1.39500e+02 2.11188e-01 0.00000e+00 1.14957e-01 0.00000e+00 
1.40000e+02 2.11769e-01 0.00000e+00 1.15666e-01 0.00000e+00 
1.40500e+02 2.12354e-01 0.00000e+00 1.16358e-01 0.00000e+00 
1.41000e+02 2.12941e-01 0.00000e+00 1.17034e-01 0.00000e+00 
1.41500e+02 2.13529e-01 0.00000e+00 1.17694e-01 0.00000e+00 
1.42000e+02 2.14119e-01 0.00000e+00 1.18338e-01 0.00000e+00 
1.42500e+02 2.14709e-01 0.00000e+00 1.18965e-01 0.00000e+00 
1.43000e+02 2.15299e-01 0.00000e+00 1.19577e-01 0.00000e+00 
1.43500e+02 2.15888e-01 0.00000e+00 1.20172e-01 0.00000e+00 
1.44000e+02 2.16477e-01 0.00000e+00 1.20752e-01 0.00000e+00 
1.44500e+02 2.17065e-01 0.00000e+00 1.21316e-01 0.00000e+00 
1.45000e+02 2.17652e-01 0.00000e+00 1.21864e-01 0.00000e+00 
1.45500e+02 2.18238e-01 0.00000e+00 1.22398e-01 0.00000e+00 
1.46000e+02 2.18823e-01 0.00000e+00 1.22917e-01 0.00000e+00 
1.46500e+02 2.19407e-01 0.00000e+00 1.23422e-01 0.00000e+00 
1.47000e+02 2.19990e-01 0.00000e+00 1.23915e-01 0.00000e+00 
1.47500e+02 2.20572e-01 0.00000e+00 1.24394e-01 0.00000e+00 
1.48000e+02 2.21153e-01 0.00000e+00 1.24862e-01 0.00000e+00 
1.48500e+02 2.21734e-01 0.00000e+00 1.25318e-01 0.00000e+00 
1.49000e+02 2.22315e-01 0.00000e+00 1.25764e-01 0.00000e+00 
1.49500e+02 2.22896e-01 0.00000e+00 1.26199e-01 0.00000e+00 
1.50000e+02 2.23477e-01 0.00000e+00 1.26624e-01 0.00000e+00 
1.50500e+02 2.24060e-01 0.00000e+00 1.27040e-01 0.00000e+00 
1.51000e+02 2.24643e-01 0.00000e+00 1.27448e-01 0.00000e+00 
1.51500e+02 2.25228e-01 0.00000e+00 1.27847e-01 0.00000e+00 
1.52000e+02 2.25814e-01 0.00000e+00 1.28238e-01 0.00000e+00 
1.52500e+02 2.26403e-01 0.00000e+00 1.28622e-01 0.00000e+00 
1.53000e+02 2.26993e-01 0.00000e+00 1.28998e-01 0.00000e+00 
1.53500e+02 2.27585e-01 0.00000e+00 1.29368e-01 0.00000e+00 
1.54000e+02 2.28179e-01 0.00000e+00 1.29731e-01 0.00000e+00 
1.54500e+02 2.28774e-01 0.00000e+00 1.30088e-01 0.00000e+00 
1.55000e+02 2.29370e-01 0.00000e+00 1.30440e-01 0.00000e+00 
1.55500e+02 2.29967e-01 0.00000e+00 1.30786e-01 0.00000e+00 
1.56000e+02 2.30564e-01 0.00000e+00 1.31126e-01 0.00000e+00 
1.56500e+02 2.31160e-01 0.00000e+00 1.31462e-01 0.00000e+00 
1.57000e+02 2.31754e-01 0.00000e+00 1.31793e-01 0.00000e+00 
1.57500e+02 2.32347e-01 0.00000e+00 1.32119e-01 0.00000e+00 
1.58000e+02 2.32938e-01 0.00000e+00 1.32441e-01 0.00000e+00 
1.58500e+02 2.33526e-01 0.00000e+00 1.32759e-01 0.00000e+00 
1.59000e+02 2.34111e-01 0.00000e+00 1.33073e-01 0.00000e+00 
1.59500e+02 2.34693e-01 0.00000e+00 1.33384e-01 0.00000e+00 
1.60000e+02 2.35271e-01 0.00000e+00 1.33691e-01 0.00000e+00 
1.60500e+02 2.35845e-01 0.00000e+00 1.33994e-01 0.00000e+00 
1.61000e+02 2.36415e-01 0.00000e+00 1.34295e-01 0.00000e+00 
1.61500e+02 2.36981e-01 0.00000e+00 1.34593e-01 0.00000e+00 
1.62000e+02 2.37543e-01 0.00000e+00 1.34887e-01 0.00000e+00 
1.62500e+02 2.38102e-01 0.00000e+00 1.35179e-01 0.00000e+00 
1.63000e+02 2.38657e-01 0.00000e+00 1.35468e-01 0.00000e+00 
1.63500e+02 2.39210e-01 0.00000e+00 1.35755e-01 0.00000e+00 
1.64000e+02 2.39762e-01 0.00000e+00 1.36039e-01 0.00000e+00 
1.64500e+02 2.40313e-01 0.00000e+00 1.36320e-01 0.00000e+00 
1.65000e+02 2.40864e-01 0.00000e+00 1.36599e-01 0.00000e+00 
1.65500e+02 2.41416e-01 0.00000e+00 1.36875e-01 0.00000e+00 
1.66000e+02 2.41969e-01 0.00000e+00 1.37149e-01 0.00000e+00 
1.66500e+02 2.42524e-01 0.00000e+00 1.37419e-01 0.00000e+00 
1.67000e+02 2.43080e-01 0.00000e+00 1.37687e-01 0.00000e+00 
1.67500e+02 2.43637e-01 0.00000e+00 1.37952e-01 0.00000e+00 
1.68000e+02 2.44195e-01 0.00000e+00 1.38214e-01 0.00000e+00 
1.68500e+02 2.44751e-01 0.00000e+00 1.38473e-01 0.00000e+00 
1.69000e+02 2.45306e-01 0.00000e+00 1.38729e-01 0.00000e+00 
1.69500e+02 2.45857e-01 0.00000e+00 1.38983e-01 0.00000e+00 
1.70000e+02 2.46404e-01 0.00000e+00 1.39233e-01 0.00000e+00 
1.70500e+02 2.46944e-01 0.00000e+00 1.39481e-01 0.00000e+00 
1.71000e+02 2.47478e-01 0.00000e+00 1.39726e-01 0.00000e+00 
1.71500e+02 2.48004e-01 0.00000e+00 1.39970e-01 0.00000e+00 
1.72000e+02 2.48521e-01 0.00000e+00 1.40212e-01 0.00000e+00 
1.72500e+02 2.49028e-01 0.00000e+00 1.40454e-01 0.00000e+00 
1.73000e+02 2.49526e-01 0.00000e+00 1.40697e-01 0.00000e+00 
1.73500e+02 2.50013e-01 0.00000e+00 1.40940e-01 0.00000e+00 
1.74000e+02 2.50491e-01 0.00000e+00 1.41188e-01 0.00000e+00 
1.74500e+02 2.50959e-01 0.00000e+00 1.41440e-01 0.00000e+00 
1.75000e+02 2.51417e-01 0.00000e+00 1.41699e-01 0.00000e+00 
1.75500e+02 2.51866e-01 0.00000e+00 1.41969e-01 0.00000e+00 
1.76000e+02 2.52307e-01 0.00000e+00 1.42252e-01 0.00000e+00 
1.76500e+02 2.52739e-01 0.00000e+00 1.42553e-01 0.00000e+00 
1.77000e+02 2.53165e-01 0.00000e+00 1.42876e-01 0.00000e+00 
1.77500e+02 2.53584e-01 0.00000e+00 1.43227e-01 0.00000e+00 
1.78000e+02 2.53997e-01 0.00000e+00 1.43613e-01 0.00000e+00 
1.78500e+02 2.54405e-01 0.00000e+00 1.44042e-01 0.00000e+00 
1.79000e+02 2.54808e-01 0.00000e+00 1.44522e-01 0.00000e+00 
1.79500e+02 2.55207e-01 0.00000e+00 1.45063e-01 0.00000e+00 
1.80000e+02 2.55602e-01 0.00000e+00 1.45674e-01 0.00000e+00 
1.80500e+02 2.55994e-01 0.00000e+00 1.46363e-01 0.00000e+00 
1.81000e+02 2.56382e-01 0.00000e+00 1.47136e-01 0.00000e+00 
1.81500e+02 2.56767e-01 0.00000e+00 1.47999e-01 0.00000e+00 
1.82000e+02 2.57149e-01 0.00000e+00 1.48952e-01 0.00000e+00 
1.82500e+02 2.57527e-01 0.00000e+00 1.49992e-01 0.00000e+00 
1.83000e+02 2.57902e-01 0.00000e+00 1.51115e-01 0.00000e+00 
1.83500e+02 2.58273e-01 0.00000e+00 1.52311e-01 0.00000e+00 
1.84000e+02 2.58641e-01 0.00000e+00 1.53570e-01 0.00000e+00 
1.84500e+02 2.59005e-01 0.00000e+00 1.54884e-01 0.00000e+00 
1.85000e+02 2.59364e-01 0.00000e+00 1.56242e-01 0.00000e+00 
1.85500e+02 2.59720e-01 0.00000e+00 1.57636e-01 0.00000e+00 
1.86000e+02 2.60072e-01 0.00000e+00 1.59059e-01 0.00000e+00 
1.86500e+02 2.60419e-01 0.00000e+00 1.60506e-01 0.00000e+00 
1.87000e+02 2.60762e-01 0.00000e+00 1.61972e-01 0.00000e+00 
1.87500e+02 2.61101e-01 0.00000e+00 1.63452e-01 0.00000e+00 
1.88000e+02 2.61435e-01 0.00000e+00 1.64941e-01 0.00000e+00 
1.88500e+02 2.61765e-01 0.00000e+00 1.66434e-01 0.00000e+00 
1.89000e+02 2.62091e-01 0.00000e+00 1.67923e-01 0.00000e+00 
1.89500e+02 2.62412e-01 0.00000e+00 1.69401e-01 0.00000e+00 
1.90000e+02 2.62730e-01 0.00000e+00 1.70861e-01 0.00000e+00 
1.90500e+02 2.63043e-01 0.00000e+00 1.72294e-01 0.00000e+00 
1.91000e+02 2.63353e-01 0.00000e+00 1.73694e-01 0.00000e+00 
1.91500e+02 2.63659e-01 0.00000e+00 1.75054e-01 0.00000e+00 
1.92000e+02 2.63961e-01 0.00000e+00 1.76371e-01 0.00000e+00 
1.92500e+02 2.64260e-01 0.00000e+00 1.77641e-01 0.00000e+00 
1.93000e+02 2.64555e-01 0.00000e+00 1.78863e-01 0.00000e+00 
1.93500e+02 2.64847e-01 0.00000e+00 1.80038e-01 0.00000e+00 
1.94000e+02 2.65136e-01 0.00000e+00 1.81166e-01 0.00000e+00 
1.94500e+02 2.65422e-01 0.00000e+00 1.82250e-01 0.00000e+00 
1.95000e+02 2.65705e-01 0.00000e+00 1.83292e-01 0.00000e+00 
1.95500e+02 2.65985e-01 0.00000e+00 1.84293e-01 0.00000e+00 
1.96000e+02 2.66263e-01 0.00000e+00 1.85258e-01 0.00000e+00 
1.96500e+02 2.66538e-01 0.00000e+00 1.86189e-01 0.00000e+00 
1.97000e+02 2.66810e-01 0.00000e+00 1.87087e-01 0.00000e+00 
1.97500e+02 2.67081e-01 0.00000e+00 1.87956e-01 0.00000e+00 
1.98000e+02 2.67348e-01 0.00000e+00 1.88797e-01 0.00000e+00 
1.98500e+02 2.67614e-01 0.00000e+00 1.89613e-01 0.00000e+00 
1.99000e+02 2.67878e-01 0.00000e+00 1.90406e-01 0.00000e+00 
1.99500e+02 2.68139e-01 0.00000e+00 1.91177e-01 0.00000e+00 
2.00000e+02 2.68399e-01 0.00000e+00 1.91929e-01 0.00000e+00 
2.00500e+02 2.68657e-01 0.00000e+00 1.92662e-01 0.00000e+00 
2.01000e+02 2.68913e-01 0.00000e+00 1.93379e-01 0.00000e+00 
2.01500e+02 2.69167e-01 0.00000e+00 1.94080e-01 0.00000e+00 
2.02000e+02 2.69420e-01 0.00000e+00 1.94767e-01 0.00000e+00 
2.02500e+02 2.69671e-01 0.00000e+00 1.95439e-01 0.00000e+00 
2.03000e+02 2.69920e-01 0.00000e+00 1.96099e-01 0.00000e+00 
2.03500e+02 2.70167e-01 0.00000e+00 1.96746e-01 0.00000e+00 
2.04000e+02 2.70413e-01 0.00000e+00 1.97380e-01 0.00000e+00 
2.04500e+02 2.70656e-01 0.00000e+00 1.98004e-01 0.00000e+00 
2.05000e+02 2.70898e-01 0.00000e+00 1.98616e-01 0.00000e+00 
2.05500e+02 2.71138e-01 0.00000e+00 1.99217e-01 0.00000e+00 
2.06000e+02 2.71377e-01 0.00000e+00 1.99808e-01 0.00000e+00 
2.06500e+02 2.71613e-01 0.00000e+00 2.00389e-01 0.00000e+00 
2.07000e+02 2.71847e-01 0.00000e+00 2.00960e-01 0.00000e+00 
2.07500e+02 2.72079e-01 0.00000e+00 2.01522e-01 0.00000e+00 
2.08000e+02 2.72309e-01 0.00000e+00 2.02075e-01 0.00000e+00 
2.08500e+02 2.72537e-01 0.00000e+00 2.02619e-01 0.00000e+00 
2.09000e+02 2.72763e-01 0.00000e+00 2.03154e-01 0.00000e+00 
2.09500e+02 2.72987e-01 0.00000e+00 2.03682e-01 0.00000e+00 
2.10000e+02 2.73209e-01 0.00000e+00 2.04200e-01 0.00000e+00 
2.10500e+02 2.73428e-01 0.00000e+00 2.04711e-01 0.00000e+00 
2.11000e+02 2.73645e-01 0.00000e+00 2.05215e-01 0.00000e+00 
2.11500e+02 2.73860e-01 0.00000e+00 2.05710e-01 0.00000e+00 
2.12000e+02 2.74072e-01 0.00000e+00 2.06199e-01 0.00000e+00 
2.12500e+02 2.74283e-01 0.00000e+00 2.06680e-01 0.00000e+00 
2.13000e+02 2.74491e-01 0.00000e+00 2.07154e-01 0.00000e+00 
2.13500e+02 2.74697e-01 0.00000e+00 2.07621e-01 0.00000e+00 
2.14000e+02 2.74900e-01 0.00000e+00 2.08082e-01 0.00000e+00 
2.14500e+02 2.75102e-01 0.00000e+00 2.08536e-01 0.00000e+00 
2.15000e+02 2.75302e-01 0.00000e+00 2.08984e-01 0.00000e+00 
2.15500e+02 2.75499e-01 0.00000e+00 2.09427e-01 0.00000e+00 
2.16000e+02 2.75695e-01 0.00000e+00 2.09863e-01 0.00000e+00 
2.16500e+02 2.75889e-01 0.00000e+00 2.10295e-01 0.00000e+00 
2.17000e+02 2.76081e-01 0.00000e+00 2.10721e-01 0.00000e+00 
2.17500e+02 2.76272e-01 0.00000e+00 2.11141e-01 0.00000e+00 
2.18000e+02 2.76460e-01 0.00000e+00 2.11558e-01 0.00000e+00 
2.18500e+02 2.76648e-01 0.00000e+00 2.11969e-01 0.00000e+00 
2.19000e+02 2.76834e-01 0.00000e+00 2.12376e-01 0.00000e+00 
2.19500e+02 2.77019e-01 0.00000e+00 2.12779e-01 0.00000e+00 
2.20000e+02 2.77203e-01 0.00000e+00 2.13177e-01 0.00000e+00 
2.20500e+02 2.77386e-01 0.00000e+00 2.13572e-01 0.00000e+00 
2.21000e+02 2.77569e-01 0.00000e+00 2.13962e-01 0.00000e+00 
2.21500e+02 2.77751e-01 0.00000e+00 2.14350e-01 0.00000e+00 
2.22000e+02 2.77933e-01 0.00000e+00 2.14733e-01 0.00000e+00 
2.22500e+02 2.78116e-01 0.00000e+00 2.15114e-01 0.00000e+00 
2.23000e+02 2.78299e-01 0.00000e+00 2.15491e-01 0.00000e+00 
2.23500e+02 2.78483e-01 0.00000e+00 2.15865e-01 0.00000e+00 
2.24000e+02 2.78669e-01 0.00000e+00 2.16236e-01 0.00000e+00 
2.24500e+02 2.78857e-01 0.00000e+00 2.16605e-01 0.00000e+00 
2.25000e+02 2.79047e-01 0.00000e+00 2.16970e-01 0.00000e+00 
2.25500e+02 2.79242e-01 0.00000e+00 2.17333e-01 0.00000e+00 
2.26000e+02 2.79440e-01 0.00000e+00 2.17694e-01 0.00000e+00 
2.26500e+02 2.79643e-01 0.00000e+00 2.18052e-01 0.00000e+00 
2.27000e+02 2.79851e-01 0.00000e+00 2.18407e-01 0.00000e+00 
2.27500e+02 2.80066e-01 0.00000e+00 2.18761e-01 0.00000e+00 
2.28000e+02 2.80287e-01 0.00000e+00 2.19112e-01 0.00000e+00 
2.28500e+02 2.80516e-01 0.00000e+00 2.19461e-01 0.00000e+00 
2.29000e+02 2.80752e-01 0.00000e+00 2.19808e-01 0.00000e+00 
2.29500e+02 2.80997e-01 0.00000e+00 2.20153e-01 0.00000e+00 
2.30000e+02 2.81250e-01 0.00000e+00 2.20496e-01 0.00000e+00 
2.30500e+02 2.81511e-01 0.00000e+00 2.20837e-01 0.00000e+00 
2.31000e+02 2.81782e-01 0.00000e+00 2.21177e-01 0.00000e+00 
2.31500e+02 2.82061e-01 0.00000e+00 2.21514e-01 0.00000e+00 
2.32000e+02 2.82349e-01 0.00000e+00 2.21850e-01 0.00000e+00 
2.32500e+02 2.82646e-01 0.00000e+00 2.22184e-01 0.00000e+00 
2.33000e+02 2.82952e-01 0.00000e+00 2.22517e-01 0.00000e+00 
2.33500e+02 2.83266e-01 0.00000e+00 2.22848e-01 0.00000e+00 
2.34000e+02 2.83589e-01 0.00000e+00 2.23177e-01 0.00000e+00 
2.34500e+02 2.83919e-01 0.00000e+00 2.23505e-01 0.00000e+00 
2.35000e+02 2.84258e-01 0.00000e+00 2.23831e-01 0.00000e+00 
2.35500e+02 2.84604e-01 0.00000e+00 2.24156e-01 0.00000e+00 
2.36000e+02 2.84958e-01 0.00000e+00 2.24479e-01 0.00000e+00 
2.36500e+02 2.85319e-01 0.00000e+00 2.24801e-01 0.00000e+00 
2.37000e+02 2.85687e-01 0.00000e+00 2.25122e-01 0.00000e+00 
2.37500e+02 2.86061e-01 0.00000e+00 2.25441e-01 0.00000e+00 
2.38000e+02 2.86441e-01 0.00000e+00 2.25759e-01 0.00000e+00 
2.38500e+02 2.86828e-01 0.00000e+00 2.26075e-01 0.00000e+00 
2.39000e+02 2.87219e-01 0.00000e+00 2.26391e-01 0.00000e+00 
2.39500e+02 2.87616e-01 0.00000e+00 2.26704e-01 0.00000e+00 
2.40000e+02 2.88017e-01 0.00000e+00 2.27017e-01 0.00000e+00 
