0.00000e+00 0.00000e+00 0.00000e+00 0.00000e+00 0.00000e+00 
5.00000e-01 0.00000e+00 0.00000e+00 0.00000e+00 0.00000e+00 
1.00000e+00 0.00000e+00 0.00000e+00 0.00000e+00 0.00000e+00 
1.50000e+00 0.00000e+00 0.00000e+00 0.00000e+00 0.00000e+00 
2.00000e+00 0.00000e+00 0.00000e+00 0.00000e+00 0.00000e+00 
2.50000e+00 0.00000e+00 0.00000e+00 0.00000e+00 0.00000e+00 
3.00000e+00 0.00000e+00 0.00000e+00 0.00000e+00 0.00000e+00 
3.50000e+00 0.00000e+00 0.00000e+00 0.00000e+00 0.00000e+00 
4.00000e+00 0.00000e+00 0.00000e+00 0.00000e+00 0.00000e+00 
4.50000e+00 0.00000e+00 0.00000e+00 0.00000e+00 0.00000e+00 
5.00000e+00 0.00000e+00 0.00000e+00 0.00000e+00 0.00000e+00 
5.50000e+00 0.00000e+00 0.00000e+00 0.00000e+00 0.00000e+00 
6.00000e+00 0.00000e+00 0.00000e+00 0.00000e+00 0.00000e+00 
6.50000e+00 0.00000e+00 0.00000e+00 0.00000e+00 0.00000e+00 
7.00000e+00 0.00000e+00 0.00000e+00 0.00000e+00 0.00000e+00 
7.50000e+00 0.00000e+00 0.00000e+00 0.00000e+00 0.00000e+00 
8.00000e+00 0.00000e+00 0.00000e+00 0.00000e+00 0.00000e+00 
8.50000e+00 0.00000e+00 0.00000e+00 0.00000e+00 0.00000e+00 
9.00000e+00 0.00000e+00 0.00000e+00 0.00000e+00 0.00000e+00 
9.50000e+00 0.00000e+00 0.00000e+00 0.00000e+00 0.00000e+00 
1.00000e+01 0.00000e+00 0.00000e+00 0.00000e+00 0.00000e+00 
1.05000e+01 0.00000e+00 0.00000e+00 0.00000e+00 0.00000e+00 
1.10000e+01 0.00000e+00 0.00000e+00 0.00000e+00 0.00000e+00 
1.15000e+01 0.00000e+00 0.00000e+00 0.00000e+00 0.00000e+00 
1.20000e+01 0.00000e+00 0.00000e+00 0.00000e+00 0.00000e+00 
1.25000e+01 0.00000e+00 0.00000e+00 0.00000e+00 0.00000e+00 
1.30000e+01 0.00000e+00 0.00000e+00 0.00000e+00 0.00000e+00 
1.35000e+01 0.00000e+00 0.00000e+00 0.00000e+00 0.00000e+00 
1.40000e+01 0.00000e+00 0.00000e+00 0.00000e+00 0.00000e+00 
1.45000e+01 0.00000e+00 0.00000e+00 0.00000e+00 0.00000e+00 
1.50000e+01 0.00000e+00 0.00000e+00 0.00000e+00 0.00000e+00 
1.55000e+01 0.00000e+00 0.00000e+00 0.00000e+00 0.00000e+00 
1.60000e+01 0.00000e+00 0.00000e+00 0.00000e+00 0.00000e+00 
1.65000e+01 0.00000e+00 0.00000e+00 0.00000e+00 0.00000e+00 
1.70000e+01 0.00000e+00 0.00000e+00 0.00000e+00 0.00000e+00 
1.75000e+01 0.00000e+00 0.00000e+00 0.00000e+00 0.00000e+00 
1.80000e+01 0.00000e+00 0.00000e+00 0.00000e+00 0.00000e+00 
1.85000e+01 0.00000e+00 0.00000e+00 0.00000e+00 0.00000e+00 
1.90000e+01 0.00000e+00 0.00000e+00 0.00000e+00 0.00000e+00 
1.95000e+01 0.00000e+00 0.00000e+00 0.00000e+00 0.00000e+00 
2.00000e+01 0.00000e+00 0.00000e+00 0.00000e+00 0.00000e+00 
2.05000e+01 0.00000e+00 0.00000e+00 0.00000e+00 0.00000e+00 
2.10000e+01 0.00000e+00 0.00000e+00 0.00000e+00 0.00000e+00 
2.15000e+01 0.00000e+00 0.00000e+00 0.00000e+00 0.00000e+00 
2.20000e+01 0.00000e+00 0.00000e+00 0.00000e+00 0.00000e+00 
2.25000e+01 0.00000e+00 0.00000e+00 0.00000e+00 0.00000e+00 
2.30000e+01 0.00000e+00 0.00000e+00 0.00000e+00 0.00000e+00 
2.35000e+01 0.00000e+00 0.00000e+00 0.00000e+00 0.00000e+00 
2.40000e+01 0.00000e+00 0.00000e+00 0.00000e+00 0.00000e+00 
2.45000e+01 0.00000e+00 0.00000e+00 0.00000e+00 0.00000e+00 
2.50000e+01 0.00000e+00 0.00000e+00 0.00000e+00 0.00000e+00 
2.55000e+01 0.00000e+00 0.00000e+00 0.00000e+00 0.00000e+00 
2.60000e+01 0.00000e+00 0.00000e+00 0.00000e+00 0.00000e+00 
2.65000e+01 0.00000e+00 0.00000e+00 0.00000e+00 0.00000e+00 
2.70000e+01 0.00000e+00 0.00000e+00 0.00000e+00 0.00000e+00 
2.75000e+01 0.00000e+00 0.00000e+00 0.00000e+00 0.00000e+00 
2.80000e+01 0.00000e+00 0.00000e+00 0.00000e+00 0.00000e+00 
2.85000e+01 0.00000e+00 0.00000e+00 0.00000e+00 0.00000e+00 
2.90000e+01 0.00000e+00 0.00000e+00 0.00000e+00 0.00000e+00 
2.95000e+01 0.00000e+00 0.00000e+00 0.00000e+00 0.00000e+00 
3.00000e+01 0.00000e+00 0.00000e+00 0.00000e+00 0.00000e+00 
3.05000e+01 0.00000e+00 0.00000e+00 0.00000e+00 0.00000e+00 
3.10000e+01 0.00000e+00 0.00000e+00 0.00000e+00 0.00000e+00 
3.15000e+01 0.00000e+00 0.00000e+00 0.00000e+00 0.00000e+00 
3.20000e+01 0.00000e+00 0.00000e+00 0.00000e+00 0.00000e+00 
3.25000e+01 0.00000e+00 0.00000e+00 0.00000e+00 0.00000e+00 
3.30000e+01 0.00000e+00 0.00000e+00 0.00000e+00 0.00000e+00 
3.35000e+01 0.00000e+00 0.00000e+00 0.00000e+00 0.00000e+00 
3.40000e+01 0.00000e+00 0.00000e+00 0.00000e+00 0.00000e+00 
3.45000e+01 0.00000e+00 0.00000e+00 0.00000e+00 0.00000e+00 
3.50000e+01 0.00000e+00 0.00000e+00 0.00000e+00 0.00000e+00 
3.55000e+01 0.00000e+00 0.00000e+00 0.00000e+00 0.00000e+00 
3.60000e+01 0.00000e+00 0.00000e+00 0.00000e+00 0.00000e+00 
3.65000e+01 0.00000e+00 0.00000e+00 0.00000e+00 0.00000e+00 
3.70000e+01 0.00000e+00 0.00000e+00 0.00000e+00 0.00000e+00 
3.75000e+01 0.00000e+00 0.00000e+00 0.00000e+00 0.00000e+00 
3.80000e+01 0.00000e+00 0.00000e+00 0.00000e+00 0.00000e+00 
3.85000e+01 0.00000e+00 0.00000e+00 0.00000e+00 0.00000e+00 
3.90000e+01 0.00000e+00 0.00000e+00 0.00000e+00 0.00000e+00 
3.95000e+01 0.00000e+00 0.00000e+00 0.00000e+00 0.00000e+00 
4.00000e+01 0.00000e+00 0.00000e+00 0.00000e+00 0.00000e+00 
4.05000e+01 0.00000e+00 0.00000e+00 0.00000e+00 0.00000e+00 
4.10000e+01 0.00000e+00 0.00000e+00 0.00000e+00 0.00000e+00 
4.15000e+01 0.00000e+00 0.00000e+00 0.00000e+00 0.00000e+00 
4.20000e+01 0.00000e+00 0.00000e+00 0.00000e+00 0.00000e+00 
4.25000e+01 0.00000e+00 0.00000e+00 0.00000e+00 0.00000e+00 
4.30000e+01 0.00000e+00 0.00000e+00 0.00000e+00 0.00000e+00 
4.35000e+01 0.00000e+00 0.00000e+00 0.00000e+00 0.00000e+00 
4.40000e+01 0.00000e+00 0.00000e+00 0.00000e+00 0.00000e+00 
4.45000e+01 0.00000e+00 0.00000e+00 0.00000e+00 0.00000e+00 
4.50000e+01 0.00000e+00 0.00000e+00 0.00000e+00 0.00000e+00 
4.55000e+01 0.00000e+00 0.00000e+00 0.00000e+00 0.00000e+00 
4.60000e+01 0.00000e+00 0.00000e+00 0.00000e+00 0.00000e+00 
4.65000e+01 0.00000e+00 0.00000e+00 0.00000e+00 0.00000e+00 
4.70000e+01 0.00000e+00 0.00000e+00 0.00000e+00 0.00000e+00 
4.75000e+01 0.00000e+00 0.00000e+00 0.00000e+00 0.00000e+00 
4.80000e+01 0.00000e+00 0.00000e+00 0.00000e+00 0.00000e+00 
4.85000e+01 0.00000e+00 0.00000e+00 0.00000e+00 0.00000e+00 
4.90000e+01 0.00000e+00 0.00000e+00 0.00000e+00 0.00000e+00 
4.95000e+01 0.00000e+00 0.00000e+00 0.00000e+00 0.00000e+00 
5.00000e+01 0.00000e+00 0.00000e+00 0.00000e+00 0.00000e+00 
5.05000e+01 0.00000e+00 0.00000e+00 0.00000e+00 0.00000e+00 
5.10000e+01 0.00000e+00 0.00000e+00 0.00000e+00 0.00000e+00 
5.15000e+01 0.00000e+00 0.00000e+00 0.00000e+00 0.00000e+00 
5.20000e+01 0.00000e+00 0.00000e+00 0.00000e+00 0.00000e+00 
5.25000e+01 0.00000e+00 0.00000e+00 0.00000e+00 0.00000e+00 
5.30000e+01 0.00000e+00 0.00000e+00 0.00000e+00 0.00000e+00 
5.35000e+01 0.00000e+00 0.00000e+00 0.00000e+00 0.00000e+00 
5.40000e+01 0.00000e+00 0.00000e+00 0.00000e+00 0.00000e+00 
5.45000e+01 0.00000e+00 0.00000e+00 0.00000e+00 0.00000e+00 
5.50000e+01 0.00000e+00 0.00000e+00 0.00000e+00 0.00000e+00 
5.55000e+01 0.00000e+00 0.00000e+00 0.00000e+00 0.00000e+00 
5.60000e+01 0.00000e+00 0.00000e+00 0.00000e+00 0.00000e+00 
5.65000e+01 0.00000e+00 0.00000e+00 0.00000e+00 0.00000e+00 
5.70000e+01 0.00000e+00 0.00000e+00 0.00000e+00 0.00000e+00 
5.75000e+01 0.00000e+00 0.00000e+00 0.00000e+00 0.00000e+00 
5.80000e+01 0.00000e+00 0.00000e+00 0.00000e+00 0.00000e+00 
5.85000e+01 0.00000e+00 0.00000e+00 0.00000e+00 0.00000e+00 
5.90000e+01 0.00000e+00 0.00000e+00 0.00000e+00 0.00000e+00 
5.95000e+01 0.00000e+00 0.00000e+00 0.00000e+00 0.00000e+00 
6.00000e+01 0.00000e+00 0.00000e+00 0.00000e+00 0.00000e+00 
6.05000e+01 0.00000e+00 0.00000e+00 0.00000e+00 0.00000e+00 
6.10000e+01 0.00000e+00 0.00000e+00 0.00000e+00 0.00000e+00 
6.15000e+01 0.00000e+00 0.00000e+00 0.00000e+00 0.00000e+00 
6.20000e+01 0.00000e+00 0.00000e+00 0.00000e+00 0.00000e+00 
6.25000e+01 0.00000e+00 0.00000e+00 0.00000e+00 0.00000e+00 
6.30000e+01 0.00000e+00 0.00000e+00 0.00000e+00 0.00000e+00 
6.35000e+01 0.00000e+00 0.00000e+00 0.00000e+00 0.00000e+00 
6.40000e+01 0.00000e+00 0.00000e+00 0.00000e+00 0.00000e+00 
6.45000e+01 0.00000e+00 0.00000e+00 0.00000e+00 0.00000e+00 
6.50000e+01 0.00000e+00 0.00000e+00 0.00000e+00 0.00000e+00 
6.55000e+01 0.00000e+00 0.00000e+00 0.00000e+00 0.00000e+00 
6.60000e+01 0.00000e+00 0.00000e+00 0.00000e+00 0.00000e+00 
6.65000e+01 0.00000e+00 0.00000e+00 0.00000e+00 0.00000e+00 
6.70000e+01 0.00000e+00 0.00000e+00 0.00000e+00 0.00000e+00 
6.75000e+01 0.00000e+00 0.00000e+00 0.00000e+00 0.00000e+00 
6.80000e+01 0.00000e+00 0.00000e+00 0.00000e+00 0.00000e+00 
6.85000e+01 0.00000e+00 0.00000e+00 0.00000e+00 0.00000e+00 
6.90000e+01 0.00000e+00 0.00000e+00 0.00000e+00 0.00000e+00 
6.95000e+01 0.00000e+00 0.00000e+00 0.00000e+00 0.00000e+00 
7.00000e+01 0.00000e+00 0.00000e+00 0.00000e+00 0.00000e+00 
7.05000e+01 0.00000e+00 0.00000e+00 0.00000e+00 0.00000e+00 
7.10000e+01 0.00000e+00 0.00000e+00 0.00000e+00 0.00000e+00 
7.15000e+01 0.00000e+00 0.00000e+00 0.00000e+00 0.00000e+00 
7.20000e+01 0.00000e+00 0.00000e+00 0.00000e+00 0.00000e+00 
7.25000e+01 0.00000e+00 0.00000e+00 0.00000e+00 0.00000e+00 
7.30000e+01 0.00000e+00 0.00000e+00 0.00000e+00 0.00000e+00 
7.35000e+01 0.00000e+00 0.00000e+00 0.00000e+00 0.00000e+00 
7.40000e+01 0.00000e+00 0.00000e+00 0.00000e+00 0.00000e+00 
7.45000e+01 0.00000e+00 0.00000e+00 0.00000e+00 0.00000e+00 
7.50000e+01 0.00000e+00 0.00000e+00 0.00000e+00 0.00000e+00 
7.55000e+01 0.00000e+00 0.00000e+00 0.00000e+00 0.00000e+00 
7.60000e+01 0.00000e+00 0.00000e+00 0.00000e+00 0.00000e+00 
7.65000e+01 0.00000e+00 0.00000e+00 0.00000e+00 0.00000e+00 
7.70000e+01 0.00000e+00 0.00000e+00 0.00000e+00 0.00000e+00 
7.75000e+01 0.00000e+00 0.00000e+00 0.00000e+00 0.00000e+00 
7.80000e+01 0.00000e+00 0.00000e+00 0.00000e+00 0.00000e+00 
7.85000e+01 0.00000e+00 0.00000e+00 0.00000e+00 0.00000e+00 
7.90000e+01 0.00000e+00 0.00000e+00 0.00000e+00 0.00000e+00 
7.95000e+01 0.00000e+00 0.00000e+00 0.00000e+00 0.00000e+00 
8.00000e+01 0.00000e+00 0.00000e+00 0.00000e+00 0.00000e+00 
8.05000e+01 0.00000e+00 0.00000e+00 0.00000e+00 0.00000e+00 
8.10000e+01 0.00000e+00 0.00000e+00 0.00000e+00 0.00000e+00 
8.15000e+01 0.00000e+00 0.00000e+00 0.00000e+00 0.00000e+00 
8.20000e+01 0.00000e+00 0.00000e+00 0.00000e+00 0.00000e+00 
8.25000e+01 0.00000e+00 0.00000e+00 0.00000e+00 0.00000e+00 
8.30000e+01 0.00000e+00 0.00000e+00 0.00000e+00 0.00000e+00 
8.35000e+01 0.00000e+00 0.00000e+00 0.00000e+00 0.00000e+00 
8.40000e+01 0.00000e+00 0.00000e+00 0.00000e+00 0.00000e+00 
8.45000e+01 0.00000e+00 0.00000e+00 0.00000e+00 0.00000e+00 
8.50000e+01 0.00000e+00 0.00000e+00 0.00000e+00 0.00000e+00 
8.55000e+01 0.00000e+00 0.00000e+00 0.00000e+00 0.00000e+00 
8.60000e+01 0.00000e+00 0.00000e+00 0.00000e+00 0.00000e+00 
8.65000e+01 0.00000e+00 0.00000e+00 0.00000e+00 0.00000e+00 
8.70000e+01 0.00000e+00 0.00000e+00 0.00000e+00 0.00000e+00 
8.75000e+01 0.00000e+00 0.00000e+00 0.00000e+00 0.00000e+00 
8.80000e+01 0.00000e+00 0.00000e+00 0.00000e+00 0.00000e+00 
8.85000e+01 0.00000e+00 0.00000e+00 0.00000e+00 0.00000e+00 
8.90000e+01 0.00000e+00 0.00000e+00 0.00000e+00 0.00000e+00 
8.95000e+01 0.00000e+00 0.00000e+00 0.00000e+00 0.00000e+00 
9.00000e+01 0.00000e+00 0.00000e+00 0.00000e+00 0.00000e+00 
9.05000e+01 0.00000e+00 0.00000e+00 0.00000e+00 0.00000e+00 
9.10000e+01 0.00000e+00 0.00000e+00 0.00000e+00 0.00000e+00 
9.15000e+01 0.00000e+00 0.00000e+00 0.00000e+00 0.00000e+00 
9.20000e+01 0.00000e+00 0.00000e+00 0.00000e+00 0.00000e+00 
9.25000e+01 0.00000e+00 0.00000e+00 0.00000e+00 0.00000e+00 
9.30000e+01 0.00000e+00 0.00000e+00 0.00000e+00 0.00000e+00 
9.35000e+01 0.00000e+00 0.00000e+00 0.00000e+00 0.00000e+00 
9.40000e+01 0.00000e+00 0.00000e+00 0.00000e+00 0.00000e+00 
9.45000e+01 0.00000e+00 0.00000e+00 0.00000e+00 0.00000e+00 
9.50000e+01 0.00000e+00 0.00000e+00 0.00000e+00 0.00000e+00 
9.55000e+01 0.00000e+00 0.00000e+00 0.00000e+00 0.00000e+00 
9.60000e+01 0.00000e+00 0.00000e+00 0.00000e+00 0.00000e+00 
9.65000e+01 0.00000e+00 0.00000e+00 0.00000e+00 0.00000e+00 
9.70000e+01 0.00000e+00 0.00000e+00 0.00000e+00 0.00000e+00 
9.75000e+01 0.00000e+00 0.00000e+00 0.00000e+00 0.00000e+00 
9.80000e+01 0.00000e+00 0.00000e+00 0.00000e+00 0.00000e+00 
9.85000e+01 0.00000e+00 0.00000e+00 0.00000e+00 0.00000e+00 
9.90000e+01 0.00000e+00 0.00000e+00 0.00000e+00 0.00000e+00 
9.95000e+01 0.00000e+00 0.00000e+00 0.00000e+00 0.00000e+00 
1.00000e+02 0.00000e+00 0.00000e+00 0.00000e+00 0.00000e+00 
1.00500e+02 0.00000e+00 0.00000e+00 0.00000e+00 0.00000e+00 
1.01000e+02 0.00000e+00 0.00000e+00 0.00000e+00 0.00000e+00 
1.01500e+02 0.00000e+00 0.00000e+00 0.00000e+00 0.00000e+00 
1.02000e+02 0.00000e+00 0.00000e+00 0.00000e+00 0.00000e+00 
1.02500e+02 0.00000e+00 0.00000e+00 0.00000e+00 0.00000e+00 
1.03000e+02 0.00000e+00 0.00000e+00 0.00000e+00 0.00000e+00 
1.03500e+02 0.00000e+00 0.00000e+00 0.00000e+00 0.00000e+00 
1.04000e+02 0.00000e+00 0.00000e+00 0.00000e+00 0.00000e+00 
1.04500e+02 0.00000e+00 0.00000e+00 0.00000e+00 0.00000e+00 
1.05000e+02 0.00000e+00 0.00000e+00 0.00000e+00 0.00000e+00 
1.05500e+02 0.00000e+00 0.00000e+00 0.00000e+00 0.00000e+00 
1.06000e+02 0.00000e+00 0.00000e+00 0.00000e+00 0.00000e+00 
1.06500e+02 0.00000e+00 0.00000e+00 0.00000e+00 0.00000e+00 
1.07000e+02 0.00000e+00 0.00000e+00 0.00000e+00 0.00000e+00 
1.07500e+02 0.00000e+00 0.00000e+00 0.00000e+00 0.00000e+00 
1.08000e+02 0.00000e+00 0.00000e+00 0.00000e+00 0.00000e+00 
1.08500e+02 0.00000e+00 0.00000e+00 0.00000e+00 0.00000e+00 
1.09000e+02 0.00000e+00 0.00000e+00 0.00000e+00 0.00000e+00 
1.09500e+02 0.00000e+00 0.00000e+00 0.00000e+00 0.00000e+00 
1.10000e+02 0.00000e+00 0.00000e+00 0.00000e+00 0.00000e+00 
1.10500e+02 0.00000e+00 0.00000e+00 0.00000e+00 0.00000e+00 
1.11000e+02 0.00000e+00 0.00000e+00 0.00000e+00 0.00000e+00 
1.11500e+02 0.00000e+00 0.00000e+00 0.00000e+00 0.00000e+00 
1.12000e+02 0.00000e+00 0.00000e+00 0.00000e+00 0.00000e+00 
1.12500e+02 0.00000e+00 0.00000e+00 0.00000e+00 0.00000e+00 
1.13000e+02 0.00000e+00 0.00000e+00 0.00000e+00 0.00000e+00 
1.13500e+02 0.00000e+00 0.00000e+00 0.00000e+00 0.00000e+00 
1.14000e+02 0.00000e+00 0.00000e+00 0.00000e+00 0.00000e+00 
1.14500e+02 0.00000e+00 0.00000e+00 0.00000e+00 0.00000e+00 
1.15000e+02 0.00000e+00 0.00000e+00 0.00000e+00 0.00000e+00 
1.15500e+02 0.00000e+00 0.00000e+00 0.00000e+00 0.00000e+00 
1.16000e+02 0.00000e+00 0.00000e+00 0.00000e+00 0.00000e+00 
1.16500e+02 0.00000e+00 0.00000e+00 0.00000e+00 0.00000e+00 
1.17000e+02 0.00000e+00 0.00000e+00 0.00000e+00 0.00000e+00 
1.17500e+02 0.00000e+00 0.00000e+00 0.00000e+00 0.00000e+00 
1.18000e+02 0.00000e+00 0.00000e+00 0.00000e+00 0.00000e+00 
1.18500e+02 0.00000e+00 0.00000e+00 0.00000e+00 0.00000e+00 
1.19000e+02 0.00000e+00 0.00000e+00 0.00000e+00 0.00000e+00 
1.19500e+02 0.00000e+00 0.00000e+00 0.00000e+00 0.00000e+00 
1.20000e+02 0.00000e+00 0.00000e+00 0.00000e+00 0.00000e+00 
1.20500e+02 0.00000e+00 0.00000e+00 0.00000e+00 0.00000e+00 
1.21000e+02 0.00000e+00 0.00000e+00 0.00000e+00 0.00000e+00 
1.21500e+02 0.00000e+00 0.00000e+00 0.00000e+00 0.00000e+00 
1.22000e+02 0.00000e+00 0.00000e+00 0.00000e+00 0.00000e+00 
1.22500e+02 0.00000e+00 0.00000e+00 0.00000e+00 0.00000e+00 
1.23000e+02 0.00000e+00 0.00000e+00 0.00000e+00 0.00000e+00 
1.23500e+02 0.00000e+00 0.00000e+00 0.00000e+00 0.00000e+00 
1.24000e+02 0.00000e+00 0.00000e+00 0.00000e+00 0.00000e+00 
1.24500e+02 0.00000e+00 0.00000e+00 0.00000e+00 0.00000e+00 
1.25000e+02 0.00000e+00 0.00000e+00 0.00000e+00 0.00000e+00 
1.25500e+02 0.00000e+00 0.00000e+00 0.00000e+00 0.00000e+00 
1.26000e+02 0.00000e+00 0.00000e+00 0.00000e+00 0.00000e+00 
1.26500e+02 0.00000e+00 0.00000e+00 0.00000e+00 0.00000e+00 
1.27000e+02 0.00000e+00 0.00000e+00 0.00000e+00 0.00000e+00 
1.27500e+02 0.00000e+00 0.00000e+00 0.00000e+00 0.00000e+00 
1.28000e+02 3.98381e-253 0.00000e+00 0.00000e+00 0.00000e+00 
1.28500e+02 4.19235e-101 0.00000e+00 0.00000e+00 0.00000e+00 
1.29000e+02 4.40628e-42 0.00000e+00 0.00000e+00 0.00000e+00 
1.29500e+02 2.64005e-13 0.00000e+00 0.00000e+00 0.00000e+00 
1.30000e+02 1.34068e-04 0.00000e+00 0.00000e+00 0.00000e+00 
1.30500e+02 4.51995e-02 0.00000e+00 0.00000e+00 0.00000e+00 
1.31000e+02 6.61779e-02 0.00000e+00 0.00000e+00 0.00000e+00 
1.31500e+02 7.33869e-02 0.00000e+00 0.00000e+00 0.00000e+00 
1.32000e+02 7.78795e-02 0.00000e+00 0.00000e+00 0.00000e+00 
1.32500e+02 8.12054e-02 0.00000e+00 0.00000e+00 0.00000e+00 
1.33000e+02 8.39012e-02 0.00000e+00 0.00000e+00 0.00000e+00 
1.33500e+02 8.62195e-02 0.00000e+00 0.00000e+00 0.00000e+00 
1.34000e+02 8.83069e-02 0.00000e+00 0.00000e+00 0.00000e+00 
1.34500e+02 9.02481e-02 0.00000e+00 0.00000e+00 0.00000e+00 
1.35000e+02 9.20891e-02 0.00000e+00 0.00000e+00 0.00000e+00 
1.35500e+02 9.38535e-02 0.00000e+00 0.00000e+00 0.00000e+00 
1.36000e+02 9.55531e-02 0.00000e+00 0.00000e+00 0.00000e+00 
1.36500e+02 9.71947e-02 0.00000e+00 0.00000e+00 0.00000e+00 
1.37000e+02 9.87838e-02 0.00000e+00 0.00000e+00 0.00000e+00 
1.37500e+02 1.00326e-01 0.00000e+00 0.00000e+00 0.00000e+00 
1.38000e+02 1.01826e-01 0.00000e+00 0.00000e+00 0.00000e+00 
1.38500e+02 1.03289e-01 0.00000e+00 0.00000e+00 0.00000e+00 
1.39000e+02 1.04718e-01 0.00000e+00 0.00000e+00 0.00000e+00 
1.39500e+02 1.06117e-01 3.13342e-201 0.00000e+00 0.00000e+00 
1.40000e+02 1.07486e-01 1.47511e-97 0.00000e+00 0.00000e+00 
1.40500e+02 1.08827e-01 1.56222e-46 0.00000e+00 0.00000e+00 
1.41000e+02 1.10139e-01 2.65024e-21 0.00000e+00 0.00000e+00 
1.41500e+02 1.11423e-01 2.10330e-09 0.00000e+00 0.00000e+00 
1.42000e+02 1.12679e-01 3.69569e-04 0.00000e+00 0.00000e+00 
1.42500e+02 1.13910e-01 2.88720e-02 0.00000e+00 0.00000e+00 
1.43000e+02 1.15119e-01 5.85561e-02 0.00000e+00 0.00000e+00 
1.43500e+02 1.16312e-01 6.71614e-02 0.00000e+00 0.00000e+00 
1.44000e+02 1.17495e-01 7.20549e-02 0.00000e+00 0.00000e+00 
1.44500e+02 1.18678e-01 7.56523e-02 0.00000e+00 0.00000e+00 
1.45000e+02 1.19874e-01 7.86018e-02 0.00000e+00 0.00000e+00 
1.45500e+02 1.21096e-01 8.11808e-02 0.00000e+00 0.00000e+00 
1.46000e+02 1.22359e-01 8.35083e-02 0.00000e+00 0.00000e+00 
1.46500e+02 1.23675e-01 8.56182e-02 0.00000e+00 0.00000e+00 
1.47000e+02 1.25055e-01 8.75202e-02 0.00000e+00 0.00000e+00 
1.47500e+02 1.26508e-01 8.92353e-02 0.00000e+00 0.00000e+00 
1.48000e+02 1.28037e-01 9.07977e-02 0.00000e+00 0.00000e+00 
1.48500e+02 1.29645e-01 9.22432e-02 0.00000e+00 0.00000e+00 
1.49000e+02 1.31327e-01 9.36020e-02 0.00000e+00 0.00000e+00 
1.49500e+02 1.33077e-01 9.48959e-02 0.00000e+00 0.00000e+00 
1.50000e+02 1.34885e-01 9.61395e-02 0.00000e+00 0.00000e+00 
1.50500e+02 1.36740e-01 9.73427e-02 0.00000e+00 0.00000e+00 
1.51000e+02 1.38629e-01 9.85120e-02 0.00000e+00 0.00000e+00 
1.51500e+02 1.40538e-01 9.96517e-02 0.00000e+00 0.00000e+00 
1.52000e+02 1.42454e-01 1.00765e-01 0.00000e+00 0.00000e+00 
1.52500e+02 1.44365e-01 1.01854e-01 0.00000e+00 0.00000e+00 
1.53000e+02 1.46259e-01 1.02922e-01 0.00000e+00 1.82720e-275 
1.53500e+02 1.48126e-01 1.03969e-01 0.00000e+00 1.53453e-170 
1.54000e+02 1.49957e-01 1.04997e-01 0.00000e+00 4.59161e-103 
1.54500e+02 1.51746e-01 1.06008e-01 0.00000e+00 2.18980e-60 
1.55000e+02 1.53489e-01 1.07003e-01 0.00000e+00 2.09285e-34 
1.55500e+02 1.55182e-01 1.07983e-01 0.00000e+00 5.15696e-19 
1.56000e+02 1.56823e-01 1.08949e-01 0.00000e+00 5.41740e-10 
1.56500e+02 1.58412e-01 1.09901e-01 0.00000e+00 6.16996e-05 
1.57000e+02 1.59949e-01 1.10842e-01 0.00000e+00 1.47125e-02 
1.57500e+02 1.61440e-01 1.11774e-01 0.00000e+00 5.34504e-02 
1.58000e+02 1.62881e-01 1.12696e-01 6.87966e-283 6.62288e-02 
1.58500e+02 1.64273e-01 1.13607e-01 8.27624e-197 7.26693e-02 
1.59000e+02 1.65616e-01 1.14506e-01 3.16077e-134 7.69768e-02 
1.59500e+02 1.66914e-01 1.15394e-01 2.07808e-89 8.02781e-02 
1.60000e+02 1.68170e-01 1.16272e-01 7.64248e-58 8.30053e-02 
1.60500e+02 1.69384e-01 1.17139e-01 3.63917e-36 8.53580e-02 
1.61000e+02 1.70561e-01 1.17995e-01 9.41270e-22 8.74470e-02 
1.61500e+02 1.71702e-01 1.18840e-01 1.70562e-12 8.93415e-02 
1.62000e+02 1.72810e-01 1.19674e-01 7.40430e-07 9.10856e-02 
1.62500e+02 1.73887e-01 1.20496e-01 9.73071e-04 9.27079e-02 
1.63000e+02 1.74935e-01 1.21308e-01 2.53195e-02 9.42271e-02 
1.63500e+02 1.75959e-01 1.22109e-01 5.62180e-02 9.56570e-02 
1.64000e+02 1.76957e-01 1.22900e-01 6.83253e-02 9.70036e-02 
1.64500e+02 1.77931e-01 1.23679e-01 7.52373e-02 9.82732e-02 
1.65000e+02 1.78882e-01 1.24447e-01 8.00723e-02 9.94723e-02 
1.65500e+02 1.79813e-01 1.25204e-01 8.38390e-02 1.00607e-01 
1.66000e+02 1.80725e-01 1.25951e-01 8.69879e-02 1.01684e-01 
1.66500e+02 1.81619e-01 1.26687e-01 8.97366e-02 1.02707e-01 
1.67000e+02 1.82496e-01 1.27414e-01 9.22005e-02 1.03682e-01 
1.67500e+02 1.83358e-01 1.28130e-01 9.44503e-02 1.04612e-01 
1.68000e+02 1.84206e-01 1.28837e-01 9.65335e-02 1.05503e-01 
1.68500e+02 1.85041e-01 1.29534e-01 9.84839e-02 1.06356e-01 
1.69000e+02 1.85863e-01 1.30221e-01 1.00325e-01 1.07176e-01 
1.69500e+02 1.86674e-01 1.30898e-01 1.02072e-01 1.07965e-01 
1.70000e+02 1.87474e-01 1.31565e-01 1.03738e-01 1.08725e-01 
1.70500e+02 1.88263e-01 1.32223e-01 1.05328e-01 1.09458e-01 
1.71000e+02 1.89042e-01 1.32870e-01 1.06849e-01 1.10168e-01 
1.71500e+02 1.89812e-01 1.33508e-01 1.08306e-01 1.10854e-01 
1.72000e+02 1.90571e-01 1.34136e-01 1.09703e-01 1.11520e-01 
1.72500e+02 1.91321e-01 1.34755e-01 1.11044e-01 1.12166e-01 
1.73000e+02 1.92061e-01 1.35365e-01 1.12333e-01 1.12794e-01 
1.73500e+02 1.92792e-01 1.35965e-01 1.13574e-01 1.13405e-01 
1.74000e+02 1.93514e-01 1.36558e-01 1.14770e-01 1.14001e-01 
1.74500e+02 1.94227e-01 1.37142e-01 1.15923e-01 1.14582e-01 
1.75000e+02 1.94931e-01 1.37718e-01 1.17038e-01 1.15149e-01 
1.75500e+02 1.95626e-01 1.38286e-01 1.18117e-01 1.15703e-01 
1.76000e+02 1.96313e-01 1.38848e-01 1.19162e-01 1.16246e-01 
1.76500e+02 1.96992e-01 1.39403e-01 1.20177e-01 1.16777e-01 
1.77000e+02 1.97663e-01 1.39951e-01 1.21162e-01 1.17297e-01 
1.77500e+02 1.98327e-01 1.40492e-01 1.22120e-01 1.17807e-01 
1.78000e+02 1.98983e-01 1.41028e-01 1.23053e-01 1.18308e-01 
1.78500e+02 1.99633e-01 1.41557e-01 1.23964e-01 1.18798e-01 
1.79000e+02 2.00275e-01 1.42080e-01 1.24852e-01 1.19279e-01 
1.79500e+02 2.00911e-01 1.42598e-01 1.25721e-01 1.19752e-01 
1.80000e+02 2.01541e-01 1.43110e-01 1.26570e-01 1.20215e-01 
1.80500e+02 2.02164e-01 1.43616e-01 1.27400e-01 1.20669e-01 
1.81000e+02 2.02780e-01 1.44116e-01 1.28213e-01 1.21114e-01 
1.81500e+02 2.03390e-01 1.44611e-01 1.29009e-01 1.21550e-01 
1.82000e+02 2.03994e-01 1.45101e-01 1.29789e-01 1.21977e-01 
1.82500e+02 2.04592e-01 1.45584e-01 1.30553e-01 1.22395e-01 
1.83000e+02 2.05184e-01 1.46063e-01 1.31301e-01 1.22805e-01 
1.83500e+02 2.05769e-01 1.46535e-01 1.32035e-01 1.23206e-01 
1.84000e+02 2.06348e-01 1.47003e-01 1.32754e-01 1.23598e-01 
1.84500e+02 2.06922e-01 1.47466e-01 1.33460e-01 1.23983e-01 
1.85000e+02 2.07489e-01 1.47923e-01 1.34153e-01 1.24359e-01 
1.85500e+02 2.08051e-01 1.48375e-01 1.34834e-01 1.24728e-01 
1.86000e+02 2.08607e-01 1.48823e-01 1.35502e-01 1.25090e-01 
1.86500e+02 2.09158e-01 1.49265e-01 1.36160e-01 1.25446e-01 
1.87000e+02 2.09703e-01 1.49703e-01 1.36808e-01 1.25795e-01 
1.87500e+02 2.10243e-01 1.50137e-01 1.37445e-01 1.26139e-01 
1.88000e+02 2.10778e-01 1.50566e-01 1.38074e-01 1.26477e-01 
1.88500e+02 2.11309e-01 1.50991e-01 1.38693e-01 1.26811e-01 
1.89000e+02 2.11835e-01 1.51411e-01 1.39304e-01 1.27141e-01 
1.89500e+02 2.12357e-01 1.51828e-01 1.39908e-01 1.27466e-01 
1.90000e+02 2.12874e-01 1.52240e-01 1.40503e-01 1.27788e-01 
1.90500e+02 2.13387e-01 1.52649e-01 1.41091e-01 1.28106e-01 
1.91000e+02 2.13897e-01 1.53054e-01 1.41672e-01 1.28420e-01 
1.91500e+02 2.14403e-01 1.53455e-01 1.42245e-01 1.28731e-01 
1.92000e+02 2.14905e-01 1.53853e-01 1.42812e-01 1.29038e-01 
1.92500e+02 2.15403e-01 1.54247e-01 1.43372e-01 1.29341e-01 
1.93000e+02 2.15898e-01 1.54637e-01 1.43925e-01 1.29639e-01 
1.93500e+02 2.16390e-01 1.55025e-01 1.44471e-01 1.29933e-01 
1.94000e+02 2.16878e-01 1.55409e-01 1.45010e-01 1.30223e-01 
1.94500e+02 2.17363e-01 1.55790e-01 1.45544e-01 1.30507e-01 
1.95000e+02 2.17844e-01 1.56168e-01 1.46070e-01 1.30786e-01 
1.95500e+02 2.18322e-01 1.56543e-01 1.46591e-01 1.31060e-01 
1.96000e+02 2.18796e-01 1.56915e-01 1.47105e-01 1.31328e-01 
1.96500e+02 2.19267e-01 1.57284e-01 1.47614e-01 1.31591e-01 
1.97000e+02 2.19735e-01 1.57651e-01 1.48117e-01 1.31849e-01 
1.97500e+02 2.20199e-01 1.58015e-01 1.48614e-01 1.32100e-01 
1.98000e+02 2.20659e-01 1.58376e-01 1.49106e-01 1.32347e-01 
1.98500e+02 2.21116e-01 1.58735e-01 1.49592e-01 1.32588e-01 
1.99000e+02 2.21570e-01 1.59092e-01 1.50074e-01 1.32824e-01 
1.99500e+02 2.22020e-01 1.59446e-01 1.50550e-01 1.33055e-01 
2.00000e+02 2.22466e-01 1.59798e-01 1.51022e-01 1.33282e-01 
2.00500e+02 2.22909e-01 1.60147e-01 1.51488e-01 1.33505e-01 
2.01000e+02 2.23349e-01 1.60495e-01 1.51951e-01 1.33724e-01 
2.01500e+02 2.23785e-01 1.60840e-01 1.52409e-01 1.33939e-01 
2.02000e+02 2.24218e-01 1.61182e-01 1.52862e-01 1.34152e-01 
2.02500e+02 2.24647e-01 1.61523e-01 1.53312e-01 1.34363e-01 
2.03000e+02 2.25074e-01 1.61861e-01 1.53757e-01 1.34572e-01 
2.03500e+02 2.25497e-01 1.62198e-01 1.54198e-01 1.34780e-01 
2.04000e+02 2.25917e-01 1.62531e-01 1.54635e-01 1.34988e-01 
2.04500e+02 2.26333e-01 1.62863e-01 1.55069e-01 1.35196e-01 
2.05000e+02 2.26747e-01 1.63192e-01 1.55498e-01 1.35405e-01 
2.05500e+02 2.27158e-01 1.63519e-01 1.55924e-01 1.35616e-01 
2.06000e+02 2.27566e-01 1.63844e-01 1.56346e-01 1.35829e-01 
2.06500e+02 2.27971e-01 1.64166e-01 1.56765e-01 1.36046e-01 
2.07000e+02 2.28373e-01 1.64485e-01 1.57180e-01 1.36267e-01 
2.07500e+02 2.28773e-01 1.64802e-01 1.57591e-01 1.36492e-01 
2.08000e+02 2.29170e-01 1.65117e-01 1.57999e-01 1.36723e-01 
2.08500e+02 2.29565e-01 1.65429e-01 1.58404e-01 1.36960e-01 
2.09000e+02 2.29957e-01 1.65739e-01 1.58806e-01 1.37204e-01 
2.09500e+02 2.30348e-01 1.66046e-01 1.59204e-01 1.37455e-01 
2.10000e+02 2.30735e-01 1.66351e-01 1.59600e-01 1.37715e-01 
2.10500e+02 2.31121e-01 1.66654e-01 1.59993e-01 1.37983e-01 
2.11000e+02 2.31505e-01 1.66953e-01 1.60382e-01 1.38261e-01 
2.11500e+02 2.31887e-01 1.67251e-01 1.60769e-01 1.38549e-01 
2.12000e+02 2.32267e-01 1.67546e-01 1.61154e-01 1.38847e-01 
2.12500e+02 2.32646e-01 1.67838e-01 1.61536e-01 1.39156e-01 
2.13000e+02 2.33023e-01 1.68128e-01 1.61915e-01 1.39476e-01 
2.13500e+02 2.33398e-01 1.68416e-01 1.62292e-01 1.39807e-01 
2.14000e+02 2.33772e-01 1.68701e-01 1.62667e-01 1.40150e-01 
2.14500e+02 2.34144e-01 1.68983e-01 1.63040e-01 1.40505e-01 
2.15000e+02 2.34515e-01 1.69263e-01 1.63410e-01 1.40872e-01 
2.15500e+02 2.34884e-01 1.69540e-01 1.63779e-01 1.41250e-01 
2.16000e+02 2.35253e-01 1.69815e-01 1.64146e-01 1.41641e-01 
2.16500e+02 2.35620e-01 1.70088e-01 1.64511e-01 1.42044e-01 
2.17000e+02 2.35985e-01 1.70358e-01 1.64874e-01 1.42459e-01 
2.17500e+02 2.36350e-01 1.70625e-01 1.65236e-01 1.42885e-01 
2.18000e+02 2.36713e-01 1.70890e-01 1.65596e-01 1.43323e-01 
2.18500e+02 2.37075e-01 1.71152e-01 1.65955e-01 1.43773e-01 
2.19000e+02 2.37436e-01 1.71411e-01 1.66312e-01 1.44233e-01 
2.19500e+02 2.37796e-01 1.71668e-01 1.66668e-01 1.44705e-01 
2.20000e+02 2.38155e-01 1.71922e-01 1.67022e-01 1.45186e-01 
2.20500e+02 2.38512e-01 1.72174e-01 1.67374e-01 1.45678e-01 
2.21000e+02 2.38868e-01 1.72423e-01 1.67726e-01 1.46180e-01 
2.21500e+02 2.39223e-01 1.72669e-01 1.68076e-01 1.46691e-01 
2.22000e+02 2.39577e-01 1.72912e-01 1.68425e-01 1.47212e-01 
2.22500e+02 2.39929e-01 1.73153e-01 1.68772e-01 1.47741e-01 
2.23000e+02 2.40279e-01 1.73391e-01 1.69119e-01 1.48279e-01 
2.23500e+02 2.40629e-01 1.73626e-01 1.69464e-01 1.48825e-01 
2.24000e+02 2.40977e-01 1.73858e-01 1.69807e-01 1.49378e-01 
2.24500e+02 2.41323e-01 1.74088e-01 1.70150e-01 1.49939e-01 
2.25000e+02 2.41668e-01 1.74315e-01 1.70491e-01 1.50507e-01 
2.25500e+02 2.42011e-01 1.74539e-01 1.70832e-01 1.51082e-01 
2.26000e+02 2.42353e-01 1.74761e-01 1.71171e-01 1.51663e-01 
2.26500e+02 2.42693e-01 1.74980e-01 1.71508e-01 1.52251e-01 
2.27000e+02 2.43031e-01 1.75196e-01 1.71845e-01 1.52844e-01 
2.27500e+02 2.43368e-01 1.75410e-01 1.72180e-01 1.53442e-01 
2.28000e+02 2.43704e-01 1.75621e-01 1.72515e-01 1.54046e-01 
2.28500e+02 2.44037e-01 1.75830e-01 1.72848e-01 1.54655e-01 
2.29000e+02 2.44369e-01 1.76036e-01 1.73180e-01 1.55268e-01 
2.29500e+02 2.44699e-01 1.76240e-01 1.73510e-01 1.55885e-01 
2.30000e+02 2.45028e-01 1.76441e-01 1.73840e-01 1.56506e-01 
2.30500e+02 2.45355e-01 1.76641e-01 1.74168e-01 1.57131e-01 
2.31000e+02 2.45680e-01 1.76838e-01 1.74496e-01 1.57759e-01 
2.31500e+02 2.46003e-01 1.77033e-01 1.74822e-01 1.58390e-01 
2.32000e+02 2.46325e-01 1.77227e-01 1.75147e-01 1.59023e-01 
2.32500e+02 2.46646e-01 1.77419e-01 1.75470e-01 1.59659e-01 
2.33000e+02 2.46964e-01 1.77609e-01 1.75793e-01 1.60296e-01 
2.33500e+02 2.47282e-01 1.77797e-01 1.76114e-01 1.60935e-01 
2.34000e+02 2.47597e-01 1.77985e-01 1.76434e-01 1.61575e-01 
2.34500e+02 2.47911e-01 1.78172e-01 1.76753e-01 1.62215e-01 
2.35000e+02 2.48224e-01 1.78357e-01 1.77071e-01 1.62856e-01 
2.35500e+02 2.48535e-01 1.78543e-01 1.77388e-01 1.63496e-01 
2.36000e+02 2.48844e-01 1.78728e-01 1.77703e-01 1.64136e-01 
2.36500e+02 2.49152e-01 1.78914e-01 1.78017e-01 1.64776e-01 
2.37000e+02 2.49459e-01 1.79100e-01 1.78330e-01 1.65414e-01 
2.37500e+02 2.49764e-01 1.79287e-01 1.78642e-01 1.66050e-01 
2.38000e+02 2.50068e-01 1.79476e-01 1.78953e-01 1.66685e-01 
2.38500e+02 2.50370e-01 1.79668e-01 1.79262e-01 1.67317e-01 
2.39000e+02 2.50671e-01 1.79861e-01 1.79570e-01 1.67947e-01 
2.39500e+02 2.50971e-01 1.80059e-01 1.79878e-01 1.68575e-01 
2.40000e+02 2.51269e-01 1.80260e-01 1.80183e-01 1.69199e-01 
