0.00000e+00 0.00000e+00 0.00000e+00 0.00000e+00 0.00000e+00 
5.00000e-01 0.00000e+00 0.00000e+00 0.00000e+00 0.00000e+00 
1.00000e+00 0.00000e+00 0.00000e+00 0.00000e+00 0.00000e+00 
1.50000e+00 0.00000e+00 0.00000e+00 0.00000e+00 0.00000e+00 
2.00000e+00 0.00000e+00 0.00000e+00 0.00000e+00 0.00000e+00 
2.50000e+00 0.00000e+00 0.00000e+00 0.00000e+00 0.00000e+00 
3.00000e+00 0.00000e+00 0.00000e+00 0.00000e+00 0.00000e+00 
3.50000e+00 0.00000e+00 0.00000e+00 0.00000e+00 0.00000e+00 
4.00000e+00 0.00000e+00 0.00000e+00 0.00000e+00 0.00000e+00 
4.50000e+00 0.00000e+00 0.00000e+00 0.00000e+00 0.00000e+00 
5.00000e+00 0.00000e+00 0.00000e+00 0.00000e+00 0.00000e+00 
5.50000e+00 0.00000e+00 0.00000e+00 0.00000e+00 0.00000e+00 
6.00000e+00 0.00000e+00 0.00000e+00 0.00000e+00 0.00000e+00 
6.50000e+00 0.00000e+00 0.00000e+00 0.00000e+00 0.00000e+00 
7.00000e+00 0.00000e+00 0.00000e+00 0.00000e+00 0.00000e+00 
7.50000e+00 0.00000e+00 0.00000e+00 0.00000e+00 0.00000e+00 
8.00000e+00 0.00000e+00 0.00000e+00 0.00000e+00 0.00000e+00 
8.50000e+00 0.00000e+00 0.00000e+00 0.00000e+00 0.00000e+00 
9.00000e+00 0.00000e+00 0.00000e+00 0.00000e+00 0.00000e+00 
9.50000e+00 0.00000e+00 0.00000e+00 0.00000e+00 0.00000e+00 
1.00000e+01 0.00000e+00 0.00000e+00 0.00000e+00 0.00000e+00 
1.05000e+01 0.00000e+00 0.00000e+00 0.00000e+00 0.00000e+00 
1.10000e+01 0.00000e+00 0.00000e+00 0.00000e+00 0.00000e+00 
1.15000e+01 0.00000e+00 0.00000e+00 0.00000e+00 0.00000e+00 
1.20000e+01 0.00000e+00 0.00000e+00 0.00000e+00 0.00000e+00 
1.25000e+01 0.00000e+00 0.00000e+00 0.00000e+00 0.00000e+00 
1.30000e+01 0.00000e+00 0.00000e+00 0.00000e+00 0.00000e+00 
1.35000e+01 0.00000e+00 0.00000e+00 0.00000e+00 0.00000e+00 
1.40000e+01 0.00000e+00 0.00000e+00 0.00000e+00 0.00000e+00 
1.45000e+01 0.00000e+00 0.00000e+00 0.00000e+00 0.00000e+00 
1.50000e+01 0.00000e+00 0.00000e+00 0.00000e+00 0.00000e+00 
1.55000e+01 0.00000e+00 0.00000e+00 0.00000e+00 0.00000e+00 
1.60000e+01 0.00000e+00 0.00000e+00 0.00000e+00 0.00000e+00 
1.65000e+01 0.00000e+00 0.00000e+00 0.00000e+00 0.00000e+00 
1.70000e+01 0.00000e+00 0.00000e+00 0.00000e+00 0.00000e+00 
1.75000e+01 0.00000e+00 0.00000e+00 0.00000e+00 0.00000e+00 
1.80000e+01 0.00000e+00 0.00000e+00 0.00000e+00 0.00000e+00 
1.85000e+01 0.00000e+00 0.00000e+00 0.00000e+00 0.00000e+00 
1.90000e+01 0.00000e+00 0.00000e+00 0.00000e+00 0.00000e+00 
1.95000e+01 0.00000e+00 0.00000e+00 0.00000e+00 0.00000e+00 
2.00000e+01 0.00000e+00 0.00000e+00 0.00000e+00 0.00000e+00 
2.05000e+01 0.00000e+00 0.00000e+00 0.00000e+00 0.00000e+00 
2.10000e+01 0.00000e+00 0.00000e+00 0.00000e+00 0.00000e+00 
2.15000e+01 0.00000e+00 0.00000e+00 0.00000e+00 0.00000e+00 
2.20000e+01 0.00000e+00 0.00000e+00 0.00000e+00 0.00000e+00 
2.25000e+01 0.00000e+00 0.00000e+00 0.00000e+00 0.00000e+00 
2.30000e+01 0.00000e+00 0.00000e+00 0.00000e+00 0.00000e+00 
2.35000e+01 0.00000e+00 0.00000e+00 0.00000e+00 0.00000e+00 
2.40000e+01 0.00000e+00 0.00000e+00 0.00000e+00 0.00000e+00 
2.45000e+01 0.00000e+00 0.00000e+00 0.00000e+00 0.00000e+00 
2.50000e+01 0.00000e+00 0.00000e+00 0.00000e+00 0.00000e+00 
2.55000e+01 0.00000e+00 0.00000e+00 0.00000e+00 0.00000e+00 
2.60000e+01 0.00000e+00 0.00000e+00 0.00000e+00 0.00000e+00 
2.65000e+01 0.00000e+00 0.00000e+00 0.00000e+00 0.00000e+00 
2.70000e+01 0.00000e+00 0.00000e+00 0.00000e+00 0.00000e+00 
2.75000e+01 0.00000e+00 0.00000e+00 0.00000e+00 0.00000e+00 
2.80000e+01 0.00000e+00 0.00000e+00 0.00000e+00 0.00000e+00 
2.85000e+01 0.00000e+00 0.00000e+00 0.00000e+00 0.00000e+00 
2.90000e+01 0.00000e+00 0.00000e+00 0.00000e+00 0.00000e+00 
2.95000e+01 0.00000e+00 0.00000e+00 0.00000e+00 0.00000e+00 
3.00000e+01 0.00000e+00 0.00000e+00 0.00000e+00 0.00000e+00 
3.05000e+01 0.00000e+00 0.00000e+00 0.00000e+00 0.00000e+00 
3.10000e+01 0.00000e+00 0.00000e+00 0.00000e+00 0.00000e+00 
3.15000e+01 0.00000e+00 0.00000e+00 0.00000e+00 0.00000e+00 
3.20000e+01 0.00000e+00 0.00000e+00 0.00000e+00 0.00000e+00 
3.25000e+01 0.00000e+00 0.00000e+00 0.00000e+00 0.00000e+00 
3.30000e+01 0.00000e+00 0.00000e+00 0.00000e+00 0.00000e+00 
3.35000e+01 0.00000e+00 0.00000e+00 0.00000e+00 0.00000e+00 
3.40000e+01 0.00000e+00 0.00000e+00 0.00000e+00 0.00000e+00 
3.45000e+01 0.00000e+00 0.00000e+00 0.00000e+00 0.00000e+00 
3.50000e+01 0.00000e+00 0.00000e+00 0.00000e+00 0.00000e+00 
3.55000e+01 0.00000e+00 0.00000e+00 0.00000e+00 0.00000e+00 
3.60000e+01 0.00000e+00 0.00000e+00 0.00000e+00 0.00000e+00 
3.65000e+01 0.00000e+00 0.00000e+00 0.00000e+00 0.00000e+00 
3.70000e+01 0.00000e+00 0.00000e+00 0.00000e+00 0.00000e+00 
3.75000e+01 0.00000e+00 0.00000e+00 0.00000e+00 0.00000e+00 
3.80000e+01 0.00000e+00 0.00000e+00 0.00000e+00 0.00000e+00 
3.85000e+01 0.00000e+00 0.00000e+00 0.00000e+00 0.00000e+00 
3.90000e+01 0.00000e+00 0.00000e+00 0.00000e+00 0.00000e+00 
3.95000e+01 0.00000e+00 0.00000e+00 0.00000e+00 0.00000e+00 
4.00000e+01 0.00000e+00 0.00000e+00 0.00000e+00 0.00000e+00 
4.05000e+01 0.00000e+00 0.00000e+00 0.00000e+00 0.00000e+00 
4.10000e+01 0.00000e+00 0.00000e+00 0.00000e+00 0.00000e+00 
4.15000e+01 0.00000e+00 0.00000e+00 0.00000e+00 0.00000e+00 
4.20000e+01 0.00000e+00 0.00000e+00 0.00000e+00 0.00000e+00 
4.25000e+01 0.00000e+00 0.00000e+00 0.00000e+00 0.00000e+00 
4.30000e+01 0.00000e+00 0.00000e+00 0.00000e+00 0.00000e+00 
4.35000e+01 0.00000e+00 0.00000e+00 0.00000e+00 0.00000e+00 
4.40000e+01 0.00000e+00 0.00000e+00 0.00000e+00 0.00000e+00 
4.45000e+01 0.00000e+00 0.00000e+00 0.00000e+00 0.00000e+00 
4.50000e+01 0.00000e+00 0.00000e+00 0.00000e+00 0.00000e+00 
4.55000e+01 0.00000e+00 0.00000e+00 0.00000e+00 0.00000e+00 
4.60000e+01 0.00000e+00 0.00000e+00 0.00000e+00 0.00000e+00 
4.65000e+01 0.00000e+00 0.00000e+00 0.00000e+00 0.00000e+00 
4.70000e+01 0.00000e+00 0.00000e+00 0.00000e+00 0.00000e+00 
4.75000e+01 0.00000e+00 0.00000e+00 0.00000e+00 0.00000e+00 
4.80000e+01 0.00000e+00 0.00000e+00 0.00000e+00 0.00000e+00 
4.85000e+01 0.00000e+00 0.00000e+00 0.00000e+00 0.00000e+00 
4.90000e+01 0.00000e+00 0.00000e+00 0.00000e+00 0.00000e+00 
4.95000e+01 0.00000e+00 0.00000e+00 0.00000e+00 0.00000e+00 
5.00000e+01 0.00000e+00 0.00000e+00 0.00000e+00 0.00000e+00 
5.05000e+01 0.00000e+00 0.00000e+00 0.00000e+00 0.00000e+00 
5.10000e+01 0.00000e+00 0.00000e+00 0.00000e+00 0.00000e+00 
5.15000e+01 0.00000e+00 0.00000e+00 0.00000e+00 0.00000e+00 
5.20000e+01 0.00000e+00 0.00000e+00 0.00000e+00 0.00000e+00 
5.25000e+01 0.00000e+00 0.00000e+00 0.00000e+00 0.00000e+00 
5.30000e+01 0.00000e+00 0.00000e+00 0.00000e+00 0.00000e+00 
5.35000e+01 0.00000e+00 0.00000e+00 0.00000e+00 0.00000e+00 
5.40000e+01 0.00000e+00 0.00000e+00 0.00000e+00 0.00000e+00 
5.45000e+01 0.00000e+00 0.00000e+00 0.00000e+00 0.00000e+00 
5.50000e+01 0.00000e+00 0.00000e+00 0.00000e+00 0.00000e+00 
5.55000e+01 0.00000e+00 0.00000e+00 0.00000e+00 0.00000e+00 
5.60000e+01 0.00000e+00 0.00000e+00 0.00000e+00 0.00000e+00 
5.65000e+01 0.00000e+00 0.00000e+00 0.00000e+00 0.00000e+00 
5.70000e+01 0.00000e+00 0.00000e+00 0.00000e+00 0.00000e+00 
5.75000e+01 0.00000e+00 0.00000e+00 0.00000e+00 0.00000e+00 
5.80000e+01 0.00000e+00 0.00000e+00 0.00000e+00 0.00000e+00 
5.85000e+01 0.00000e+00 0.00000e+00 0.00000e+00 0.00000e+00 
5.90000e+01 0.00000e+00 0.00000e+00 0.00000e+00 0.00000e+00 
5.95000e+01 0.00000e+00 0.00000e+00 0.00000e+00 0.00000e+00 
6.00000e+01 0.00000e+00 0.00000e+00 0.00000e+00 0.00000e+00 
6.05000e+01 0.00000e+00 0.00000e+00 0.00000e+00 0.00000e+00 
6.10000e+01 0.00000e+00 0.00000e+00 0.00000e+00 0.00000e+00 
6.15000e+01 0.00000e+00 0.00000e+00 0.00000e+00 0.00000e+00 
6.20000e+01 0.00000e+00 0.00000e+00 0.00000e+00 0.00000e+00 
6.25000e+01 0.00000e+00 0.00000e+00 0.00000e+00 0.00000e+00 
6.30000e+01 0.00000e+00 0.00000e+00 0.00000e+00 0.00000e+00 
6.35000e+01 0.00000e+00 0.00000e+00 0.00000e+00 0.00000e+00 
6.40000e+01 0.00000e+00 0.00000e+00 0.00000e+00 0.00000e+00 
6.45000e+01 0.00000e+00 0.00000e+00 0.00000e+00 0.00000e+00 
6.50000e+01 0.00000e+00 0.00000e+00 0.00000e+00 0.00000e+00 
6.55000e+01 0.00000e+00 0.00000e+00 0.00000e+00 0.00000e+00 
6.60000e+01 0.00000e+00 0.00000e+00 0.00000e+00 0.00000e+00 
6.65000e+01 0.00000e+00 0.00000e+00 0.00000e+00 0.00000e+00 
6.70000e+01 0.00000e+00 0.00000e+00 0.00000e+00 0.00000e+00 
6.75000e+01 0.00000e+00 0.00000e+00 0.00000e+00 0.00000e+00 
6.80000e+01 0.00000e+00 0.00000e+00 0.00000e+00 0.00000e+00 
6.85000e+01 0.00000e+00 0.00000e+00 0.00000e+00 0.00000e+00 
6.90000e+01 0.00000e+00 0.00000e+00 0.00000e+00 0.00000e+00 
6.95000e+01 0.00000e+00 0.00000e+00 0.00000e+00 0.00000e+00 
7.00000e+01 0.00000e+00 0.00000e+00 0.00000e+00 0.00000e+00 
7.05000e+01 0.00000e+00 0.00000e+00 0.00000e+00 0.00000e+00 
7.10000e+01 0.00000e+00 0.00000e+00 0.00000e+00 0.00000e+00 
7.15000e+01 0.00000e+00 0.00000e+00 0.00000e+00 0.00000e+00 
7.20000e+01 0.00000e+00 0.00000e+00 0.00000e+00 0.00000e+00 
7.25000e+01 0.00000e+00 0.00000e+00 0.00000e+00 0.00000e+00 
7.30000e+01 0.00000e+00 0.00000e+00 0.00000e+00 0.00000e+00 
7.35000e+01 0.00000e+00 0.00000e+00 0.00000e+00 0.00000e+00 
7.40000e+01 0.00000e+00 0.00000e+00 0.00000e+00 0.00000e+00 
7.45000e+01 0.00000e+00 0.00000e+00 0.00000e+00 0.00000e+00 
7.50000e+01 0.00000e+00 0.00000e+00 0.00000e+00 0.00000e+00 
7.55000e+01 0.00000e+00 0.00000e+00 0.00000e+00 0.00000e+00 
7.60000e+01 0.00000e+00 0.00000e+00 0.00000e+00 0.00000e+00 
7.65000e+01 0.00000e+00 0.00000e+00 0.00000e+00 0.00000e+00 
7.70000e+01 0.00000e+00 0.00000e+00 0.00000e+00 0.00000e+00 
7.75000e+01 0.00000e+00 0.00000e+00 0.00000e+00 0.00000e+00 
7.80000e+01 0.00000e+00 0.00000e+00 0.00000e+00 0.00000e+00 
7.85000e+01 0.00000e+00 0.00000e+00 0.00000e+00 0.00000e+00 
7.90000e+01 0.00000e+00 0.00000e+00 0.00000e+00 0.00000e+00 
7.95000e+01 0.00000e+00 0.00000e+00 0.00000e+00 0.00000e+00 
8.00000e+01 0.00000e+00 0.00000e+00 0.00000e+00 0.00000e+00 
8.05000e+01 0.00000e+00 0.00000e+00 0.00000e+00 0.00000e+00 
8.10000e+01 0.00000e+00 0.00000e+00 0.00000e+00 0.00000e+00 
8.15000e+01 0.00000e+00 0.00000e+00 0.00000e+00 0.00000e+00 
8.20000e+01 0.00000e+00 0.00000e+00 0.00000e+00 0.00000e+00 
8.25000e+01 0.00000e+00 0.00000e+00 0.00000e+00 0.00000e+00 
8.30000e+01 0.00000e+00 0.00000e+00 0.00000e+00 0.00000e+00 
8.35000e+01 0.00000e+00 0.00000e+00 0.00000e+00 0.00000e+00 
8.40000e+01 0.00000e+00 0.00000e+00 0.00000e+00 0.00000e+00 
8.45000e+01 0.00000e+00 0.00000e+00 0.00000e+00 0.00000e+00 
8.50000e+01 0.00000e+00 0.00000e+00 0.00000e+00 0.00000e+00 
8.55000e+01 0.00000e+00 0.00000e+00 0.00000e+00 0.00000e+00 
8.60000e+01 0.00000e+00 0.00000e+00 0.00000e+00 0.00000e+00 
8.65000e+01 0.00000e+00 0.00000e+00 0.00000e+00 0.00000e+00 
8.70000e+01 0.00000e+00 0.00000e+00 0.00000e+00 0.00000e+00 
8.75000e+01 0.00000e+00 0.00000e+00 0.00000e+00 0.00000e+00 
8.80000e+01 0.00000e+00 0.00000e+00 0.00000e+00 0.00000e+00 
8.85000e+01 0.00000e+00 0.00000e+00 0.00000e+00 0.00000e+00 
8.90000e+01 0.00000e+00 0.00000e+00 0.00000e+00 0.00000e+00 
8.95000e+01 0.00000e+00 0.00000e+00 0.00000e+00 0.00000e+00 
9.00000e+01 0.00000e+00 0.00000e+00 0.00000e+00 0.00000e+00 
9.05000e+01 0.00000e+00 0.00000e+00 0.00000e+00 0.00000e+00 
9.10000e+01 0.00000e+00 0.00000e+00 0.00000e+00 0.00000e+00 
9.15000e+01 0.00000e+00 0.00000e+00 0.00000e+00 0.00000e+00 
9.20000e+01 0.00000e+00 0.00000e+00 0.00000e+00 3.68507e-111 
9.25000e+01 0.00000e+00 0.00000e+00 0.00000e+00 2.05388e-27 
9.30000e+01 0.00000e+00 0.00000e+00 0.00000e+00 3.99238e-08 
9.35000e+01 0.00000e+00 0.00000e+00 0.00000e+00 1.36139e-02 
9.40000e+01 0.00000e+00 0.00000e+00 0.00000e+00 6.19372e-02 
9.45000e+01 0.00000e+00 0.00000e+00 0.00000e+00 7.09564e-02 
9.50000e+01 0.00000e+00 0.00000e+00 0.00000e+00 7.55740e-02 
9.55000e+01 0.00000e+00 0.00000e+00 0.00000e+00 7.90252e-02 
9.60000e+01 0.00000e+00 0.00000e+00 0.00000e+00 8.20708e-02 
9.65000e+01 0.00000e+00 0.00000e+00 0.00000e+00 8.49044e-02 
9.70000e+01 0.00000e+00 0.00000e+00 0.00000e+00 8.74958e-02 
9.75000e+01 0.00000e+00 0.00000e+00 0.00000e+00 8.98061e-02 
9.80000e+01 0.00000e+00 0.00000e+00 0.00000e+00 9.18562e-02 
9.85000e+01 0.00000e+00 0.00000e+00 0.00000e+00 9.36958e-02 
9.90000e+01 0.00000e+00 0.00000e+00 0.00000e+00 9.53708e-02 
9.95000e+01 0.00000e+00 0.00000e+00 0.00000e+00 9.69153e-02 
1.00000e+02 0.00000e+00 0.00000e+00 0.00000e+00 9.83530e-02 
1.00500e+02 0.00000e+00 0.00000e+00 0.00000e+00 9.97006e-02 
1.01000e+02 0.00000e+00 0.00000e+00 0.00000e+00 1.00971e-01 
1.01500e+02 0.00000e+00 0.00000e+00 0.00000e+00 1.02173e-01 
1.02000e+02 0.00000e+00 0.00000e+00 0.00000e+00 1.03316e-01 
1.02500e+02 0.00000e+00 0.00000e+00 0.00000e+00 1.04403e-01 
1.03000e+02 0.00000e+00 0.00000e+00 0.00000e+00 1.05438e-01 
1.03500e+02 0.00000e+00 0.00000e+00 0.00000e+00 1.06422e-01 
1.04000e+02 0.00000e+00 0.00000e+00 0.00000e+00 1.07357e-01 
1.04500e+02 0.00000e+00 0.00000e+00 0.00000e+00 1.08246e-01 
1.05000e+02 0.00000e+00 0.00000e+00 0.00000e+00 1.09094e-01 
1.05500e+02 0.00000e+00 0.00000e+00 0.00000e+00 1.09903e-01 
1.06000e+02 0.00000e+00 0.00000e+00 0.00000e+00 1.10680e-01 
1.06500e+02 0.00000e+00 0.00000e+00 0.00000e+00 1.11428e-01 
1.07000e+02 0.00000e+00 0.00000e+00 0.00000e+00 1.12152e-01 
1.07500e+02 0.00000e+00 0.00000e+00 0.00000e+00 1.12856e-01 
1.08000e+02 0.00000e+00 0.00000e+00 0.00000e+00 1.13542e-01 
1.08500e+02 0.00000e+00 0.00000e+00 0.00000e+00 1.14213e-01 
1.09000e+02 0.00000e+00 0.00000e+00 0.00000e+00 1.14871e-01 
1.09500e+02 0.00000e+00 0.00000e+00 0.00000e+00 1.15517e-01 
1.10000e+02 0.00000e+00 0.00000e+00 0.00000e+00 1.16152e-01 
1.10500e+02 0.00000e+00 0.00000e+00 0.00000e+00 1.16778e-01 
1.11000e+02 0.00000e+00 0.00000e+00 0.00000e+00 1.17395e-01 
1.11500e+02 0.00000e+00 0.00000e+00 0.00000e+00 1.18003e-01 
1.12000e+02 0.00000e+00 0.00000e+00 0.00000e+00 1.18601e-01 
1.12500e+02 0.00000e+00 0.00000e+00 0.00000e+00 1.19190e-01 
1.13000e+02 0.00000e+00 0.00000e+00 0.00000e+00 1.19767e-01 
1.13500e+02 0.00000e+00 0.00000e+00 0.00000e+00 1.20333e-01 
1.14000e+02 0.00000e+00 0.00000e+00 0.00000e+00 1.20887e-01 
1.14500e+02 0.00000e+00 0.00000e+00 0.00000e+00 1.21428e-01 
1.15000e+02 0.00000e+00 0.00000e+00 0.00000e+00 1.21955e-01 
1.15500e+02 0.00000e+00 0.00000e+00 0.00000e+00 1.22468e-01 
1.16000e+02 0.00000e+00 0.00000e+00 0.00000e+00 1.22965e-01 
1.16500e+02 0.00000e+00 0.00000e+00 0.00000e+00 1.23449e-01 
1.17000e+02 0.00000e+00 0.00000e+00 0.00000e+00 1.23918e-01 
1.17500e+02 0.00000e+00 0.00000e+00 0.00000e+00 1.24374e-01 
1.18000e+02 0.00000e+00 0.00000e+00 0.00000e+00 1.24819e-01 
1.18500e+02 0.00000e+00 0.00000e+00 0.00000e+00 1.25251e-01 
1.19000e+02 0.00000e+00 0.00000e+00 0.00000e+00 1.25672e-01 
1.19500e+02 0.00000e+00 0.00000e+00 0.00000e+00 1.26083e-01 
1.20000e+02 0.00000e+00 0.00000e+00 0.00000e+00 1.26471e-01 
1.20500e+02 0.00000e+00 0.00000e+00 0.00000e+00 1.26833e-01 
1.21000e+02 0.00000e+00 0.00000e+00 0.00000e+00 1.27174e-01 
1.21500e+02 0.00000e+00 0.00000e+00 0.00000e+00 1.27505e-01 
1.22000e+02 0.00000e+00 0.00000e+00 0.00000e+00 1.28285e-01 
1.22500e+02 0.00000e+00 0.00000e+00 0.00000e+00 1.32405e-01 
1.23000e+02 0.00000e+00 0.00000e+00 0.00000e+00 1.39880e-01 
1.23500e+02 0.00000e+00 0.00000e+00 0.00000e+00 1.44347e-01 
1.24000e+02 0.00000e+00 0.00000e+00 0.00000e+00 1.46758e-01 
1.24500e+02 0.00000e+00 0.00000e+00 0.00000e+00 1.48437e-01 
1.25000e+02 0.00000e+00 3.48573e-289 0.00000e+00 1.49801e-01 
1.25500e+02 0.00000e+00 2.40958e-161 0.00000e+00 1.51007e-01 
1.26000e+02 0.00000e+00 5.59083e-87 0.00000e+00 1.52125e-01 
1.26500e+02 0.00000e+00 3.64482e-44 0.00000e+00 1.53189e-01 
1.27000e+02 0.00000e+00 6.39942e-21 0.00000e+00 1.54216e-01 
1.27500e+02 0.00000e+00 3.70588e-09 0.00000e+00 1.55216e-01 
1.28000e+02 0.00000e+00 7.85446e-04 0.00000e+00 1.56195e-01 
1.28500e+02 0.00000e+00 3.85109e-02 0.00000e+00 1.57157e-01 
1.29000e+02 0.00000e+00 6.07258e-02 0.00000e+00 1.58109e-01 
1.29500e+02 0.00000e+00 6.91693e-02 0.00000e+00 1.59051e-01 
1.30000e+02 0.00000e+00 7.42068e-02 0.00000e+00 1.59987e-01 
1.30500e+02 0.00000e+00 7.78431e-02 0.00000e+00 1.60919e-01 
1.31000e+02 0.00000e+00 8.08045e-02 0.00000e+00 1.61849e-01 
1.31500e+02 0.00000e+00 8.33910e-02 0.00000e+00 1.62780e-01 
1.32000e+02 0.00000e+00 8.57504e-02 0.00000e+00 1.63712e-01 
1.32500e+02 0.00000e+00 8.79630e-02 0.00000e+00 1.64650e-01 
1.33000e+02 0.00000e+00 9.00780e-02 0.00000e+00 1.65598e-01 
1.33500e+02 0.00000e+00 9.21304e-02 0.00000e+00 1.66562e-01 
1.34000e+02 0.00000e+00 9.41474e-02 0.00000e+00 1.67546e-01 
1.34500e+02 0.00000e+00 9.61488e-02 0.00000e+00 1.68549e-01 
1.35000e+02 0.00000e+00 9.81463e-02 0.00000e+00 1.69568e-01 
1.35500e+02 0.00000e+00 1.00144e-01 0.00000e+00 1.70596e-01 
1.36000e+02 0.00000e+00 1.02138e-01 0.00000e+00 1.71623e-01 
1.36500e+02 0.00000e+00 1.04121e-01 0.00000e+00 1.72640e-01 
1.37000e+02 0.00000e+00 1.06082e-01 0.00000e+00 1.73641e-01 
1.37500e+02 0.00000e+00 1.08009e-01 0.00000e+00 1.74622e-01 
1.38000e+02 0.00000e+00 1.09892e-01 0.00000e+00 1.75580e-01 
1.38500e+02 0.00000e+00 1.11719e-01 0.00000e+00 1.76518e-01 
1.39000e+02 0.00000e+00 1.13486e-01 0.00000e+00 1.77435e-01 
1.39500e+02 0.00000e+00 1.15187e-01 0.00000e+00 1.78333e-01 
1.40000e+02 0.00000e+00 1.16821e-01 0.00000e+00 1.79215e-01 
1.40500e+02 0.00000e+00 1.18387e-01 0.00000e+00 1.80081e-01 
1.41000e+02 0.00000e+00 1.19885e-01 0.00000e+00 1.80934e-01 
1.41500e+02 0.00000e+00 1.21320e-01 0.00000e+00 1.81773e-01 
1.42000e+02 0.00000e+00 1.22695e-01 0.00000e+00 1.82600e-01 
1.42500e+02 0.00000e+00 1.24014e-01 0.00000e+00 1.83414e-01 
1.43000e+02 0.00000e+00 1.25282e-01 0.00000e+00 1.84216e-01 
1.43500e+02 0.00000e+00 1.26505e-01 0.00000e+00 1.85006e-01 
1.44000e+02 0.00000e+00 1.27688e-01 0.00000e+00 1.85784e-01 
1.44500e+02 0.00000e+00 1.28837e-01 0.00000e+00 1.86550e-01 
1.45000e+02 0.00000e+00 1.29954e-01 0.00000e+00 1.87305e-01 
1.45500e+02 0.00000e+00 1.31043e-01 0.00000e+00 1.88049e-01 
1.46000e+02 0.00000e+00 1.32106e-01 0.00000e+00 1.88782e-01 
1.46500e+02 0.00000e+00 1.33143e-01 0.00000e+00 1.89505e-01 
1.47000e+02 0.00000e+00 1.34156e-01 0.00000e+00 1.90218e-01 
1.47500e+02 0.00000e+00 1.35144e-01 0.00000e+00 1.90921e-01 
1.48000e+02 0.00000e+00 1.36108e-01 0.00000e+00 1.91615e-01 
1.48500e+02 0.00000e+00 1.37048e-01 0.00000e+00 1.92300e-01 
1.49000e+02 0.00000e+00 1.37964e-01 0.00000e+00 1.92977e-01 
1.49500e+02 0.00000e+00 1.38856e-01 0.00000e+00 1.93647e-01 
1.50000e+02 0.00000e+00 1.39723e-01 0.00000e+00 1.94309e-01 
1.50500e+02 0.00000e+00 1.40565e-01 0.00000e+00 1.94964e-01 
1.51000e+02 0.00000e+00 1.41381e-01 0.00000e+00 1.95614e-01 
1.51500e+02 0.00000e+00 1.42172e-01 0.00000e+00 1.96257e-01 
1.52000e+02 0.00000e+00 1.42938e-01 0.00000e+00 1.96895e-01 
1.52500e+02 0.00000e+00 1.43679e-01 0.00000e+00 1.97529e-01 
1.53000e+02 0.00000e+00 1.44396e-01 0.00000e+00 1.98158e-01 
1.53500e+02 0.00000e+00 1.45091e-01 0.00000e+00 1.98783e-01 
1.54000e+02 0.00000e+00 1.45764e-01 0.00000e+00 1.99404e-01 
1.54500e+02 0.00000e+00 1.46416e-01 0.00000e+00 2.00022e-01 
1.55000e+02 0.00000e+00 1.47050e-01 0.00000e+00 2.00637e-01 
1.55500e+02 0.00000e+00 1.47667e-01 0.00000e+00 2.01248e-01 
1.56000e+02 0.00000e+00 1.48269e-01 0.00000e+00 2.01856e-01 
1.56500e+02 0.00000e+00 1.48856e-01 0.00000e+00 2.02461e-01 
1.57000e+02 0.00000e+00 1.49430e-01 0.00000e+00 2.03063e-01 
1.57500e+02 0.00000e+00 1.49994e-01 0.00000e+00 2.03661e-01 
1.58000e+02 0.00000e+00 1.50549e-01 0.00000e+00 2.04256e-01 
1.58500e+02 0.00000e+00 1.51096e-01 0.00000e+00 2.04846e-01 
1.59000e+02 0.00000e+00 1.51636e-01 0.00000e+00 2.05433e-01 
1.59500e+02 0.00000e+00 1.52170e-01 0.00000e+00 2.06015e-01 
1.60000e+02 0.00000e+00 1.52697e-01 0.00000e+00 2.06593e-01 
1.60500e+02 0.00000e+00 1.53218e-01 0.00000e+00 2.07166e-01 
1.61000e+02 0.00000e+00 1.53732e-01 0.00000e+00 2.07734e-01 
1.61500e+02 0.00000e+00 1.54238e-01 0.00000e+00 2.08298e-01 
1.62000e+02 0.00000e+00 1.54736e-01 0.00000e+00 2.08856e-01 
1.62500e+02 0.00000e+00 1.55224e-01 0.00000e+00 2.09409e-01 
1.63000e+02 0.00000e+00 1.55703e-01 0.00000e+00 2.09958e-01 
1.63500e+02 0.00000e+00 1.56171e-01 0.00000e+00 2.10502e-01 
1.64000e+02 0.00000e+00 1.56628e-01 0.00000e+00 2.11041e-01 
1.64500e+02 0.00000e+00 1.57076e-01 0.00000e+00 2.11576e-01 
1.65000e+02 0.00000e+00 1.57513e-01 0.00000e+00 2.12107e-01 
1.65500e+02 0.00000e+00 1.57941e-01 0.00000e+00 2.12634e-01 
1.66000e+02 0.00000e+00 1.58360e-01 0.00000e+00 2.13158e-01 
1.66500e+02 0.00000e+00 1.58770e-01 0.00000e+00 2.13678e-01 
1.67000e+02 0.00000e+00 1.59172e-01 0.00000e+00 2.14194e-01 
1.67500e+02 0.00000e+00 1.59566e-01 0.00000e+00 2.14708e-01 
1.68000e+02 0.00000e+00 1.59952e-01 0.00000e+00 2.15219e-01 
1.68500e+02 0.00000e+00 1.60332e-01 0.00000e+00 2.15728e-01 
1.69000e+02 0.00000e+00 1.60705e-01 0.00000e+00 2.16234e-01 
1.69500e+02 0.00000e+00 1.61071e-01 0.00000e+00 2.16738e-01 
1.70000e+02 0.00000e+00 1.61430e-01 0.00000e+00 2.17239e-01 
1.70500e+02 0.00000e+00 1.61784e-01 0.00000e+00 2.17739e-01 
1.71000e+02 0.00000e+00 1.62131e-01 0.00000e+00 2.18237e-01 
1.71500e+02 0.00000e+00 1.62473e-01 0.00000e+00 2.18733e-01 
1.72000e+02 0.00000e+00 1.62809e-01 0.00000e+00 2.19228e-01 
1.72500e+02 0.00000e+00 1.63139e-01 0.00000e+00 2.19721e-01 
1.73000e+02 0.00000e+00 1.63464e-01 0.00000e+00 2.20213e-01 
1.73500e+02 0.00000e+00 1.63784e-01 0.00000e+00 2.20704e-01 
1.74000e+02 0.00000e+00 1.64099e-01 0.00000e+00 2.21193e-01 
1.74500e+02 0.00000e+00 1.64409e-01 0.00000e+00 2.21681e-01 
1.75000e+02 0.00000e+00 1.64714e-01 0.00000e+00 2.22168e-01 
1.75500e+02 0.00000e+00 1.65015e-01 0.00000e+00 2.22653e-01 
1.76000e+02 0.00000e+00 1.65311e-01 0.00000e+00 2.23138e-01 
1.76500e+02 0.00000e+00 1.65604e-01 0.00000e+00 2.23622e-01 
1.77000e+02 0.00000e+00 1.65893e-01 0.00000e+00 2.24104e-01 
1.77500e+02 0.00000e+00 1.66178e-01 0.00000e+00 2.24585e-01 
1.78000e+02 0.00000e+00 1.66460e-01 0.00000e+00 2.25065e-01 
1.78500e+02 0.00000e+00 1.66739e-01 0.00000e+00 2.25544e-01 
1.79000e+02 0.00000e+00 1.67015e-01 0.00000e+00 2.26021e-01 
1.79500e+02 0.00000e+00 1.67288e-01 0.00000e+00 2.26498e-01 
1.80000e+02 0.00000e+00 1.67559e-01 0.00000e+00 2.26973e-01 
1.80500e+02 0.00000e+00 1.67827e-01 0.00000e+00 2.27447e-01 
1.81000e+02 0.00000e+00 1.68093e-01 0.00000e+00 2.27921e-01 
1.81500e+02 0.00000e+00 1.68356e-01 0.00000e+00 2.28395e-01 
1.82000e+02 0.00000e+00 1.68618e-01 0.00000e+00 2.28870e-01 
1.82500e+02 0.00000e+00 1.68877e-01 0.00000e+00 2.29347e-01 
1.83000e+02 0.00000e+00 1.69134e-01 0.00000e+00 2.29825e-01 
1.83500e+02 0.00000e+00 1.69389e-01 0.00000e+00 2.30307e-01 
1.84000e+02 0.00000e+00 1.69642e-01 0.00000e+00 2.30793e-01 
1.84500e+02 0.00000e+00 1.69893e-01 0.00000e+00 2.31284e-01 
1.85000e+02 0.00000e+00 1.70141e-01 0.00000e+00 2.31781e-01 
1.85500e+02 0.00000e+00 1.70388e-01 0.00000e+00 2.32286e-01 
1.86000e+02 0.00000e+00 1.70632e-01 0.00000e+00 2.32797e-01 
1.86500e+02 0.00000e+00 1.70874e-01 0.00000e+00 2.33318e-01 
1.87000e+02 0.00000e+00 1.71113e-01 0.00000e+00 2.33847e-01 
1.87500e+02 0.00000e+00 1.71351e-01 0.00000e+00 2.34386e-01 
1.88000e+02 0.00000e+00 1.71585e-01 0.00000e+00 2.34935e-01 
1.88500e+02 0.00000e+00 1.71818e-01 0.00000e+00 2.35494e-01 
1.89000e+02 0.00000e+00 1.72048e-01 0.00000e+00 2.36062e-01 
1.89500e+02 0.00000e+00 1.72276e-01 0.00000e+00 2.36641e-01 
1.90000e+02 0.00000e+00 1.72501e-01 0.00000e+00 2.37229e-01 
1.90500e+02 0.00000e+00 1.72723e-01 0.00000e+00 2.37826e-01 
1.91000e+02 0.00000e+00 1.72943e-01 0.00000e+00 2.38432e-01 
1.91500e+02 0.00000e+00 1.73161e-01 0.00000e+00 2.39046e-01 
1.92000e+02 0.00000e+00 1.73375e-01 0.00000e+00 2.39668e-01 
1.92500e+02 0.00000e+00 1.73587e-01 0.00000e+00 2.40298e-01 
1.93000e+02 0.00000e+00 1.73795e-01 0.00000e+00 2.40935e-01 
1.93500e+02 0.00000e+00 1.74001e-01 0.00000e+00 2.41578e-01 
1.94000e+02 0.00000e+00 1.74203e-01 0.00000e+00 2.42229e-01 
1.94500e+02 0.00000e+00 1.74402e-01 0.00000e+00 2.42886e-01 
1.95000e+02 0.00000e+00 1.74597e-01 0.00000e+00 2.43548e-01 
1.95500e+02 0.00000e+00 1.74789e-01 0.00000e+00 2.44215e-01 
1.96000e+02 0.00000e+00 1.74977e-01 0.00000e+00 2.44885e-01 
1.96500e+02 0.00000e+00 1.75163e-01 0.00000e+00 2.45558e-01 
1.97000e+02 0.00000e+00 1.75347e-01 0.00000e+00 2.46232e-01 
1.97500e+02 0.00000e+00 1.75529e-01 0.00000e+00 2.46906e-01 
1.98000e+02 0.00000e+00 1.75712e-01 0.00000e+00 2.47579e-01 
1.98500e+02 0.00000e+00 1.75898e-01 0.00000e+00 2.48248e-01 
1.99000e+02 0.00000e+00 1.76090e-01 0.00000e+00 2.48913e-01 
1.99500e+02 0.00000e+00 1.76291e-01 0.00000e+00 2.49574e-01 
2.00000e+02 0.00000e+00 1.76507e-01 0.00000e+00 2.50229e-01 
2.00500e+02 0.00000e+00 1.76742e-01 0.00000e+00 2.50879e-01 
2.01000e+02 0.00000e+00 1.77002e-01 0.00000e+00 2.51524e-01 
2.01500e+02 0.00000e+00 1.77292e-01 0.00000e+00 2.52164e-01 
2.02000e+02 0.00000e+00 1.77617e-01 0.00000e+00 2.52801e-01 
2.02500e+02 0.00000e+00 1.77984e-01 0.00000e+00 2.53435e-01 
2.03000e+02 0.00000e+00 1.78395e-01 0.00000e+00 2.54068e-01 
2.03500e+02 0.00000e+00 1.78856e-01 0.00000e+00 2.54699e-01 
2.04000e+02 0.00000e+00 1.79368e-01 0.00000e+00 2.55331e-01 
2.04500e+02 0.00000e+00 1.79933e-01 0.00000e+00 2.55963e-01 
2.05000e+02 0.00000e+00 1.80550e-01 0.00000e+00 2.56594e-01 
2.05500e+02 0.00000e+00 1.81217e-01 0.00000e+00 2.57224e-01 
2.06000e+02 0.00000e+00 1.81930e-01 0.00000e+00 2.57852e-01 
2.06500e+02 0.00000e+00 1.82685e-01 0.00000e+00 2.58477e-01 
2.07000e+02 0.00000e+00 1.83476e-01 0.00000e+00 2.59097e-01 
2.07500e+02 0.00000e+00 1.84296e-01 0.00000e+00 2.59711e-01 
2.08000e+02 0.00000e+00 1.85141e-01 0.00000e+00 2.60319e-01 
2.08500e+02 0.00000e+00 1.86005e-01 0.00000e+00 2.60919e-01 
2.09000e+02 0.00000e+00 1.86883e-01 0.00000e+00 2.61511e-01 
2.09500e+02 0.00000e+00 1.87774e-01 0.00000e+00 2.62094e-01 
2.10000e+02 0.00000e+00 1.88675e-01 2.92617e-250 2.62669e-01 
2.10500e+02 0.00000e+00 1.89587e-01 9.55665e-181 2.63234e-01 
2.11000e+02 0.00000e+00 1.90508e-01 1.23139e-127 2.63791e-01 
2.11500e+02 0.00000e+00 1.91441e-01 1.28418e-88 2.64339e-01 
2.12000e+02 0.00000e+00 1.92387e-01 2.18981e-60 2.64879e-01 
2.12500e+02 0.00000e+00 1.93346e-01 2.25683e-40 2.65411e-01 
2.13000e+02 0.00000e+00 1.94318e-01 1.76890e-26 2.65935e-01 
2.13500e+02 0.00000e+00 1.95302e-01 5.61037e-17 2.66452e-01 
2.14000e+02 0.00000e+00 1.96294e-01 1.45181e-10 2.66963e-01 
2.14500e+02 0.00000e+00 1.97293e-01 2.24304e-06 2.67467e-01 
2.15000e+02 0.00000e+00 1.98293e-01 7.89519e-04 2.67965e-01 
2.15500e+02 0.00000e+00 1.99291e-01 1.66207e-02 2.68458e-01 
2.16000e+02 0.00000e+00 2.00283e-01 4.52068e-02 2.68946e-01 
2.16500e+02 0.00000e+00 2.01264e-01 5.74341e-02 2.69430e-01 
2.17000e+02 0.00000e+00 2.02230e-01 6.35843e-02 2.69909e-01 
2.17500e+02 0.00000e+00 2.03178e-01 6.77645e-02 2.70385e-01 
2.18000e+02 0.00000e+00 2.04106e-01 7.09776e-02 2.70856e-01 
2.18500e+02 0.00000e+00 2.05013e-01 7.36197e-02 2.71323e-01 
2.19000e+02 0.00000e+00 2.05898e-01 7.58945e-02 2.71787e-01 
2.19500e+02 0.00000e+00 2.06761e-01 7.79165e-02 2.72248e-01 
2.20000e+02 0.00000e+00 2.07601e-01 7.97534e-02 2.72706e-01 
2.20500e+02 0.00000e+00 2.08420e-01 8.14470e-02 2.73162e-01 
2.21000e+02 0.00000e+00 2.09218e-01 8.30253e-02 2.73615e-01 
2.21500e+02 0.00000e+00 2.09995e-01 8.45081e-02 2.74066e-01 
2.22000e+02 0.00000e+00 2.10753e-01 8.59104e-02 2.74514e-01 
2.22500e+02 0.00000e+00 2.11492e-01 8.72438e-02 2.74961e-01 
2.23000e+02 0.00000e+00 2.12213e-01 8.85179e-02 2.75405e-01 
2.23500e+02 0.00000e+00 2.12918e-01 8.97400e-02 2.75848e-01 
2.24000e+02 0.00000e+00 2.13608e-01 9.09164e-02 2.76289e-01 
2.24500e+02 0.00000e+00 2.14283e-01 9.20522e-02 2.76728e-01 
2.25000e+02 0.00000e+00 2.14944e-01 9.31515e-02 2.77166e-01 
2.25500e+02 0.00000e+00 2.15593e-01 9.42179e-02 2.77602e-01 
2.26000e+02 0.00000e+00 2.16230e-01 9.52543e-02 2.78036e-01 
2.26500e+02 0.00000e+00 2.16856e-01 9.62634e-02 2.78469e-01 
2.27000e+02 0.00000e+00 2.17472e-01 9.72475e-02 2.78900e-01 
2.27500e+02 0.00000e+00 2.18078e-01 9.82086e-02 2.79329e-01 
2.28000e+02 0.00000e+00 2.18677e-01 9.91484e-02 2.79757e-01 
2.28500e+02 0.00000e+00 2.19269e-01 1.00069e-01 2.80182e-01 
2.29000e+02 0.00000e+00 2.19855e-01 1.00970e-01 2.80606e-01 
2.29500e+02 0.00000e+00 2.20437e-01 1.01855e-01 2.81029e-01 
2.30000e+02 0.00000e+00 2.21016e-01 1.02724e-01 2.81449e-01 
2.30500e+02 0.00000e+00 2.21594e-01 1.03579e-01 2.81867e-01 
2.31000e+02 0.00000e+00 2.22171e-01 1.04419e-01 2.82283e-01 
2.31500e+02 0.00000e+00 2.22747e-01 1.05246e-01 2.82698e-01 
2.32000e+02 0.00000e+00 2.23323e-01 1.06060e-01 2.83110e-01 
2.32500e+02 0.00000e+00 2.23898e-01 1.06863e-01 2.83520e-01 
2.33000e+02 0.00000e+00 2.24470e-01 1.07654e-01 2.83928e-01 
2.33500e+02 0.00000e+00 2.25039e-01 1.08435e-01 2.84334e-01 
2.34000e+02 0.00000e+00 2.25604e-01 1.09205e-01 2.84738e-01 
2.34500e+02 0.00000e+00 2.26162e-01 1.09965e-01 2.85140e-01 
2.35000e+02 0.00000e+00 2.26713e-01 1.10715e-01 2.85539e-01 
2.35500e+02 0.00000e+00 2.27256e-01 1.11456e-01 2.85937e-01 
2.36000e+02 0.00000e+00 2.27790e-01 1.12188e-01 2.86332e-01 
2.36500e+02 0.00000e+00 2.28314e-01 1.12911e-01 2.86725e-01 
2.37000e+02 0.00000e+00 2.28829e-01 1.13625e-01 2.87115e-01 
2.37500e+02 0.00000e+00 2.29334e-01 1.14331e-01 2.87504e-01 
2.38000e+02 0.00000e+00 2.29829e-01 1.15029e-01 2.87890e-01 
2.38500e+02 0.00000e+00 2.30314e-01 1.15719e-01 2.88274e-01 
2.39000e+02 0.00000e+00 2.30791e-01 1.16401e-01 2.88656e-01 
2.39500e+02 0.00000e+00 2.31259e-01 1.17076e-01 2.89036e-01 
2.40000e+02 0.00000e+00 2.31720e-01 1.17744e-01 2.89414e-01 
