0.00000e+00 0.00000e+00 0.00000e+00 0.00000e+00 0.00000e+00 
5.00000e-01 0.00000e+00 0.00000e+00 0.00000e+00 0.00000e+00 
1.00000e+00 0.00000e+00 0.00000e+00 0.00000e+00 0.00000e+00 
1.50000e+00 0.00000e+00 0.00000e+00 0.00000e+00 0.00000e+00 
2.00000e+00 0.00000e+00 0.00000e+00 0.00000e+00 0.00000e+00 
2.50000e+00 0.00000e+00 0.00000e+00 0.00000e+00 0.00000e+00 
3.00000e+00 0.00000e+00 0.00000e+00 0.00000e+00 0.00000e+00 
3.50000e+00 0.00000e+00 0.00000e+00 0.00000e+00 0.00000e+00 
4.00000e+00 0.00000e+00 0.00000e+00 0.00000e+00 0.00000e+00 
4.50000e+00 0.00000e+00 0.00000e+00 0.00000e+00 0.00000e+00 
5.00000e+00 0.00000e+00 0.00000e+00 0.00000e+00 0.00000e+00 
5.50000e+00 0.00000e+00 0.00000e+00 0.00000e+00 0.00000e+00 
6.00000e+00 0.00000e+00 0.00000e+00 0.00000e+00 0.00000e+00 
6.50000e+00 0.00000e+00 0.00000e+00 0.00000e+00 0.00000e+00 
7.00000e+00 0.00000e+00 0.00000e+00 0.00000e+00 0.00000e+00 
7.50000e+00 0.00000e+00 0.00000e+00 0.00000e+00 0.00000e+00 
8.00000e+00 0.00000e+00 0.00000e+00 0.00000e+00 0.00000e+00 
8.50000e+00 0.00000e+00 0.00000e+00 0.00000e+00 0.00000e+00 
9.00000e+00 0.00000e+00 0.00000e+00 0.00000e+00 0.00000e+00 
9.50000e+00 0.00000e+00 0.00000e+00 0.00000e+00 0.00000e+00 
1.00000e+01 0.00000e+00 0.00000e+00 0.00000e+00 0.00000e+00 
1.05000e+01 0.00000e+00 0.00000e+00 0.00000e+00 0.00000e+00 
1.10000e+01 0.00000e+00 0.00000e+00 0.00000e+00 0.00000e+00 
1.15000e+01 0.00000e+00 0.00000e+00 0.00000e+00 0.00000e+00 
1.20000e+01 0.00000e+00 0.00000e+00 0.00000e+00 0.00000e+00 
1.25000e+01 0.00000e+00 0.00000e+00 0.00000e+00 0.00000e+00 
1.30000e+01 0.00000e+00 0.00000e+00 0.00000e+00 0.00000e+00 
1.35000e+01 0.00000e+00 0.00000e+00 0.00000e+00 0.00000e+00 
1.40000e+01 0.00000e+00 0.00000e+00 0.00000e+00 0.00000e+00 
1.45000e+01 0.00000e+00 0.00000e+00 0.00000e+00 0.00000e+00 
1.50000e+01 0.00000e+00 0.00000e+00 0.00000e+00 0.00000e+00 
1.55000e+01 0.00000e+00 0.00000e+00 0.00000e+00 0.00000e+00 
1.60000e+01 0.00000e+00 0.00000e+00 0.00000e+00 0.00000e+00 
1.65000e+01 0.00000e+00 0.00000e+00 0.00000e+00 0.00000e+00 
1.70000e+01 0.00000e+00 0.00000e+00 0.00000e+00 0.00000e+00 
1.75000e+01 0.00000e+00 0.00000e+00 0.00000e+00 0.00000e+00 
1.80000e+01 0.00000e+00 0.00000e+00 0.00000e+00 0.00000e+00 
1.85000e+01 0.00000e+00 0.00000e+00 0.00000e+00 0.00000e+00 
1.90000e+01 0.00000e+00 0.00000e+00 0.00000e+00 0.00000e+00 
1.95000e+01 0.00000e+00 0.00000e+00 0.00000e+00 0.00000e+00 
2.00000e+01 0.00000e+00 0.00000e+00 0.00000e+00 0.00000e+00 
2.05000e+01 0.00000e+00 0.00000e+00 0.00000e+00 0.00000e+00 
2.10000e+01 0.00000e+00 0.00000e+00 0.00000e+00 0.00000e+00 
2.15000e+01 0.00000e+00 0.00000e+00 0.00000e+00 0.00000e+00 
2.20000e+01 0.00000e+00 0.00000e+00 0.00000e+00 0.00000e+00 
2.25000e+01 0.00000e+00 0.00000e+00 0.00000e+00 0.00000e+00 
2.30000e+01 0.00000e+00 0.00000e+00 0.00000e+00 0.00000e+00 
2.35000e+01 0.00000e+00 0.00000e+00 0.00000e+00 0.00000e+00 
2.40000e+01 0.00000e+00 0.00000e+00 0.00000e+00 0.00000e+00 
2.45000e+01 0.00000e+00 0.00000e+00 0.00000e+00 0.00000e+00 
2.50000e+01 0.00000e+00 0.00000e+00 0.00000e+00 0.00000e+00 
2.55000e+01 0.00000e+00 0.00000e+00 0.00000e+00 0.00000e+00 
2.60000e+01 0.00000e+00 0.00000e+00 0.00000e+00 0.00000e+00 
2.65000e+01 0.00000e+00 0.00000e+00 0.00000e+00 0.00000e+00 
2.70000e+01 0.00000e+00 0.00000e+00 0.00000e+00 0.00000e+00 
2.75000e+01 0.00000e+00 0.00000e+00 0.00000e+00 0.00000e+00 
2.80000e+01 0.00000e+00 0.00000e+00 0.00000e+00 0.00000e+00 
2.85000e+01 0.00000e+00 0.00000e+00 0.00000e+00 0.00000e+00 
2.90000e+01 0.00000e+00 0.00000e+00 0.00000e+00 0.00000e+00 
2.95000e+01 0.00000e+00 0.00000e+00 0.00000e+00 0.00000e+00 
3.00000e+01 0.00000e+00 0.00000e+00 0.00000e+00 0.00000e+00 
3.05000e+01 0.00000e+00 0.00000e+00 0.00000e+00 0.00000e+00 
3.10000e+01 0.00000e+00 0.00000e+00 0.00000e+00 0.00000e+00 
3.15000e+01 0.00000e+00 0.00000e+00 0.00000e+00 0.00000e+00 
3.20000e+01 0.00000e+00 0.00000e+00 0.00000e+00 0.00000e+00 
3.25000e+01 0.00000e+00 0.00000e+00 0.00000e+00 0.00000e+00 
3.30000e+01 0.00000e+00 0.00000e+00 0.00000e+00 0.00000e+00 
3.35000e+01 0.00000e+00 0.00000e+00 0.00000e+00 0.00000e+00 
3.40000e+01 0.00000e+00 0.00000e+00 0.00000e+00 0.00000e+00 
3.45000e+01 0.00000e+00 0.00000e+00 0.00000e+00 0.00000e+00 
3.50000e+01 0.00000e+00 0.00000e+00 0.00000e+00 0.00000e+00 
3.55000e+01 0.00000e+00 0.00000e+00 0.00000e+00 0.00000e+00 
3.60000e+01 0.00000e+00 0.00000e+00 0.00000e+00 0.00000e+00 
3.65000e+01 0.00000e+00 0.00000e+00 0.00000e+00 0.00000e+00 
3.70000e+01 0.00000e+00 0.00000e+00 0.00000e+00 0.00000e+00 
3.75000e+01 0.00000e+00 0.00000e+00 0.00000e+00 0.00000e+00 
3.80000e+01 0.00000e+00 0.00000e+00 0.00000e+00 0.00000e+00 
3.85000e+01 0.00000e+00 0.00000e+00 0.00000e+00 0.00000e+00 
3.90000e+01 0.00000e+00 0.00000e+00 0.00000e+00 0.00000e+00 
3.95000e+01 0.00000e+00 0.00000e+00 0.00000e+00 0.00000e+00 
4.00000e+01 0.00000e+00 0.00000e+00 0.00000e+00 0.00000e+00 
4.05000e+01 0.00000e+00 0.00000e+00 0.00000e+00 0.00000e+00 
4.10000e+01 0.00000e+00 0.00000e+00 0.00000e+00 0.00000e+00 
4.15000e+01 0.00000e+00 0.00000e+00 0.00000e+00 0.00000e+00 
4.20000e+01 0.00000e+00 0.00000e+00 0.00000e+00 0.00000e+00 
4.25000e+01 0.00000e+00 0.00000e+00 0.00000e+00 0.00000e+00 
4.30000e+01 0.00000e+00 0.00000e+00 0.00000e+00 0.00000e+00 
4.35000e+01 0.00000e+00 0.00000e+00 0.00000e+00 0.00000e+00 
4.40000e+01 0.00000e+00 0.00000e+00 0.00000e+00 0.00000e+00 
4.45000e+01 0.00000e+00 0.00000e+00 0.00000e+00 0.00000e+00 
4.50000e+01 0.00000e+00 0.00000e+00 0.00000e+00 0.00000e+00 
4.55000e+01 0.00000e+00 0.00000e+00 0.00000e+00 0.00000e+00 
4.60000e+01 0.00000e+00 0.00000e+00 0.00000e+00 0.00000e+00 
4.65000e+01 0.00000e+00 0.00000e+00 0.00000e+00 0.00000e+00 
4.70000e+01 0.00000e+00 0.00000e+00 0.00000e+00 0.00000e+00 
4.75000e+01 0.00000e+00 0.00000e+00 0.00000e+00 0.00000e+00 
4.80000e+01 0.00000e+00 0.00000e+00 0.00000e+00 0.00000e+00 
4.85000e+01 0.00000e+00 0.00000e+00 0.00000e+00 0.00000e+00 
4.90000e+01 0.00000e+00 0.00000e+00 0.00000e+00 0.00000e+00 
4.95000e+01 0.00000e+00 0.00000e+00 0.00000e+00 0.00000e+00 
5.00000e+01 0.00000e+00 0.00000e+00 0.00000e+00 0.00000e+00 
5.05000e+01 0.00000e+00 0.00000e+00 0.00000e+00 0.00000e+00 
5.10000e+01 0.00000e+00 0.00000e+00 0.00000e+00 0.00000e+00 
5.15000e+01 0.00000e+00 0.00000e+00 0.00000e+00 0.00000e+00 
5.20000e+01 0.00000e+00 0.00000e+00 0.00000e+00 0.00000e+00 
5.25000e+01 0.00000e+00 0.00000e+00 0.00000e+00 0.00000e+00 
5.30000e+01 0.00000e+00 0.00000e+00 0.00000e+00 0.00000e+00 
5.35000e+01 0.00000e+00 0.00000e+00 0.00000e+00 0.00000e+00 
5.40000e+01 0.00000e+00 0.00000e+00 0.00000e+00 0.00000e+00 
5.45000e+01 0.00000e+00 0.00000e+00 0.00000e+00 0.00000e+00 
5.50000e+01 0.00000e+00 0.00000e+00 0.00000e+00 0.00000e+00 
5.55000e+01 0.00000e+00 0.00000e+00 0.00000e+00 0.00000e+00 
5.60000e+01 0.00000e+00 0.00000e+00 0.00000e+00 0.00000e+00 
5.65000e+01 0.00000e+00 0.00000e+00 0.00000e+00 0.00000e+00 
5.70000e+01 0.00000e+00 0.00000e+00 0.00000e+00 0.00000e+00 
5.75000e+01 0.00000e+00 0.00000e+00 0.00000e+00 0.00000e+00 
5.80000e+01 0.00000e+00 0.00000e+00 0.00000e+00 0.00000e+00 
5.85000e+01 0.00000e+00 0.00000e+00 0.00000e+00 0.00000e+00 
5.90000e+01 0.00000e+00 0.00000e+00 0.00000e+00 0.00000e+00 
5.95000e+01 0.00000e+00 0.00000e+00 0.00000e+00 0.00000e+00 
6.00000e+01 0.00000e+00 0.00000e+00 0.00000e+00 0.00000e+00 
6.05000e+01 0.00000e+00 0.00000e+00 0.00000e+00 0.00000e+00 
6.10000e+01 0.00000e+00 0.00000e+00 0.00000e+00 0.00000e+00 
6.15000e+01 0.00000e+00 0.00000e+00 0.00000e+00 0.00000e+00 
6.20000e+01 0.00000e+00 0.00000e+00 0.00000e+00 0.00000e+00 
6.25000e+01 0.00000e+00 0.00000e+00 0.00000e+00 0.00000e+00 
6.30000e+01 0.00000e+00 0.00000e+00 0.00000e+00 0.00000e+00 
6.35000e+01 0.00000e+00 0.00000e+00 0.00000e+00 0.00000e+00 
6.40000e+01 0.00000e+00 0.00000e+00 0.00000e+00 0.00000e+00 
6.45000e+01 0.00000e+00 0.00000e+00 0.00000e+00 0.00000e+00 
6.50000e+01 0.00000e+00 0.00000e+00 0.00000e+00 0.00000e+00 
6.55000e+01 0.00000e+00 0.00000e+00 0.00000e+00 0.00000e+00 
6.60000e+01 0.00000e+00 0.00000e+00 0.00000e+00 0.00000e+00 
6.65000e+01 0.00000e+00 0.00000e+00 0.00000e+00 0.00000e+00 
6.70000e+01 0.00000e+00 0.00000e+00 0.00000e+00 0.00000e+00 
6.75000e+01 0.00000e+00 0.00000e+00 0.00000e+00 0.00000e+00 
6.80000e+01 0.00000e+00 0.00000e+00 0.00000e+00 0.00000e+00 
6.85000e+01 0.00000e+00 0.00000e+00 0.00000e+00 0.00000e+00 
6.90000e+01 0.00000e+00 0.00000e+00 0.00000e+00 0.00000e+00 
6.95000e+01 0.00000e+00 0.00000e+00 0.00000e+00 0.00000e+00 
7.00000e+01 0.00000e+00 0.00000e+00 0.00000e+00 0.00000e+00 
7.05000e+01 0.00000e+00 0.00000e+00 0.00000e+00 0.00000e+00 
7.10000e+01 0.00000e+00 0.00000e+00 0.00000e+00 0.00000e+00 
7.15000e+01 0.00000e+00 0.00000e+00 0.00000e+00 0.00000e+00 
7.20000e+01 0.00000e+00 0.00000e+00 0.00000e+00 0.00000e+00 
7.25000e+01 0.00000e+00 0.00000e+00 0.00000e+00 0.00000e+00 
7.30000e+01 0.00000e+00 0.00000e+00 0.00000e+00 0.00000e+00 
7.35000e+01 0.00000e+00 0.00000e+00 0.00000e+00 0.00000e+00 
7.40000e+01 0.00000e+00 0.00000e+00 0.00000e+00 0.00000e+00 
7.45000e+01 0.00000e+00 0.00000e+00 0.00000e+00 0.00000e+00 
7.50000e+01 0.00000e+00 0.00000e+00 0.00000e+00 0.00000e+00 
7.55000e+01 0.00000e+00 0.00000e+00 0.00000e+00 0.00000e+00 
7.60000e+01 0.00000e+00 0.00000e+00 0.00000e+00 0.00000e+00 
7.65000e+01 0.00000e+00 0.00000e+00 0.00000e+00 0.00000e+00 
7.70000e+01 0.00000e+00 0.00000e+00 0.00000e+00 0.00000e+00 
7.75000e+01 0.00000e+00 0.00000e+00 0.00000e+00 0.00000e+00 
7.80000e+01 0.00000e+00 0.00000e+00 0.00000e+00 0.00000e+00 
7.85000e+01 0.00000e+00 0.00000e+00 0.00000e+00 0.00000e+00 
7.90000e+01 0.00000e+00 0.00000e+00 0.00000e+00 0.00000e+00 
7.95000e+01 0.00000e+00 0.00000e+00 0.00000e+00 0.00000e+00 
8.00000e+01 0.00000e+00 0.00000e+00 0.00000e+00 0.00000e+00 
8.05000e+01 0.00000e+00 0.00000e+00 0.00000e+00 0.00000e+00 
8.10000e+01 0.00000e+00 0.00000e+00 0.00000e+00 0.00000e+00 
8.15000e+01 0.00000e+00 0.00000e+00 0.00000e+00 0.00000e+00 
8.20000e+01 0.00000e+00 0.00000e+00 0.00000e+00 0.00000e+00 
8.25000e+01 0.00000e+00 0.00000e+00 0.00000e+00 0.00000e+00 
8.30000e+01 0.00000e+00 0.00000e+00 0.00000e+00 0.00000e+00 
8.35000e+01 0.00000e+00 0.00000e+00 0.00000e+00 0.00000e+00 
8.40000e+01 0.00000e+00 0.00000e+00 0.00000e+00 0.00000e+00 
8.45000e+01 0.00000e+00 0.00000e+00 0.00000e+00 0.00000e+00 
8.50000e+01 0.00000e+00 0.00000e+00 0.00000e+00 0.00000e+00 
8.55000e+01 0.00000e+00 0.00000e+00 0.00000e+00 0.00000e+00 
8.60000e+01 0.00000e+00 0.00000e+00 0.00000e+00 0.00000e+00 
8.65000e+01 0.00000e+00 0.00000e+00 0.00000e+00 0.00000e+00 
8.70000e+01 0.00000e+00 0.00000e+00 0.00000e+00 0.00000e+00 
8.75000e+01 0.00000e+00 0.00000e+00 0.00000e+00 0.00000e+00 
8.80000e+01 0.00000e+00 0.00000e+00 0.00000e+00 0.00000e+00 
8.85000e+01 0.00000e+00 0.00000e+00 0.00000e+00 0.00000e+00 
8.90000e+01 0.00000e+00 0.00000e+00 0.00000e+00 0.00000e+00 
8.95000e+01 0.00000e+00 0.00000e+00 0.00000e+00 0.00000e+00 
9.00000e+01 0.00000e+00 0.00000e+00 0.00000e+00 0.00000e+00 
9.05000e+01 0.00000e+00 0.00000e+00 0.00000e+00 0.00000e+00 
9.10000e+01 0.00000e+00 0.00000e+00 0.00000e+00 0.00000e+00 
9.15000e+01 0.00000e+00 0.00000e+00 0.00000e+00 0.00000e+00 
9.20000e+01 0.00000e+00 0.00000e+00 0.00000e+00 0.00000e+00 
9.25000e+01 0.00000e+00 0.00000e+00 0.00000e+00 0.00000e+00 
9.30000e+01 0.00000e+00 0.00000e+00 0.00000e+00 0.00000e+00 
9.35000e+01 0.00000e+00 0.00000e+00 0.00000e+00 0.00000e+00 
9.40000e+01 0.00000e+00 0.00000e+00 0.00000e+00 0.00000e+00 
9.45000e+01 0.00000e+00 0.00000e+00 0.00000e+00 0.00000e+00 
9.50000e+01 0.00000e+00 0.00000e+00 0.00000e+00 0.00000e+00 
9.55000e+01 0.00000e+00 0.00000e+00 0.00000e+00 0.00000e+00 
9.60000e+01 0.00000e+00 0.00000e+00 0.00000e+00 0.00000e+00 
9.65000e+01 0.00000e+00 0.00000e+00 0.00000e+00 0.00000e+00 
9.70000e+01 0.00000e+00 0.00000e+00 0.00000e+00 0.00000e+00 
9.75000e+01 0.00000e+00 0.00000e+00 0.00000e+00 0.00000e+00 
9.80000e+01 0.00000e+00 0.00000e+00 0.00000e+00 0.00000e+00 
9.85000e+01 0.00000e+00 0.00000e+00 0.00000e+00 0.00000e+00 
9.90000e+01 0.00000e+00 0.00000e+00 0.00000e+00 0.00000e+00 
9.95000e+01 0.00000e+00 0.00000e+00 0.00000e+00 0.00000e+00 
1.00000e+02 0.00000e+00 0.00000e+00 0.00000e+00 0.00000e+00 
1.00500e+02 0.00000e+00 0.00000e+00 0.00000e+00 0.00000e+00 
1.01000e+02 0.00000e+00 0.00000e+00 0.00000e+00 0.00000e+00 
1.01500e+02 0.00000e+00 0.00000e+00 0.00000e+00 0.00000e+00 
1.02000e+02 0.00000e+00 0.00000e+00 0.00000e+00 0.00000e+00 
1.02500e+02 0.00000e+00 0.00000e+00 0.00000e+00 0.00000e+00 
1.03000e+02 0.00000e+00 0.00000e+00 0.00000e+00 0.00000e+00 
1.03500e+02 0.00000e+00 0.00000e+00 0.00000e+00 0.00000e+00 
1.04000e+02 0.00000e+00 0.00000e+00 0.00000e+00 0.00000e+00 
1.04500e+02 0.00000e+00 0.00000e+00 0.00000e+00 0.00000e+00 
1.05000e+02 0.00000e+00 0.00000e+00 0.00000e+00 0.00000e+00 
1.05500e+02 0.00000e+00 0.00000e+00 0.00000e+00 0.00000e+00 
1.06000e+02 0.00000e+00 0.00000e+00 0.00000e+00 0.00000e+00 
1.06500e+02 0.00000e+00 0.00000e+00 0.00000e+00 0.00000e+00 
1.07000e+02 0.00000e+00 0.00000e+00 0.00000e+00 0.00000e+00 
1.07500e+02 0.00000e+00 0.00000e+00 0.00000e+00 0.00000e+00 
1.08000e+02 0.00000e+00 0.00000e+00 0.00000e+00 0.00000e+00 
1.08500e+02 0.00000e+00 0.00000e+00 0.00000e+00 0.00000e+00 
1.09000e+02 0.00000e+00 0.00000e+00 0.00000e+00 0.00000e+00 
1.09500e+02 0.00000e+00 0.00000e+00 0.00000e+00 0.00000e+00 
1.10000e+02 0.00000e+00 0.00000e+00 0.00000e+00 0.00000e+00 
1.10500e+02 0.00000e+00 0.00000e+00 0.00000e+00 0.00000e+00 
1.11000e+02 0.00000e+00 0.00000e+00 0.00000e+00 0.00000e+00 
1.11500e+02 0.00000e+00 0.00000e+00 0.00000e+00 0.00000e+00 
1.12000e+02 0.00000e+00 0.00000e+00 0.00000e+00 0.00000e+00 
1.12500e+02 0.00000e+00 0.00000e+00 0.00000e+00 0.00000e+00 
1.13000e+02 0.00000e+00 0.00000e+00 0.00000e+00 0.00000e+00 
1.13500e+02 0.00000e+00 0.00000e+00 0.00000e+00 0.00000e+00 
1.14000e+02 0.00000e+00 0.00000e+00 0.00000e+00 0.00000e+00 
1.14500e+02 0.00000e+00 0.00000e+00 0.00000e+00 0.00000e+00 
1.15000e+02 0.00000e+00 0.00000e+00 0.00000e+00 0.00000e+00 
1.15500e+02 0.00000e+00 0.00000e+00 0.00000e+00 0.00000e+00 
1.16000e+02 0.00000e+00 0.00000e+00 0.00000e+00 0.00000e+00 
1.16500e+02 0.00000e+00 0.00000e+00 0.00000e+00 0.00000e+00 
1.17000e+02 0.00000e+00 0.00000e+00 0.00000e+00 0.00000e+00 
1.17500e+02 0.00000e+00 0.00000e+00 0.00000e+00 0.00000e+00 
1.18000e+02 0.00000e+00 0.00000e+00 0.00000e+00 0.00000e+00 
1.18500e+02 0.00000e+00 0.00000e+00 0.00000e+00 0.00000e+00 
1.19000e+02 0.00000e+00 0.00000e+00 0.00000e+00 0.00000e+00 
1.19500e+02 0.00000e+00 0.00000e+00 0.00000e+00 0.00000e+00 
1.20000e+02 0.00000e+00 0.00000e+00 0.00000e+00 0.00000e+00 
1.20500e+02 0.00000e+00 0.00000e+00 0.00000e+00 0.00000e+00 
1.21000e+02 0.00000e+00 0.00000e+00 0.00000e+00 0.00000e+00 
1.21500e+02 0.00000e+00 0.00000e+00 0.00000e+00 0.00000e+00 
1.22000e+02 0.00000e+00 0.00000e+00 0.00000e+00 0.00000e+00 
1.22500e+02 0.00000e+00 0.00000e+00 0.00000e+00 0.00000e+00 
1.23000e+02 0.00000e+00 0.00000e+00 0.00000e+00 0.00000e+00 
1.23500e+02 0.00000e+00 0.00000e+00 0.00000e+00 0.00000e+00 
1.24000e+02 0.00000e+00 0.00000e+00 0.00000e+00 0.00000e+00 
1.24500e+02 0.00000e+00 0.00000e+00 0.00000e+00 0.00000e+00 
1.25000e+02 0.00000e+00 0.00000e+00 0.00000e+00 0.00000e+00 
1.25500e+02 0.00000e+00 0.00000e+00 0.00000e+00 0.00000e+00 
1.26000e+02 0.00000e+00 0.00000e+00 0.00000e+00 0.00000e+00 
1.26500e+02 0.00000e+00 0.00000e+00 0.00000e+00 0.00000e+00 
1.27000e+02 0.00000e+00 8.05348e-259 0.00000e+00 0.00000e+00 
1.27500e+02 0.00000e+00 5.65576e-107 0.00000e+00 0.00000e+00 
1.28000e+02 0.00000e+00 4.09570e-42 0.00000e+00 0.00000e+00 
1.28500e+02 0.00000e+00 1.15630e-13 0.00000e+00 0.00000e+00 
1.29000e+02 0.00000e+00 2.71540e-04 0.00000e+00 0.00000e+00 
1.29500e+02 0.00000e+00 4.47573e-02 0.00000e+00 0.00000e+00 
1.30000e+02 1.01776e-259 6.11230e-02 0.00000e+00 0.00000e+00 
1.30500e+02 9.40827e-145 6.68676e-02 0.00000e+00 0.00000e+00 
1.31000e+02 3.65090e-76 7.06714e-02 0.00000e+00 0.00000e+00 
1.31500e+02 1.88048e-36 7.36940e-02 0.00000e+00 0.00000e+00 
1.32000e+02 1.03452e-15 7.62430e-02 0.00000e+00 0.00000e+00 
1.32500e+02 2.89888e-06 7.84377e-02 0.00000e+00 0.00000e+00 
1.33000e+02 9.91469e-03 8.03488e-02 0.00000e+00 0.00000e+00 
1.33500e+02 4.47302e-02 8.20320e-02 0.00000e+00 0.00000e+00 
1.34000e+02 5.36931e-02 8.35279e-02 0.00000e+00 0.00000e+00 
1.34500e+02 5.77788e-02 8.48664e-02 0.00000e+00 0.00000e+00 
1.35000e+02 6.05316e-02 8.60804e-02 0.00000e+00 0.00000e+00 
1.35500e+02 6.27561e-02 8.71980e-02 0.00000e+00 0.00000e+00 
1.36000e+02 6.46968e-02 8.82412e-02 0.00000e+00 0.00000e+00 
1.36500e+02 6.64120e-02 8.92245e-02 0.00000e+00 0.00000e+00 
1.37000e+02 6.79275e-02 9.01567e-02 0.00000e+00 0.00000e+00 
1.37500e+02 6.93110e-02 9.10418e-02 0.00000e+00 0.00000e+00 
1.38000e+02 7.07005e-02 9.18823e-02 0.00000e+00 0.00000e+00 
1.38500e+02 7.22972e-02 9.26811e-02 0.00000e+00 0.00000e+00 
1.39000e+02 7.42979e-02 9.34420e-02 0.00000e+00 0.00000e+00 
1.39500e+02 7.67963e-02 9.41707e-02 0.00000e+00 0.00000e+00 
1.40000e+02 7.97438e-02 9.48742e-02 0.00000e+00 0.00000e+00 
1.40500e+02 8.30083e-02 9.55616e-02 0.00000e+00 0.00000e+00 
1.41000e+02 8.65004e-02 9.62446e-02 0.00000e+00 0.00000e+00 
1.41500e+02 9.03300e-02 9.69388e-02 0.00000e+00 0.00000e+00 
1.42000e+02 9.47988e-02 9.76651e-02 0.00000e+00 0.00000e+00 
1.42500e+02 9.98830e-02 9.84502e-02 0.00000e+00 0.00000e+00 
1.43000e+02 1.05056e-01 9.93258e-02 0.00000e+00 0.00000e+00 
1.43500e+02 1.09860e-01 1.00325e-01 0.00000e+00 0.00000e+00 
1.44000e+02 1.14192e-01 1.01479e-01 0.00000e+00 0.00000e+00 
1.44500e+02 1.18107e-01 1.02807e-01 0.00000e+00 0.00000e+00 
1.45000e+02 1.21607e-01 1.04313e-01 0.00000e+00 0.00000e+00 
1.45500e+02 1.24678e-01 1.05982e-01 0.00000e+00 0.00000e+00 
1.46000e+02 1.27354e-01 1.07782e-01 0.00000e+00 0.00000e+00 
1.46500e+02 1.29703e-01 1.09672e-01 0.00000e+00 0.00000e+00 
1.47000e+02 1.31800e-01 1.11607e-01 0.00000e+00 0.00000e+00 
1.47500e+02 1.33709e-01 1.13551e-01 0.00000e+00 0.00000e+00 
1.48000e+02 1.35482e-01 1.15476e-01 0.00000e+00 0.00000e+00 
1.48500e+02 1.37164e-01 1.17365e-01 0.00000e+00 0.00000e+00 
1.49000e+02 1.38790e-01 1.19212e-01 0.00000e+00 0.00000e+00 
1.49500e+02 1.40386e-01 1.21013e-01 0.00000e+00 0.00000e+00 
1.50000e+02 1.41965e-01 1.22770e-01 0.00000e+00 0.00000e+00 
1.50500e+02 1.43529e-01 1.24487e-01 0.00000e+00 0.00000e+00 
1.51000e+02 1.45076e-01 1.26167e-01 0.00000e+00 0.00000e+00 
1.51500e+02 1.46602e-01 1.27814e-01 0.00000e+00 0.00000e+00 
1.52000e+02 1.48102e-01 1.29430e-01 0.00000e+00 0.00000e+00 
1.52500e+02 1.49575e-01 1.31015e-01 0.00000e+00 0.00000e+00 
1.53000e+02 1.51020e-01 1.32572e-01 0.00000e+00 0.00000e+00 
1.53500e+02 1.52438e-01 1.34106e-01 0.00000e+00 0.00000e+00 
1.54000e+02 1.53833e-01 1.35633e-01 0.00000e+00 0.00000e+00 
1.54500e+02 1.55206e-01 1.37185e-01 0.00000e+00 0.00000e+00 
1.55000e+02 1.56560e-01 1.38807e-01 0.00000e+00 0.00000e+00 
1.55500e+02 1.57896e-01 1.40547e-01 0.00000e+00 0.00000e+00 
1.56000e+02 1.59215e-01 1.42433e-01 0.00000e+00 0.00000e+00 
1.56500e+02 1.60517e-01 1.44465e-01 0.00000e+00 0.00000e+00 
1.57000e+02 1.61800e-01 1.46609e-01 0.00000e+00 0.00000e+00 
1.57500e+02 1.63063e-01 1.48804e-01 0.00000e+00 0.00000e+00 
1.58000e+02 1.64304e-01 1.50973e-01 0.00000e+00 0.00000e+00 
1.58500e+02 1.65520e-01 1.53047e-01 0.00000e+00 0.00000e+00 
1.59000e+02 1.66709e-01 1.54982e-01 0.00000e+00 0.00000e+00 
1.59500e+02 1.67870e-01 1.56761e-01 0.00000e+00 0.00000e+00 
1.60000e+02 1.69001e-01 1.58386e-01 0.00000e+00 0.00000e+00 
1.60500e+02 1.70103e-01 1.59869e-01 0.00000e+00 0.00000e+00 
1.61000e+02 1.71176e-01 1.61230e-01 0.00000e+00 0.00000e+00 
1.61500e+02 1.72220e-01 1.62488e-01 0.00000e+00 0.00000e+00 
1.62000e+02 1.73238e-01 1.63660e-01 0.00000e+00 0.00000e+00 
1.62500e+02 1.74229e-01 1.64760e-01 0.00000e+00 0.00000e+00 
1.63000e+02 1.75196e-01 1.65799e-01 0.00000e+00 0.00000e+00 
1.63500e+02 1.76140e-01 1.66782e-01 0.00000e+00 0.00000e+00 
1.64000e+02 1.77063e-01 1.67715e-01 0.00000e+00 0.00000e+00 
1.64500e+02 1.77967e-01 1.68602e-01 0.00000e+00 0.00000e+00 
1.65000e+02 1.78852e-01 1.69447e-01 0.00000e+00 0.00000e+00 
1.65500e+02 1.79720e-01 1.70254e-01 0.00000e+00 0.00000e+00 
1.66000e+02 1.80573e-01 1.71030e-01 0.00000e+00 0.00000e+00 
1.66500e+02 1.81410e-01 1.71778e-01 0.00000e+00 0.00000e+00 
1.67000e+02 1.82234e-01 1.72502e-01 0.00000e+00 0.00000e+00 
1.67500e+02 1.83045e-01 1.73208e-01 0.00000e+00 0.00000e+00 
1.68000e+02 1.83844e-01 1.73899e-01 0.00000e+00 0.00000e+00 
1.68500e+02 1.84632e-01 1.74578e-01 0.00000e+00 0.00000e+00 
1.69000e+02 1.85409e-01 1.75247e-01 0.00000e+00 0.00000e+00 
1.69500e+02 1.86175e-01 1.75909e-01 0.00000e+00 0.00000e+00 
1.70000e+02 1.86932e-01 1.76565e-01 0.00000e+00 0.00000e+00 
1.70500e+02 1.87680e-01 1.77216e-01 0.00000e+00 0.00000e+00 
1.71000e+02 1.88419e-01 1.77863e-01 0.00000e+00 0.00000e+00 
1.71500e+02 1.89150e-01 1.78506e-01 0.00000e+00 0.00000e+00 
1.72000e+02 1.89873e-01 1.79146e-01 0.00000e+00 0.00000e+00 
1.72500e+02 1.90588e-01 1.79783e-01 0.00000e+00 0.00000e+00 
1.73000e+02 1.91296e-01 1.80418e-01 0.00000e+00 0.00000e+00 
1.73500e+02 1.91996e-01 1.81049e-01 0.00000e+00 0.00000e+00 
1.74000e+02 1.92690e-01 1.81677e-01 0.00000e+00 0.00000e+00 
1.74500e+02 1.93377e-01 1.82302e-01 0.00000e+00 0.00000e+00 
1.75000e+02 1.94058e-01 1.82924e-01 0.00000e+00 0.00000e+00 
1.75500e+02 1.94732e-01 1.83542e-01 0.00000e+00 0.00000e+00 
1.76000e+02 1.95401e-01 1.84157e-01 0.00000e+00 0.00000e+00 
1.76500e+02 1.96064e-01 1.84768e-01 0.00000e+00 0.00000e+00 
1.77000e+02 1.96722e-01 1.85375e-01 0.00000e+00 0.00000e+00 
1.77500e+02 1.97375e-01 1.85978e-01 0.00000e+00 0.00000e+00 
1.78000e+02 1.98023e-01 1.86577e-01 0.00000e+00 0.00000e+00 
1.78500e+02 1.98666e-01 1.87173e-01 0.00000e+00 0.00000e+00 
1.79000e+02 1.99306e-01 1.87766e-01 0.00000e+00 0.00000e+00 
1.79500e+02 1.99942e-01 1.88355e-01 0.00000e+00 0.00000e+00 
1.80000e+02 2.00574e-01 1.88943e-01 0.00000e+00 0.00000e+00 
1.80500e+02 2.01203e-01 1.89528e-01 0.00000e+00 0.00000e+00 
1.81000e+02 2.01830e-01 1.90112e-01 0.00000e+00 0.00000e+00 
1.81500e+02 2.02453e-01 1.90695e-01 0.00000e+00 0.00000e+00 
1.82000e+02 2.03075e-01 1.91277e-01 0.00000e+00 0.00000e+00 
1.82500e+02 2.03694e-01 1.91859e-01 0.00000e+00 0.00000e+00 
1.83000e+02 2.04311e-01 1.92441e-01 0.00000e+00 0.00000e+00 
1.83500e+02 2.04927e-01 1.93023e-01 0.00000e+00 0.00000e+00 
1.84000e+02 2.05542e-01 1.93603e-01 0.00000e+00 0.00000e+00 
1.84500e+02 2.06155e-01 1.94183e-01 0.00000e+00 0.00000e+00 
1.85000e+02 2.06767e-01 1.94761e-01 0.00000e+00 0.00000e+00 
1.85500e+02 2.07379e-01 1.95337e-01 0.00000e+00 0.00000e+00 
1.86000e+02 2.07989e-01 1.95910e-01 0.00000e+00 0.00000e+00 
1.86500e+02 2.08599e-01 1.96481e-01 0.00000e+00 0.00000e+00 
1.87000e+02 2.09209e-01 1.97050e-01 0.00000e+00 0.00000e+00 
1.87500e+02 2.09817e-01 1.97615e-01 0.00000e+00 0.00000e+00 
1.88000e+02 2.10426e-01 1.98177e-01 0.00000e+00 0.00000e+00 
1.88500e+02 2.11034e-01 1.98737e-01 0.00000e+00 0.00000e+00 
1.89000e+02 2.11641e-01 1.99294e-01 0.00000e+00 0.00000e+00 
1.89500e+02 2.12248e-01 1.99847e-01 0.00000e+00 0.00000e+00 
1.90000e+02 2.12854e-01 2.00398e-01 0.00000e+00 0.00000e+00 
1.90500e+02 2.13460e-01 2.00946e-01 0.00000e+00 0.00000e+00 
1.91000e+02 2.14065e-01 2.01492e-01 0.00000e+00 0.00000e+00 
1.91500e+02 2.14669e-01 2.02035e-01 0.00000e+00 0.00000e+00 
1.92000e+02 2.15273e-01 2.02575e-01 0.00000e+00 0.00000e+00 
1.92500e+02 2.15876e-01 2.03113e-01 0.00000e+00 0.00000e+00 
1.93000e+02 2.16478e-01 2.03649e-01 0.00000e+00 0.00000e+00 
1.93500e+02 2.17078e-01 2.04183e-01 0.00000e+00 0.00000e+00 
1.94000e+02 2.17677e-01 2.04716e-01 0.00000e+00 0.00000e+00 
1.94500e+02 2.18275e-01 2.05249e-01 0.00000e+00 0.00000e+00 
1.95000e+02 2.18872e-01 2.05783e-01 0.00000e+00 0.00000e+00 
1.95500e+02 2.19466e-01 2.06319e-01 0.00000e+00 0.00000e+00 
1.96000e+02 2.20059e-01 2.06858e-01 0.00000e+00 0.00000e+00 
1.96500e+02 2.20650e-01 2.07401e-01 0.00000e+00 0.00000e+00 
1.97000e+02 2.21238e-01 2.07947e-01 0.00000e+00 0.00000e+00 
1.97500e+02 2.21824e-01 2.08498e-01 0.00000e+00 0.00000e+00 
1.98000e+02 2.22408e-01 2.09053e-01 0.00000e+00 0.00000e+00 
1.98500e+02 2.22989e-01 2.09613e-01 0.00000e+00 0.00000e+00 
1.99000e+02 2.23567e-01 2.10178e-01 0.00000e+00 0.00000e+00 
1.99500e+02 2.24142e-01 2.10749e-01 0.00000e+00 0.00000e+00 
2.00000e+02 2.24715e-01 2.11329e-01 0.00000e+00 0.00000e+00 
2.00500e+02 2.25284e-01 2.11917e-01 0.00000e+00 0.00000e+00 
2.01000e+02 2.25849e-01 2.12514e-01 0.00000e+00 0.00000e+00 
2.01500e+02 2.26412e-01 2.13118e-01 0.00000e+00 0.00000e+00 
2.02000e+02 2.26971e-01 2.13726e-01 0.00000e+00 0.00000e+00 
2.02500e+02 2.27526e-01 2.14332e-01 0.00000e+00 0.00000e+00 
2.03000e+02 2.28077e-01 2.14933e-01 0.00000e+00 0.00000e+00 
2.03500e+02 2.28625e-01 2.15522e-01 0.00000e+00 0.00000e+00 
2.04000e+02 2.29170e-01 2.16099e-01 0.00000e+00 0.00000e+00 
2.04500e+02 2.29710e-01 2.16661e-01 0.00000e+00 0.00000e+00 
2.05000e+02 2.30247e-01 2.17208e-01 0.00000e+00 0.00000e+00 
2.05500e+02 2.30779e-01 2.17742e-01 0.00000e+00 0.00000e+00 
2.06000e+02 2.31308e-01 2.18263e-01 0.00000e+00 0.00000e+00 
2.06500e+02 2.31833e-01 2.18774e-01 0.00000e+00 0.00000e+00 
2.07000e+02 2.32355e-01 2.19275e-01 0.00000e+00 0.00000e+00 
2.07500e+02 2.32872e-01 2.19770e-01 0.00000e+00 0.00000e+00 
2.08000e+02 2.33385e-01 2.20258e-01 0.00000e+00 0.00000e+00 
2.08500e+02 2.33895e-01 2.20741e-01 0.00000e+00 0.00000e+00 
2.09000e+02 2.34401e-01 2.21221e-01 0.00000e+00 0.00000e+00 
2.09500e+02 2.34902e-01 2.21697e-01 0.00000e+00 0.00000e+00 
2.10000e+02 2.35401e-01 2.22171e-01 0.00000e+00 0.00000e+00 
2.10500e+02 2.35895e-01 2.22643e-01 0.00000e+00 0.00000e+00 
2.11000e+02 2.36385e-01 2.23113e-01 0.00000e+00 0.00000e+00 
2.11500e+02 2.36872e-01 2.23582e-01 0.00000e+00 0.00000e+00 
2.12000e+02 2.37355e-01 2.24051e-01 0.00000e+00 0.00000e+00 
2.12500e+02 2.37835e-01 2.24519e-01 0.00000e+00 0.00000e+00 
2.13000e+02 2.38311e-01 2.24987e-01 0.00000e+00 0.00000e+00 
2.13500e+02 2.38783e-01 2.25454e-01 0.00000e+00 0.00000e+00 
2.14000e+02 2.39252e-01 2.25922e-01 0.00000e+00 0.00000e+00 
2.14500e+02 2.39718e-01 2.26389e-01 0.00000e+00 0.00000e+00 
2.15000e+02 2.40180e-01 2.26857e-01 0.00000e+00 0.00000e+00 
2.15500e+02 2.40639e-01 2.27325e-01 0.00000e+00 0.00000e+00 
2.16000e+02 2.41095e-01 2.27794e-01 0.00000e+00 0.00000e+00 
2.16500e+02 2.41547e-01 2.28262e-01 0.00000e+00 0.00000e+00 
2.17000e+02 2.41997e-01 2.28731e-01 0.00000e+00 0.00000e+00 
2.17500e+02 2.42444e-01 2.29200e-01 0.00000e+00 0.00000e+00 
2.18000e+02 2.42888e-01 2.29669e-01 0.00000e+00 0.00000e+00 
2.18500e+02 2.43329e-01 2.30139e-01 0.00000e+00 0.00000e+00 
2.19000e+02 2.43768e-01 2.30608e-01 0.00000e+00 0.00000e+00 
2.19500e+02 2.44204e-01 2.31078e-01 0.00000e+00 0.00000e+00 
2.20000e+02 2.44639e-01 2.31548e-01 0.00000e+00 0.00000e+00 
2.20500e+02 2.45070e-01 2.32017e-01 0.00000e+00 0.00000e+00 
2.21000e+02 2.45500e-01 2.32486e-01 0.00000e+00 0.00000e+00 
2.21500e+02 2.45928e-01 2.32955e-01 0.00000e+00 0.00000e+00 
2.22000e+02 2.46355e-01 2.33424e-01 0.00000e+00 0.00000e+00 
2.22500e+02 2.46780e-01 2.33892e-01 0.00000e+00 0.00000e+00 
2.23000e+02 2.47203e-01 2.34359e-01 0.00000e+00 0.00000e+00 
2.23500e+02 2.47625e-01 2.34826e-01 0.00000e+00 0.00000e+00 
2.24000e+02 2.48046e-01 2.35292e-01 0.00000e+00 0.00000e+00 
2.24500e+02 2.48466e-01 2.35757e-01 0.00000e+00 0.00000e+00 
2.25000e+02 2.48884e-01 2.36222e-01 0.00000e+00 0.00000e+00 
2.25500e+02 2.49302e-01 2.36685e-01 0.00000e+00 0.00000e+00 
2.26000e+02 2.49720e-01 2.37148e-01 0.00000e+00 0.00000e+00 
2.26500e+02 2.50136e-01 2.37609e-01 0.00000e+00 0.00000e+00 
2.27000e+02 2.50552e-01 2.38070e-01 0.00000e+00 0.00000e+00 
2.27500e+02 2.50968e-01 2.38529e-01 0.00000e+00 0.00000e+00 
2.28000e+02 2.51383e-01 2.38988e-01 0.00000e+00 0.00000e+00 
2.28500e+02 2.51798e-01 2.39445e-01 0.00000e+00 0.00000e+00 
2.29000e+02 2.52213e-01 2.39902e-01 0.00000e+00 0.00000e+00 
2.29500e+02 2.52628e-01 2.40357e-01 0.00000e+00 0.00000e+00 
2.30000e+02 2.53043e-01 2.40812e-01 0.00000e+00 0.00000e+00 
2.30500e+02 2.53459e-01 2.41265e-01 0.00000e+00 0.00000e+00 
2.31000e+02 2.53875e-01 2.41718e-01 0.00000e+00 0.00000e+00 
2.31500e+02 2.54291e-01 2.42170e-01 0.00000e+00 0.00000e+00 
2.32000e+02 2.54708e-01 2.42621e-01 0.00000e+00 0.00000e+00 
2.32500e+02 2.55125e-01 2.43071e-01 0.00000e+00 0.00000e+00 
2.33000e+02 2.55542e-01 2.43520e-01 0.00000e+00 0.00000e+00 
2.33500e+02 2.55961e-01 2.43968e-01 0.00000e+00 0.00000e+00 
2.34000e+02 2.56379e-01 2.44415e-01 0.00000e+00 0.00000e+00 
2.34500e+02 2.56798e-01 2.44861e-01 0.00000e+00 0.00000e+00 
2.35000e+02 2.57217e-01 2.45307e-01 0.00000e+00 0.00000e+00 
2.35500e+02 2.57635e-01 2.45751e-01 0.00000e+00 0.00000e+00 
2.36000e+02 2.58053e-01 2.46194e-01 0.00000e+00 0.00000e+00 
2.36500e+02 2.58470e-01 2.46636e-01 0.00000e+00 0.00000e+00 
2.37000e+02 2.58887e-01 2.47077e-01 0.00000e+00 0.00000e+00 
2.37500e+02 2.59302e-01 2.47516e-01 0.00000e+00 0.00000e+00 
2.38000e+02 2.59716e-01 2.47954e-01 0.00000e+00 0.00000e+00 
2.38500e+02 2.60128e-01 2.48391e-01 0.00000e+00 0.00000e+00 
2.39000e+02 2.60537e-01 2.48826e-01 0.00000e+00 0.00000e+00 
2.39500e+02 2.60945e-01 2.49259e-01 0.00000e+00 0.00000e+00 
2.40000e+02 2.61350e-01 2.49690e-01 0.00000e+00 0.00000e+00 
