0.00000e+00 0.00000e+00 0.00000e+00 0.00000e+00 0.00000e+00 
5.00000e-01 0.00000e+00 0.00000e+00 0.00000e+00 0.00000e+00 
1.00000e+00 0.00000e+00 0.00000e+00 0.00000e+00 0.00000e+00 
1.50000e+00 0.00000e+00 0.00000e+00 0.00000e+00 0.00000e+00 
2.00000e+00 0.00000e+00 0.00000e+00 0.00000e+00 0.00000e+00 
2.50000e+00 0.00000e+00 0.00000e+00 0.00000e+00 0.00000e+00 
3.00000e+00 0.00000e+00 0.00000e+00 0.00000e+00 0.00000e+00 
3.50000e+00 0.00000e+00 0.00000e+00 0.00000e+00 0.00000e+00 
4.00000e+00 0.00000e+00 0.00000e+00 0.00000e+00 0.00000e+00 
4.50000e+00 0.00000e+00 0.00000e+00 0.00000e+00 0.00000e+00 
5.00000e+00 0.00000e+00 0.00000e+00 0.00000e+00 0.00000e+00 
5.50000e+00 0.00000e+00 0.00000e+00 0.00000e+00 0.00000e+00 
6.00000e+00 0.00000e+00 0.00000e+00 0.00000e+00 0.00000e+00 
6.50000e+00 0.00000e+00 0.00000e+00 0.00000e+00 0.00000e+00 
7.00000e+00 0.00000e+00 0.00000e+00 0.00000e+00 0.00000e+00 
7.50000e+00 0.00000e+00 0.00000e+00 0.00000e+00 0.00000e+00 
8.00000e+00 0.00000e+00 0.00000e+00 0.00000e+00 0.00000e+00 
8.50000e+00 0.00000e+00 0.00000e+00 0.00000e+00 0.00000e+00 
9.00000e+00 0.00000e+00 0.00000e+00 0.00000e+00 0.00000e+00 
9.50000e+00 0.00000e+00 0.00000e+00 0.00000e+00 0.00000e+00 
1.00000e+01 0.00000e+00 0.00000e+00 0.00000e+00 0.00000e+00 
1.05000e+01 0.00000e+00 0.00000e+00 0.00000e+00 0.00000e+00 
1.10000e+01 0.00000e+00 0.00000e+00 0.00000e+00 0.00000e+00 
1.15000e+01 0.00000e+00 0.00000e+00 0.00000e+00 0.00000e+00 
1.20000e+01 0.00000e+00 0.00000e+00 0.00000e+00 0.00000e+00 
1.25000e+01 0.00000e+00 0.00000e+00 0.00000e+00 0.00000e+00 
1.30000e+01 0.00000e+00 0.00000e+00 0.00000e+00 0.00000e+00 
1.35000e+01 0.00000e+00 0.00000e+00 0.00000e+00 0.00000e+00 
1.40000e+01 0.00000e+00 0.00000e+00 0.00000e+00 0.00000e+00 
1.45000e+01 0.00000e+00 0.00000e+00 0.00000e+00 0.00000e+00 
1.50000e+01 0.00000e+00 0.00000e+00 0.00000e+00 0.00000e+00 
1.55000e+01 0.00000e+00 0.00000e+00 0.00000e+00 0.00000e+00 
1.60000e+01 0.00000e+00 0.00000e+00 0.00000e+00 0.00000e+00 
1.65000e+01 0.00000e+00 0.00000e+00 0.00000e+00 0.00000e+00 
1.70000e+01 0.00000e+00 0.00000e+00 0.00000e+00 0.00000e+00 
1.75000e+01 0.00000e+00 0.00000e+00 0.00000e+00 0.00000e+00 
1.80000e+01 0.00000e+00 0.00000e+00 0.00000e+00 0.00000e+00 
1.85000e+01 0.00000e+00 0.00000e+00 0.00000e+00 0.00000e+00 
1.90000e+01 0.00000e+00 0.00000e+00 0.00000e+00 0.00000e+00 
1.95000e+01 0.00000e+00 0.00000e+00 0.00000e+00 0.00000e+00 
2.00000e+01 0.00000e+00 0.00000e+00 0.00000e+00 0.00000e+00 
2.05000e+01 0.00000e+00 0.00000e+00 0.00000e+00 0.00000e+00 
2.10000e+01 0.00000e+00 0.00000e+00 0.00000e+00 0.00000e+00 
2.15000e+01 0.00000e+00 0.00000e+00 0.00000e+00 0.00000e+00 
2.20000e+01 0.00000e+00 0.00000e+00 0.00000e+00 0.00000e+00 
2.25000e+01 0.00000e+00 0.00000e+00 0.00000e+00 0.00000e+00 
2.30000e+01 0.00000e+00 0.00000e+00 0.00000e+00 0.00000e+00 
2.35000e+01 0.00000e+00 0.00000e+00 0.00000e+00 0.00000e+00 
2.40000e+01 0.00000e+00 0.00000e+00 0.00000e+00 0.00000e+00 
2.45000e+01 0.00000e+00 0.00000e+00 0.00000e+00 0.00000e+00 
2.50000e+01 0.00000e+00 0.00000e+00 0.00000e+00 0.00000e+00 
2.55000e+01 0.00000e+00 0.00000e+00 0.00000e+00 0.00000e+00 
2.60000e+01 0.00000e+00 0.00000e+00 0.00000e+00 0.00000e+00 
2.65000e+01 0.00000e+00 0.00000e+00 0.00000e+00 0.00000e+00 
2.70000e+01 0.00000e+00 0.00000e+00 0.00000e+00 0.00000e+00 
2.75000e+01 0.00000e+00 0.00000e+00 0.00000e+00 0.00000e+00 
2.80000e+01 0.00000e+00 0.00000e+00 0.00000e+00 0.00000e+00 
2.85000e+01 0.00000e+00 0.00000e+00 0.00000e+00 0.00000e+00 
2.90000e+01 0.00000e+00 0.00000e+00 0.00000e+00 0.00000e+00 
2.95000e+01 0.00000e+00 0.00000e+00 0.00000e+00 0.00000e+00 
3.00000e+01 0.00000e+00 0.00000e+00 0.00000e+00 0.00000e+00 
3.05000e+01 0.00000e+00 0.00000e+00 0.00000e+00 0.00000e+00 
3.10000e+01 0.00000e+00 0.00000e+00 0.00000e+00 0.00000e+00 
3.15000e+01 0.00000e+00 0.00000e+00 0.00000e+00 0.00000e+00 
3.20000e+01 0.00000e+00 0.00000e+00 0.00000e+00 0.00000e+00 
3.25000e+01 0.00000e+00 0.00000e+00 0.00000e+00 0.00000e+00 
3.30000e+01 0.00000e+00 0.00000e+00 0.00000e+00 0.00000e+00 
3.35000e+01 0.00000e+00 0.00000e+00 0.00000e+00 0.00000e+00 
3.40000e+01 0.00000e+00 0.00000e+00 0.00000e+00 0.00000e+00 
3.45000e+01 0.00000e+00 0.00000e+00 0.00000e+00 0.00000e+00 
3.50000e+01 0.00000e+00 0.00000e+00 0.00000e+00 0.00000e+00 
3.55000e+01 0.00000e+00 0.00000e+00 0.00000e+00 0.00000e+00 
3.60000e+01 0.00000e+00 0.00000e+00 0.00000e+00 0.00000e+00 
3.65000e+01 0.00000e+00 0.00000e+00 0.00000e+00 0.00000e+00 
3.70000e+01 0.00000e+00 0.00000e+00 0.00000e+00 0.00000e+00 
3.75000e+01 0.00000e+00 0.00000e+00 0.00000e+00 0.00000e+00 
3.80000e+01 0.00000e+00 0.00000e+00 0.00000e+00 0.00000e+00 
3.85000e+01 0.00000e+00 0.00000e+00 0.00000e+00 0.00000e+00 
3.90000e+01 0.00000e+00 0.00000e+00 0.00000e+00 0.00000e+00 
3.95000e+01 0.00000e+00 0.00000e+00 0.00000e+00 0.00000e+00 
4.00000e+01 0.00000e+00 0.00000e+00 0.00000e+00 0.00000e+00 
4.05000e+01 0.00000e+00 0.00000e+00 0.00000e+00 0.00000e+00 
4.10000e+01 0.00000e+00 0.00000e+00 0.00000e+00 0.00000e+00 
4.15000e+01 0.00000e+00 0.00000e+00 0.00000e+00 0.00000e+00 
4.20000e+01 0.00000e+00 0.00000e+00 0.00000e+00 0.00000e+00 
4.25000e+01 0.00000e+00 0.00000e+00 0.00000e+00 0.00000e+00 
4.30000e+01 0.00000e+00 0.00000e+00 0.00000e+00 0.00000e+00 
4.35000e+01 0.00000e+00 0.00000e+00 0.00000e+00 0.00000e+00 
4.40000e+01 0.00000e+00 0.00000e+00 0.00000e+00 0.00000e+00 
4.45000e+01 0.00000e+00 0.00000e+00 0.00000e+00 0.00000e+00 
4.50000e+01 0.00000e+00 0.00000e+00 0.00000e+00 0.00000e+00 
4.55000e+01 0.00000e+00 0.00000e+00 0.00000e+00 0.00000e+00 
4.60000e+01 0.00000e+00 0.00000e+00 0.00000e+00 0.00000e+00 
4.65000e+01 0.00000e+00 0.00000e+00 0.00000e+00 0.00000e+00 
4.70000e+01 0.00000e+00 0.00000e+00 0.00000e+00 0.00000e+00 
4.75000e+01 0.00000e+00 0.00000e+00 0.00000e+00 0.00000e+00 
4.80000e+01 0.00000e+00 0.00000e+00 0.00000e+00 0.00000e+00 
4.85000e+01 0.00000e+00 0.00000e+00 0.00000e+00 0.00000e+00 
4.90000e+01 0.00000e+00 0.00000e+00 0.00000e+00 0.00000e+00 
4.95000e+01 0.00000e+00 0.00000e+00 0.00000e+00 0.00000e+00 
5.00000e+01 0.00000e+00 0.00000e+00 0.00000e+00 0.00000e+00 
5.05000e+01 0.00000e+00 0.00000e+00 0.00000e+00 0.00000e+00 
5.10000e+01 0.00000e+00 0.00000e+00 0.00000e+00 0.00000e+00 
5.15000e+01 0.00000e+00 0.00000e+00 0.00000e+00 0.00000e+00 
5.20000e+01 0.00000e+00 0.00000e+00 0.00000e+00 0.00000e+00 
5.25000e+01 0.00000e+00 0.00000e+00 0.00000e+00 0.00000e+00 
5.30000e+01 0.00000e+00 0.00000e+00 0.00000e+00 0.00000e+00 
5.35000e+01 0.00000e+00 0.00000e+00 0.00000e+00 0.00000e+00 
5.40000e+01 0.00000e+00 0.00000e+00 0.00000e+00 0.00000e+00 
5.45000e+01 0.00000e+00 0.00000e+00 0.00000e+00 0.00000e+00 
5.50000e+01 0.00000e+00 0.00000e+00 0.00000e+00 0.00000e+00 
5.55000e+01 0.00000e+00 0.00000e+00 0.00000e+00 0.00000e+00 
5.60000e+01 0.00000e+00 0.00000e+00 0.00000e+00 0.00000e+00 
5.65000e+01 0.00000e+00 0.00000e+00 0.00000e+00 0.00000e+00 
5.70000e+01 0.00000e+00 0.00000e+00 0.00000e+00 0.00000e+00 
5.75000e+01 0.00000e+00 0.00000e+00 0.00000e+00 0.00000e+00 
5.80000e+01 0.00000e+00 0.00000e+00 0.00000e+00 0.00000e+00 
5.85000e+01 0.00000e+00 0.00000e+00 0.00000e+00 0.00000e+00 
5.90000e+01 0.00000e+00 0.00000e+00 0.00000e+00 0.00000e+00 
5.95000e+01 0.00000e+00 0.00000e+00 0.00000e+00 0.00000e+00 
6.00000e+01 0.00000e+00 0.00000e+00 0.00000e+00 0.00000e+00 
6.05000e+01 0.00000e+00 0.00000e+00 0.00000e+00 0.00000e+00 
6.10000e+01 0.00000e+00 0.00000e+00 0.00000e+00 0.00000e+00 
6.15000e+01 0.00000e+00 0.00000e+00 0.00000e+00 0.00000e+00 
6.20000e+01 0.00000e+00 0.00000e+00 0.00000e+00 0.00000e+00 
6.25000e+01 0.00000e+00 0.00000e+00 0.00000e+00 0.00000e+00 
6.30000e+01 0.00000e+00 0.00000e+00 0.00000e+00 0.00000e+00 
6.35000e+01 0.00000e+00 0.00000e+00 0.00000e+00 0.00000e+00 
6.40000e+01 0.00000e+00 0.00000e+00 0.00000e+00 0.00000e+00 
6.45000e+01 0.00000e+00 0.00000e+00 0.00000e+00 0.00000e+00 
6.50000e+01 0.00000e+00 0.00000e+00 0.00000e+00 0.00000e+00 
6.55000e+01 0.00000e+00 0.00000e+00 0.00000e+00 0.00000e+00 
6.60000e+01 0.00000e+00 0.00000e+00 0.00000e+00 0.00000e+00 
6.65000e+01 0.00000e+00 0.00000e+00 0.00000e+00 0.00000e+00 
6.70000e+01 0.00000e+00 0.00000e+00 0.00000e+00 0.00000e+00 
6.75000e+01 0.00000e+00 0.00000e+00 0.00000e+00 0.00000e+00 
6.80000e+01 0.00000e+00 0.00000e+00 0.00000e+00 0.00000e+00 
6.85000e+01 0.00000e+00 0.00000e+00 0.00000e+00 0.00000e+00 
6.90000e+01 0.00000e+00 0.00000e+00 0.00000e+00 0.00000e+00 
6.95000e+01 0.00000e+00 0.00000e+00 0.00000e+00 0.00000e+00 
7.00000e+01 0.00000e+00 0.00000e+00 0.00000e+00 0.00000e+00 
7.05000e+01 0.00000e+00 0.00000e+00 0.00000e+00 0.00000e+00 
7.10000e+01 0.00000e+00 0.00000e+00 0.00000e+00 0.00000e+00 
7.15000e+01 0.00000e+00 0.00000e+00 0.00000e+00 0.00000e+00 
7.20000e+01 0.00000e+00 0.00000e+00 0.00000e+00 0.00000e+00 
7.25000e+01 0.00000e+00 0.00000e+00 0.00000e+00 0.00000e+00 
7.30000e+01 0.00000e+00 0.00000e+00 0.00000e+00 0.00000e+00 
7.35000e+01 0.00000e+00 0.00000e+00 0.00000e+00 0.00000e+00 
7.40000e+01 0.00000e+00 0.00000e+00 0.00000e+00 0.00000e+00 
7.45000e+01 0.00000e+00 0.00000e+00 0.00000e+00 0.00000e+00 
7.50000e+01 0.00000e+00 0.00000e+00 0.00000e+00 0.00000e+00 
7.55000e+01 0.00000e+00 0.00000e+00 0.00000e+00 0.00000e+00 
7.60000e+01 0.00000e+00 0.00000e+00 0.00000e+00 0.00000e+00 
7.65000e+01 0.00000e+00 0.00000e+00 0.00000e+00 0.00000e+00 
7.70000e+01 0.00000e+00 0.00000e+00 0.00000e+00 0.00000e+00 
7.75000e+01 0.00000e+00 0.00000e+00 0.00000e+00 0.00000e+00 
7.80000e+01 0.00000e+00 0.00000e+00 0.00000e+00 0.00000e+00 
7.85000e+01 0.00000e+00 0.00000e+00 0.00000e+00 0.00000e+00 
7.90000e+01 0.00000e+00 0.00000e+00 0.00000e+00 0.00000e+00 
7.95000e+01 0.00000e+00 0.00000e+00 0.00000e+00 0.00000e+00 
8.00000e+01 0.00000e+00 0.00000e+00 0.00000e+00 0.00000e+00 
8.05000e+01 0.00000e+00 0.00000e+00 0.00000e+00 0.00000e+00 
8.10000e+01 0.00000e+00 0.00000e+00 0.00000e+00 0.00000e+00 
8.15000e+01 0.00000e+00 0.00000e+00 0.00000e+00 0.00000e+00 
8.20000e+01 0.00000e+00 0.00000e+00 0.00000e+00 0.00000e+00 
8.25000e+01 0.00000e+00 0.00000e+00 0.00000e+00 0.00000e+00 
8.30000e+01 0.00000e+00 0.00000e+00 0.00000e+00 0.00000e+00 
8.35000e+01 0.00000e+00 0.00000e+00 0.00000e+00 0.00000e+00 
8.40000e+01 0.00000e+00 0.00000e+00 0.00000e+00 0.00000e+00 
8.45000e+01 0.00000e+00 0.00000e+00 0.00000e+00 0.00000e+00 
8.50000e+01 0.00000e+00 0.00000e+00 0.00000e+00 0.00000e+00 
8.55000e+01 0.00000e+00 0.00000e+00 0.00000e+00 0.00000e+00 
8.60000e+01 0.00000e+00 0.00000e+00 0.00000e+00 0.00000e+00 
8.65000e+01 0.00000e+00 0.00000e+00 0.00000e+00 0.00000e+00 
8.70000e+01 0.00000e+00 0.00000e+00 0.00000e+00 0.00000e+00 
8.75000e+01 0.00000e+00 0.00000e+00 0.00000e+00 0.00000e+00 
8.80000e+01 0.00000e+00 0.00000e+00 0.00000e+00 0.00000e+00 
8.85000e+01 0.00000e+00 0.00000e+00 0.00000e+00 0.00000e+00 
8.90000e+01 0.00000e+00 0.00000e+00 0.00000e+00 0.00000e+00 
8.95000e+01 0.00000e+00 0.00000e+00 0.00000e+00 0.00000e+00 
9.00000e+01 0.00000e+00 0.00000e+00 0.00000e+00 0.00000e+00 
9.05000e+01 0.00000e+00 0.00000e+00 0.00000e+00 0.00000e+00 
9.10000e+01 0.00000e+00 0.00000e+00 0.00000e+00 0.00000e+00 
9.15000e+01 0.00000e+00 0.00000e+00 0.00000e+00 0.00000e+00 
9.20000e+01 0.00000e+00 0.00000e+00 0.00000e+00 0.00000e+00 
9.25000e+01 0.00000e+00 0.00000e+00 0.00000e+00 0.00000e+00 
9.30000e+01 0.00000e+00 0.00000e+00 0.00000e+00 0.00000e+00 
9.35000e+01 0.00000e+00 0.00000e+00 0.00000e+00 0.00000e+00 
9.40000e+01 0.00000e+00 0.00000e+00 0.00000e+00 0.00000e+00 
9.45000e+01 0.00000e+00 0.00000e+00 0.00000e+00 0.00000e+00 
9.50000e+01 0.00000e+00 0.00000e+00 0.00000e+00 0.00000e+00 
9.55000e+01 0.00000e+00 0.00000e+00 0.00000e+00 0.00000e+00 
9.60000e+01 0.00000e+00 0.00000e+00 0.00000e+00 0.00000e+00 
9.65000e+01 0.00000e+00 0.00000e+00 0.00000e+00 0.00000e+00 
9.70000e+01 0.00000e+00 0.00000e+00 0.00000e+00 0.00000e+00 
9.75000e+01 0.00000e+00 0.00000e+00 0.00000e+00 0.00000e+00 
9.80000e+01 0.00000e+00 0.00000e+00 0.00000e+00 0.00000e+00 
9.85000e+01 0.00000e+00 0.00000e+00 0.00000e+00 0.00000e+00 
9.90000e+01 0.00000e+00 0.00000e+00 0.00000e+00 0.00000e+00 
9.95000e+01 0.00000e+00 0.00000e+00 0.00000e+00 0.00000e+00 
1.00000e+02 0.00000e+00 0.00000e+00 0.00000e+00 0.00000e+00 
1.00500e+02 0.00000e+00 0.00000e+00 0.00000e+00 0.00000e+00 
1.01000e+02 0.00000e+00 0.00000e+00 0.00000e+00 0.00000e+00 
1.01500e+02 0.00000e+00 0.00000e+00 0.00000e+00 0.00000e+00 
1.02000e+02 0.00000e+00 0.00000e+00 0.00000e+00 0.00000e+00 
1.02500e+02 0.00000e+00 0.00000e+00 0.00000e+00 0.00000e+00 
1.03000e+02 0.00000e+00 0.00000e+00 0.00000e+00 0.00000e+00 
1.03500e+02 0.00000e+00 0.00000e+00 0.00000e+00 0.00000e+00 
1.04000e+02 0.00000e+00 0.00000e+00 0.00000e+00 0.00000e+00 
1.04500e+02 0.00000e+00 0.00000e+00 0.00000e+00 0.00000e+00 
1.05000e+02 0.00000e+00 0.00000e+00 0.00000e+00 0.00000e+00 
1.05500e+02 0.00000e+00 0.00000e+00 0.00000e+00 0.00000e+00 
1.06000e+02 0.00000e+00 0.00000e+00 0.00000e+00 0.00000e+00 
1.06500e+02 0.00000e+00 0.00000e+00 0.00000e+00 0.00000e+00 
1.07000e+02 0.00000e+00 0.00000e+00 0.00000e+00 0.00000e+00 
1.07500e+02 0.00000e+00 0.00000e+00 0.00000e+00 0.00000e+00 
1.08000e+02 0.00000e+00 0.00000e+00 0.00000e+00 0.00000e+00 
1.08500e+02 0.00000e+00 0.00000e+00 0.00000e+00 0.00000e+00 
1.09000e+02 0.00000e+00 0.00000e+00 0.00000e+00 0.00000e+00 
1.09500e+02 0.00000e+00 0.00000e+00 0.00000e+00 0.00000e+00 
1.10000e+02 0.00000e+00 0.00000e+00 0.00000e+00 0.00000e+00 
1.10500e+02 0.00000e+00 0.00000e+00 0.00000e+00 0.00000e+00 
1.11000e+02 0.00000e+00 0.00000e+00 0.00000e+00 0.00000e+00 
1.11500e+02 0.00000e+00 0.00000e+00 0.00000e+00 0.00000e+00 
1.12000e+02 0.00000e+00 0.00000e+00 0.00000e+00 0.00000e+00 
1.12500e+02 0.00000e+00 0.00000e+00 0.00000e+00 0.00000e+00 
1.13000e+02 0.00000e+00 0.00000e+00 0.00000e+00 0.00000e+00 
1.13500e+02 0.00000e+00 0.00000e+00 0.00000e+00 0.00000e+00 
1.14000e+02 0.00000e+00 0.00000e+00 0.00000e+00 0.00000e+00 
1.14500e+02 0.00000e+00 0.00000e+00 0.00000e+00 0.00000e+00 
1.15000e+02 0.00000e+00 0.00000e+00 0.00000e+00 0.00000e+00 
1.15500e+02 0.00000e+00 0.00000e+00 0.00000e+00 0.00000e+00 
1.16000e+02 0.00000e+00 0.00000e+00 0.00000e+00 0.00000e+00 
1.16500e+02 0.00000e+00 0.00000e+00 0.00000e+00 0.00000e+00 
1.17000e+02 0.00000e+00 0.00000e+00 0.00000e+00 0.00000e+00 
1.17500e+02 0.00000e+00 0.00000e+00 0.00000e+00 0.00000e+00 
1.18000e+02 0.00000e+00 0.00000e+00 0.00000e+00 0.00000e+00 
1.18500e+02 0.00000e+00 0.00000e+00 0.00000e+00 0.00000e+00 
1.19000e+02 0.00000e+00 0.00000e+00 0.00000e+00 0.00000e+00 
1.19500e+02 0.00000e+00 0.00000e+00 0.00000e+00 0.00000e+00 
1.20000e+02 0.00000e+00 0.00000e+00 0.00000e+00 0.00000e+00 
1.20500e+02 0.00000e+00 0.00000e+00 0.00000e+00 0.00000e+00 
1.21000e+02 0.00000e+00 0.00000e+00 0.00000e+00 0.00000e+00 
1.21500e+02 0.00000e+00 0.00000e+00 0.00000e+00 0.00000e+00 
1.22000e+02 0.00000e+00 0.00000e+00 0.00000e+00 0.00000e+00 
1.22500e+02 0.00000e+00 0.00000e+00 0.00000e+00 0.00000e+00 
1.23000e+02 0.00000e+00 0.00000e+00 0.00000e+00 0.00000e+00 
1.23500e+02 0.00000e+00 0.00000e+00 0.00000e+00 0.00000e+00 
1.24000e+02 0.00000e+00 0.00000e+00 0.00000e+00 0.00000e+00 
1.24500e+02 0.00000e+00 3.40941e-159 0.00000e+00 0.00000e+00 
1.25000e+02 0.00000e+00 7.40079e-47 0.00000e+00 0.00000e+00 
1.25500e+02 0.00000e+00 5.34209e-12 0.00000e+00 0.00000e+00 
1.26000e+02 0.00000e+00 4.31965e-03 0.00000e+00 0.00000e+00 
1.26500e+02 0.00000e+00 6.21086e-02 0.00000e+00 0.00000e+00 
1.27000e+02 0.00000e+00 7.36576e-02 0.00000e+00 0.00000e+00 
1.27500e+02 0.00000e+00 7.99430e-02 0.00000e+00 0.00000e+00 
1.28000e+02 0.00000e+00 8.46704e-02 0.00000e+00 0.00000e+00 
1.28500e+02 0.00000e+00 8.84506e-02 0.00000e+00 0.00000e+00 
1.29000e+02 0.00000e+00 9.14731e-02 0.00000e+00 0.00000e+00 
1.29500e+02 0.00000e+00 9.39270e-02 0.00000e+00 0.00000e+00 
1.30000e+02 0.00000e+00 9.60318e-02 0.00000e+00 0.00000e+00 
1.30500e+02 0.00000e+00 9.80234e-02 0.00000e+00 0.00000e+00 
1.31000e+02 0.00000e+00 1.00058e-01 0.00000e+00 0.00000e+00 
1.31500e+02 0.00000e+00 1.02064e-01 0.00000e+00 0.00000e+00 
1.32000e+02 2.18328e-281 1.03869e-01 0.00000e+00 0.00000e+00 
1.32500e+02 6.23647e-130 1.05417e-01 0.00000e+00 0.00000e+00 
1.33000e+02 5.34066e-56 1.06756e-01 0.00000e+00 0.00000e+00 
1.33500e+02 1.66158e-22 1.07949e-01 0.00000e+00 0.00000e+00 
1.34000e+02 3.65545e-08 1.09040e-01 0.00000e+00 0.00000e+00 
1.34500e+02 6.29776e-03 1.10058e-01 0.00000e+00 0.00000e+00 
1.35000e+02 5.37888e-02 1.11023e-01 0.00000e+00 0.00000e+00 
1.35500e+02 6.54821e-02 1.11946e-01 0.00000e+00 0.00000e+00 
1.36000e+02 7.08786e-02 1.12833e-01 0.00000e+00 0.00000e+00 
1.36500e+02 7.45109e-02 1.13691e-01 0.00000e+00 0.00000e+00 
1.37000e+02 7.73156e-02 1.14524e-01 0.00000e+00 0.00000e+00 
1.37500e+02 7.96464e-02 1.15337e-01 0.00000e+00 0.00000e+00 
1.38000e+02 8.16759e-02 1.16133e-01 0.00000e+00 0.00000e+00 
1.38500e+02 8.34985e-02 1.16915e-01 0.00000e+00 0.00000e+00 
1.39000e+02 8.51701e-02 1.17686e-01 0.00000e+00 0.00000e+00 
1.39500e+02 8.67269e-02 1.18446e-01 0.00000e+00 0.00000e+00 
1.40000e+02 8.81931e-02 1.19199e-01 0.00000e+00 0.00000e+00 
1.40500e+02 8.95850e-02 1.19945e-01 0.00000e+00 0.00000e+00 
1.41000e+02 9.09142e-02 1.20686e-01 0.00000e+00 0.00000e+00 
1.41500e+02 9.21888e-02 1.21424e-01 0.00000e+00 0.00000e+00 
1.42000e+02 9.34156e-02 1.22159e-01 0.00000e+00 0.00000e+00 
1.42500e+02 9.46002e-02 1.22893e-01 0.00000e+00 0.00000e+00 
1.43000e+02 9.57478e-02 1.23627e-01 0.00000e+00 0.00000e+00 
1.43500e+02 9.68631e-02 1.24361e-01 0.00000e+00 0.00000e+00 
1.44000e+02 9.79504e-02 1.25097e-01 0.00000e+00 0.00000e+00 
1.44500e+02 9.90134e-02 1.25834e-01 0.00000e+00 0.00000e+00 
1.45000e+02 1.00055e-01 1.26574e-01 0.00000e+00 0.00000e+00 
1.45500e+02 1.01079e-01 1.27316e-01 0.00000e+00 0.00000e+00 
1.46000e+02 1.02086e-01 1.28061e-01 0.00000e+00 0.00000e+00 
1.46500e+02 1.03078e-01 1.28809e-01 0.00000e+00 0.00000e+00 
1.47000e+02 1.04058e-01 1.29559e-01 0.00000e+00 0.00000e+00 
1.47500e+02 1.05027e-01 1.30312e-01 0.00000e+00 0.00000e+00 
1.48000e+02 1.05986e-01 1.31067e-01 0.00000e+00 0.00000e+00 
1.48500e+02 1.06936e-01 1.31824e-01 0.00000e+00 0.00000e+00 
1.49000e+02 1.07877e-01 1.32583e-01 0.00000e+00 0.00000e+00 
1.49500e+02 1.08810e-01 1.33343e-01 0.00000e+00 0.00000e+00 
1.50000e+02 1.09736e-01 1.34103e-01 0.00000e+00 0.00000e+00 
1.50500e+02 1.10655e-01 1.34864e-01 0.00000e+00 0.00000e+00 
1.51000e+02 1.11567e-01 1.35624e-01 0.00000e+00 0.00000e+00 
1.51500e+02 1.12472e-01 1.36383e-01 0.00000e+00 0.00000e+00 
1.52000e+02 1.13370e-01 1.37141e-01 0.00000e+00 0.00000e+00 
1.52500e+02 1.14262e-01 1.37897e-01 0.00000e+00 0.00000e+00 
1.53000e+02 1.15148e-01 1.38651e-01 0.00000e+00 0.00000e+00 
1.53500e+02 1.16028e-01 1.39404e-01 0.00000e+00 0.00000e+00 
1.54000e+02 1.16904e-01 1.40154e-01 0.00000e+00 0.00000e+00 
1.54500e+02 1.17775e-01 1.40902e-01 0.00000e+00 0.00000e+00 
1.55000e+02 1.18644e-01 1.41649e-01 0.00000e+00 0.00000e+00 
1.55500e+02 1.19512e-01 1.42393e-01 0.00000e+00 0.00000e+00 
1.56000e+02 1.20378e-01 1.43136e-01 0.00000e+00 0.00000e+00 
1.56500e+02 1.21246e-01 1.43877e-01 0.00000e+00 0.00000e+00 
1.57000e+02 1.22115e-01 1.44616e-01 0.00000e+00 0.00000e+00 
1.57500e+02 1.22988e-01 1.45353e-01 0.00000e+00 0.00000e+00 
1.58000e+02 1.23864e-01 1.46089e-01 0.00000e+00 0.00000e+00 
1.58500e+02 1.24746e-01 1.46822e-01 0.00000e+00 0.00000e+00 
1.59000e+02 1.25633e-01 1.47552e-01 0.00000e+00 0.00000e+00 
1.59500e+02 1.26526e-01 1.48280e-01 0.00000e+00 0.00000e+00 
1.60000e+02 1.27425e-01 1.49003e-01 0.00000e+00 0.00000e+00 
1.60500e+02 1.28328e-01 1.49723e-01 0.00000e+00 0.00000e+00 
1.61000e+02 1.29236e-01 1.50439e-01 0.00000e+00 0.00000e+00 
1.61500e+02 1.30146e-01 1.51150e-01 0.00000e+00 0.00000e+00 
1.62000e+02 1.31056e-01 1.51855e-01 0.00000e+00 0.00000e+00 
1.62500e+02 1.31965e-01 1.52556e-01 0.00000e+00 0.00000e+00 
1.63000e+02 1.32871e-01 1.53250e-01 0.00000e+00 0.00000e+00 
1.63500e+02 1.33773e-01 1.53939e-01 0.00000e+00 0.00000e+00 
1.64000e+02 1.34667e-01 1.54622e-01 0.00000e+00 0.00000e+00 
1.64500e+02 1.35554e-01 1.55298e-01 0.00000e+00 0.00000e+00 
1.65000e+02 1.36432e-01 1.55969e-01 0.00000e+00 0.00000e+00 
1.65500e+02 1.37300e-01 1.56634e-01 0.00000e+00 0.00000e+00 
1.66000e+02 1.38159e-01 1.57292e-01 0.00000e+00 0.00000e+00 
1.66500e+02 1.39006e-01 1.57945e-01 0.00000e+00 0.00000e+00 
1.67000e+02 1.39842e-01 1.58592e-01 0.00000e+00 0.00000e+00 
1.67500e+02 1.40666e-01 1.59234e-01 0.00000e+00 0.00000e+00 
1.68000e+02 1.41478e-01 1.59871e-01 0.00000e+00 0.00000e+00 
1.68500e+02 1.42278e-01 1.60502e-01 0.00000e+00 0.00000e+00 
1.69000e+02 1.43064e-01 1.61128e-01 0.00000e+00 0.00000e+00 
1.69500e+02 1.43836e-01 1.61750e-01 0.00000e+00 0.00000e+00 
1.70000e+02 1.44595e-01 1.62368e-01 0.00000e+00 0.00000e+00 
1.70500e+02 1.45339e-01 1.62980e-01 0.00000e+00 0.00000e+00 
1.71000e+02 1.46070e-01 1.63589e-01 0.00000e+00 0.00000e+00 
1.71500e+02 1.46786e-01 1.64193e-01 0.00000e+00 0.00000e+00 
1.72000e+02 1.47490e-01 1.64793e-01 0.00000e+00 0.00000e+00 
1.72500e+02 1.48180e-01 1.65388e-01 0.00000e+00 0.00000e+00 
1.73000e+02 1.48858e-01 1.65980e-01 0.00000e+00 0.00000e+00 
1.73500e+02 1.49524e-01 1.66567e-01 0.00000e+00 0.00000e+00 
1.74000e+02 1.50178e-01 1.67149e-01 0.00000e+00 0.00000e+00 
1.74500e+02 1.50820e-01 1.67726e-01 0.00000e+00 0.00000e+00 
1.75000e+02 1.51451e-01 1.68299e-01 0.00000e+00 0.00000e+00 
1.75500e+02 1.52070e-01 1.68867e-01 0.00000e+00 0.00000e+00 
1.76000e+02 1.52677e-01 1.69429e-01 0.00000e+00 0.00000e+00 
1.76500e+02 1.53273e-01 1.69986e-01 0.00000e+00 0.00000e+00 
1.77000e+02 1.53857e-01 1.70538e-01 0.00000e+00 0.00000e+00 
1.77500e+02 1.54430e-01 1.71084e-01 0.00000e+00 0.00000e+00 
1.78000e+02 1.54992e-01 1.71624e-01 0.00000e+00 0.00000e+00 
1.78500e+02 1.55543e-01 1.72158e-01 0.00000e+00 0.00000e+00 
1.79000e+02 1.56084e-01 1.72686e-01 0.00000e+00 0.00000e+00 
1.79500e+02 1.56617e-01 1.73207e-01 0.00000e+00 0.00000e+00 
1.80000e+02 1.57141e-01 1.73722e-01 0.00000e+00 0.00000e+00 
1.80500e+02 1.57659e-01 1.74231e-01 0.00000e+00 0.00000e+00 
1.81000e+02 1.58171e-01 1.74733e-01 0.00000e+00 0.00000e+00 
1.81500e+02 1.58677e-01 1.75229e-01 0.00000e+00 0.00000e+00 
1.82000e+02 1.59179e-01 1.75718e-01 0.00000e+00 0.00000e+00 
1.82500e+02 1.59676e-01 1.76200e-01 0.00000e+00 0.00000e+00 
1.83000e+02 1.60169e-01 1.76675e-01 0.00000e+00 0.00000e+00 
1.83500e+02 1.60658e-01 1.77143e-01 0.00000e+00 0.00000e+00 
1.84000e+02 1.61144e-01 1.77604e-01 0.00000e+00 0.00000e+00 
1.84500e+02 1.61625e-01 1.78058e-01 0.00000e+00 0.00000e+00 
1.85000e+02 1.62103e-01 1.78506e-01 0.00000e+00 0.00000e+00 
1.85500e+02 1.62577e-01 1.78946e-01 0.00000e+00 0.00000e+00 
1.86000e+02 1.63046e-01 1.79379e-01 0.00000e+00 0.00000e+00 
1.86500e+02 1.63512e-01 1.79804e-01 0.00000e+00 0.00000e+00 
1.87000e+02 1.63972e-01 1.80223e-01 0.00000e+00 0.00000e+00 
1.87500e+02 1.64428e-01 1.80634e-01 0.00000e+00 0.00000e+00 
1.88000e+02 1.64879e-01 1.81039e-01 0.00000e+00 0.00000e+00 
1.88500e+02 1.65324e-01 1.81436e-01 0.00000e+00 0.00000e+00 
1.89000e+02 1.65764e-01 1.81827e-01 0.00000e+00 0.00000e+00 
1.89500e+02 1.66198e-01 1.82212e-01 0.00000e+00 0.00000e+00 
1.90000e+02 1.66625e-01 1.82591e-01 0.00000e+00 0.00000e+00 
1.90500e+02 1.67045e-01 1.82966e-01 0.00000e+00 0.00000e+00 
1.91000e+02 1.67459e-01 1.83338e-01 0.00000e+00 0.00000e+00 
1.91500e+02 1.67866e-01 1.83708e-01 0.00000e+00 0.00000e+00 
1.92000e+02 1.68265e-01 1.84079e-01 0.00000e+00 0.00000e+00 
1.92500e+02 1.68658e-01 1.84451e-01 0.00000e+00 0.00000e+00 
1.93000e+02 1.69043e-01 1.84829e-01 0.00000e+00 0.00000e+00 
1.93500e+02 1.69422e-01 1.85215e-01 0.00000e+00 0.00000e+00 
1.94000e+02 1.69793e-01 1.85612e-01 0.00000e+00 0.00000e+00 
1.94500e+02 1.70156e-01 1.86023e-01 0.00000e+00 0.00000e+00 
1.95000e+02 1.70512e-01 1.86450e-01 0.00000e+00 0.00000e+00 
1.95500e+02 1.70860e-01 1.86899e-01 0.00000e+00 0.00000e+00 
1.96000e+02 1.71202e-01 1.87371e-01 0.00000e+00 0.00000e+00 
1.96500e+02 1.71535e-01 1.87869e-01 0.00000e+00 0.00000e+00 
1.97000e+02 1.71862e-01 1.88395e-01 0.00000e+00 0.00000e+00 
1.97500e+02 1.72182e-01 1.88952e-01 0.00000e+00 0.00000e+00 
1.98000e+02 1.72495e-01 1.89541e-01 0.00000e+00 0.00000e+00 
1.98500e+02 1.72802e-01 1.90162e-01 0.00000e+00 0.00000e+00 
1.99000e+02 1.73101e-01 1.90814e-01 0.00000e+00 0.00000e+00 
1.99500e+02 1.73394e-01 1.91498e-01 0.00000e+00 0.00000e+00 
2.00000e+02 1.73681e-01 1.92211e-01 0.00000e+00 0.00000e+00 
2.00500e+02 1.73963e-01 1.92952e-01 0.00000e+00 0.00000e+00 
2.01000e+02 1.74238e-01 1.93718e-01 0.00000e+00 0.00000e+00 
2.01500e+02 1.74508e-01 1.94506e-01 0.00000e+00 0.00000e+00 
2.02000e+02 1.74773e-01 1.95313e-01 0.00000e+00 0.00000e+00 
2.02500e+02 1.75034e-01 1.96136e-01 0.00000e+00 0.00000e+00 
2.03000e+02 1.75293e-01 1.96972e-01 0.00000e+00 0.00000e+00 
2.03500e+02 1.75552e-01 1.97817e-01 0.00000e+00 0.00000e+00 
2.04000e+02 1.75814e-01 1.98669e-01 0.00000e+00 0.00000e+00 
2.04500e+02 1.76091e-01 1.99525e-01 0.00000e+00 0.00000e+00 
2.05000e+02 1.76396e-01 2.00383e-01 0.00000e+00 0.00000e+00 
2.05500e+02 1.76753e-01 2.01240e-01 0.00000e+00 0.00000e+00 
2.06000e+02 1.77197e-01 2.02095e-01 0.00000e+00 0.00000e+00 
2.06500e+02 1.77769e-01 2.02945e-01 0.00000e+00 0.00000e+00 
2.07000e+02 1.78517e-01 2.03789e-01 0.00000e+00 0.00000e+00 
2.07500e+02 1.79490e-01 2.04627e-01 0.00000e+00 0.00000e+00 
2.08000e+02 1.80716e-01 2.05456e-01 0.00000e+00 0.00000e+00 
2.08500e+02 1.82192e-01 2.06276e-01 0.00000e+00 0.00000e+00 
2.09000e+02 1.83896e-01 2.07086e-01 7.93893e-239 0.00000e+00 
2.09500e+02 1.85792e-01 2.07885e-01 5.84961e-155 0.00000e+00 
2.10000e+02 1.87799e-01 2.08673e-01 5.15923e-99 0.00000e+00 
2.10500e+02 1.89797e-01 2.09451e-01 7.68137e-62 0.00000e+00 
2.11000e+02 1.91681e-01 2.10217e-01 5.94534e-38 0.00000e+00 
2.11500e+02 1.93401e-01 2.10972e-01 6.81639e-23 0.00000e+00 
2.12000e+02 1.94965e-01 2.11715e-01 1.18661e-13 0.00000e+00 
2.12500e+02 1.96411e-01 2.12448e-01 3.74860e-08 0.00000e+00 
2.13000e+02 1.97778e-01 2.13170e-01 5.87087e-05 0.00000e+00 
2.13500e+02 1.99088e-01 2.13881e-01 3.79487e-03 0.00000e+00 
2.14000e+02 2.00340e-01 2.14582e-01 2.74722e-02 0.00000e+00 
2.14500e+02 2.01531e-01 2.15273e-01 4.91544e-02 0.00000e+00 
2.15000e+02 2.02657e-01 2.15953e-01 5.75939e-02 0.00000e+00 
2.15500e+02 2.03726e-01 2.16623e-01 6.17564e-02 0.00000e+00 
2.16000e+02 2.04750e-01 2.17283e-01 6.44866e-02 0.00000e+00 
2.16500e+02 2.05744e-01 2.17933e-01 6.65656e-02 0.00000e+00 
2.17000e+02 2.06728e-01 2.18573e-01 6.82665e-02 0.00000e+00 
2.17500e+02 2.07719e-01 2.19203e-01 6.97147e-02 0.00000e+00 
2.18000e+02 2.08729e-01 2.19824e-01 7.09814e-02 0.00000e+00 
2.18500e+02 2.09760e-01 2.20436e-01 7.21110e-02 0.00000e+00 
2.19000e+02 2.10803e-01 2.21039e-01 7.31331e-02 0.00000e+00 
2.19500e+02 2.11842e-01 2.21633e-01 7.40681e-02 0.00000e+00 
2.20000e+02 2.12863e-01 2.22219e-01 7.49313e-02 0.00000e+00 
2.20500e+02 2.13855e-01 2.22796e-01 7.57337e-02 0.00000e+00 
2.21000e+02 2.14813e-01 2.23365e-01 7.64844e-02 0.00000e+00 
2.21500e+02 2.15736e-01 2.23927e-01 7.71902e-02 0.00000e+00 
2.22000e+02 2.16627e-01 2.24480e-01 7.78569e-02 0.00000e+00 
2.22500e+02 2.17491e-01 2.25027e-01 7.84891e-02 0.00000e+00 
2.23000e+02 2.18332e-01 2.25567e-01 7.90909e-02 0.00000e+00 
2.23500e+02 2.19156e-01 2.26100e-01 7.96656e-02 0.00000e+00 
2.24000e+02 2.19966e-01 2.26626e-01 8.02161e-02 0.00000e+00 
2.24500e+02 2.20767e-01 2.27146e-01 8.07449e-02 0.00000e+00 
2.25000e+02 2.21561e-01 2.27660e-01 8.12543e-02 0.00000e+00 
2.25500e+02 2.22351e-01 2.28168e-01 8.17461e-02 0.00000e+00 
2.26000e+02 2.23137e-01 2.28670e-01 8.22220e-02 0.00000e+00 
2.26500e+02 2.23917e-01 2.29167e-01 8.26835e-02 0.00000e+00 
2.27000e+02 2.24692e-01 2.29658e-01 8.31318e-02 0.00000e+00 
2.27500e+02 2.25459e-01 2.30144e-01 8.35680e-02 0.00000e+00 
2.28000e+02 2.26215e-01 2.30625e-01 8.39930e-02 0.00000e+00 
2.28500e+02 2.26959e-01 2.31101e-01 8.44078e-02 0.00000e+00 
2.29000e+02 2.27689e-01 2.31573e-01 8.48129e-02 0.00000e+00 
2.29500e+02 2.28403e-01 2.32040e-01 8.52092e-02 0.00000e+00 
2.30000e+02 2.29102e-01 2.32502e-01 8.55970e-02 0.00000e+00 
2.30500e+02 2.29784e-01 2.32960e-01 8.59770e-02 0.00000e+00 
2.31000e+02 2.30449e-01 2.33415e-01 8.63495e-02 0.00000e+00 
2.31500e+02 2.31098e-01 2.33865e-01 8.67150e-02 0.00000e+00 
2.32000e+02 2.31732e-01 2.34311e-01 8.70739e-02 0.00000e+00 
2.32500e+02 2.32352e-01 2.34753e-01 8.74265e-02 0.00000e+00 
2.33000e+02 2.32957e-01 2.35192e-01 8.77732e-02 0.00000e+00 
2.33500e+02 2.33550e-01 2.35628e-01 8.81144e-02 0.00000e+00 
2.34000e+02 2.34130e-01 2.36060e-01 8.84502e-02 0.00000e+00 
2.34500e+02 2.34700e-01 2.36489e-01 8.87812e-02 0.00000e+00 
2.35000e+02 2.35258e-01 2.36916e-01 8.91075e-02 0.00000e+00 
2.35500e+02 2.35807e-01 2.37339e-01 8.94295e-02 0.00000e+00 
2.36000e+02 2.36347e-01 2.37759e-01 8.97477e-02 0.00000e+00 
2.36500e+02 2.36878e-01 2.38177e-01 9.00621e-02 0.00000e+00 
2.37000e+02 2.37401e-01 2.38592e-01 9.03733e-02 0.00000e+00 
2.37500e+02 2.37916e-01 2.39005e-01 9.06816e-02 0.00000e+00 
2.38000e+02 2.38425e-01 2.39415e-01 9.09873e-02 0.00000e+00 
2.38500e+02 2.38927e-01 2.39824e-01 9.12907e-02 0.00000e+00 
2.39000e+02 2.39422e-01 2.40229e-01 9.15922e-02 0.00000e+00 
2.39500e+02 2.39912e-01 2.40633e-01 9.18922e-02 0.00000e+00 
2.40000e+02 2.40396e-01 2.41035e-01 9.21911e-02 0.00000e+00 
