0.00000e+00 0.00000e+00 0.00000e+00 0.00000e+00 0.00000e+00 
5.00000e-01 0.00000e+00 0.00000e+00 0.00000e+00 0.00000e+00 
1.00000e+00 0.00000e+00 0.00000e+00 0.00000e+00 0.00000e+00 
1.50000e+00 0.00000e+00 0.00000e+00 0.00000e+00 0.00000e+00 
2.00000e+00 0.00000e+00 0.00000e+00 0.00000e+00 0.00000e+00 
2.50000e+00 0.00000e+00 0.00000e+00 0.00000e+00 0.00000e+00 
3.00000e+00 0.00000e+00 0.00000e+00 0.00000e+00 0.00000e+00 
3.50000e+00 0.00000e+00 0.00000e+00 0.00000e+00 0.00000e+00 
4.00000e+00 0.00000e+00 0.00000e+00 0.00000e+00 0.00000e+00 
4.50000e+00 0.00000e+00 0.00000e+00 0.00000e+00 0.00000e+00 
5.00000e+00 0.00000e+00 0.00000e+00 0.00000e+00 0.00000e+00 
5.50000e+00 0.00000e+00 0.00000e+00 0.00000e+00 0.00000e+00 
6.00000e+00 0.00000e+00 0.00000e+00 0.00000e+00 0.00000e+00 
6.50000e+00 0.00000e+00 0.00000e+00 0.00000e+00 0.00000e+00 
7.00000e+00 0.00000e+00 0.00000e+00 0.00000e+00 0.00000e+00 
7.50000e+00 0.00000e+00 0.00000e+00 0.00000e+00 0.00000e+00 
8.00000e+00 0.00000e+00 0.00000e+00 0.00000e+00 0.00000e+00 
8.50000e+00 0.00000e+00 0.00000e+00 0.00000e+00 0.00000e+00 
9.00000e+00 0.00000e+00 0.00000e+00 0.00000e+00 0.00000e+00 
9.50000e+00 0.00000e+00 0.00000e+00 0.00000e+00 0.00000e+00 
1.00000e+01 0.00000e+00 0.00000e+00 0.00000e+00 0.00000e+00 
1.05000e+01 0.00000e+00 0.00000e+00 0.00000e+00 0.00000e+00 
1.10000e+01 0.00000e+00 0.00000e+00 0.00000e+00 0.00000e+00 
1.15000e+01 0.00000e+00 0.00000e+00 0.00000e+00 0.00000e+00 
1.20000e+01 0.00000e+00 0.00000e+00 0.00000e+00 0.00000e+00 
1.25000e+01 0.00000e+00 0.00000e+00 0.00000e+00 0.00000e+00 
1.30000e+01 0.00000e+00 0.00000e+00 0.00000e+00 0.00000e+00 
1.35000e+01 0.00000e+00 0.00000e+00 0.00000e+00 0.00000e+00 
1.40000e+01 0.00000e+00 0.00000e+00 0.00000e+00 0.00000e+00 
1.45000e+01 0.00000e+00 0.00000e+00 0.00000e+00 0.00000e+00 
1.50000e+01 0.00000e+00 0.00000e+00 0.00000e+00 0.00000e+00 
1.55000e+01 0.00000e+00 0.00000e+00 0.00000e+00 0.00000e+00 
1.60000e+01 0.00000e+00 0.00000e+00 0.00000e+00 0.00000e+00 
1.65000e+01 0.00000e+00 0.00000e+00 0.00000e+00 0.00000e+00 
1.70000e+01 0.00000e+00 0.00000e+00 0.00000e+00 0.00000e+00 
1.75000e+01 0.00000e+00 0.00000e+00 0.00000e+00 0.00000e+00 
1.80000e+01 0.00000e+00 0.00000e+00 0.00000e+00 0.00000e+00 
1.85000e+01 0.00000e+00 0.00000e+00 0.00000e+00 0.00000e+00 
1.90000e+01 0.00000e+00 0.00000e+00 0.00000e+00 0.00000e+00 
1.95000e+01 0.00000e+00 0.00000e+00 0.00000e+00 0.00000e+00 
2.00000e+01 0.00000e+00 0.00000e+00 0.00000e+00 0.00000e+00 
2.05000e+01 0.00000e+00 0.00000e+00 0.00000e+00 0.00000e+00 
2.10000e+01 0.00000e+00 0.00000e+00 0.00000e+00 0.00000e+00 
2.15000e+01 0.00000e+00 0.00000e+00 0.00000e+00 0.00000e+00 
2.20000e+01 0.00000e+00 0.00000e+00 0.00000e+00 0.00000e+00 
2.25000e+01 0.00000e+00 0.00000e+00 0.00000e+00 0.00000e+00 
2.30000e+01 0.00000e+00 0.00000e+00 0.00000e+00 0.00000e+00 
2.35000e+01 0.00000e+00 0.00000e+00 0.00000e+00 0.00000e+00 
2.40000e+01 0.00000e+00 0.00000e+00 0.00000e+00 0.00000e+00 
2.45000e+01 0.00000e+00 0.00000e+00 0.00000e+00 0.00000e+00 
2.50000e+01 0.00000e+00 0.00000e+00 0.00000e+00 0.00000e+00 
2.55000e+01 0.00000e+00 0.00000e+00 0.00000e+00 0.00000e+00 
2.60000e+01 0.00000e+00 0.00000e+00 0.00000e+00 0.00000e+00 
2.65000e+01 0.00000e+00 0.00000e+00 0.00000e+00 0.00000e+00 
2.70000e+01 0.00000e+00 0.00000e+00 0.00000e+00 0.00000e+00 
2.75000e+01 0.00000e+00 0.00000e+00 0.00000e+00 0.00000e+00 
2.80000e+01 0.00000e+00 0.00000e+00 0.00000e+00 0.00000e+00 
2.85000e+01 0.00000e+00 0.00000e+00 0.00000e+00 0.00000e+00 
2.90000e+01 0.00000e+00 0.00000e+00 0.00000e+00 0.00000e+00 
2.95000e+01 0.00000e+00 0.00000e+00 0.00000e+00 0.00000e+00 
3.00000e+01 0.00000e+00 0.00000e+00 0.00000e+00 0.00000e+00 
3.05000e+01 0.00000e+00 0.00000e+00 0.00000e+00 0.00000e+00 
3.10000e+01 0.00000e+00 0.00000e+00 0.00000e+00 0.00000e+00 
3.15000e+01 0.00000e+00 0.00000e+00 0.00000e+00 0.00000e+00 
3.20000e+01 0.00000e+00 0.00000e+00 0.00000e+00 0.00000e+00 
3.25000e+01 0.00000e+00 0.00000e+00 0.00000e+00 0.00000e+00 
3.30000e+01 0.00000e+00 0.00000e+00 0.00000e+00 0.00000e+00 
3.35000e+01 0.00000e+00 0.00000e+00 0.00000e+00 0.00000e+00 
3.40000e+01 0.00000e+00 0.00000e+00 0.00000e+00 0.00000e+00 
3.45000e+01 0.00000e+00 0.00000e+00 0.00000e+00 0.00000e+00 
3.50000e+01 0.00000e+00 0.00000e+00 0.00000e+00 0.00000e+00 
3.55000e+01 0.00000e+00 0.00000e+00 0.00000e+00 0.00000e+00 
3.60000e+01 0.00000e+00 0.00000e+00 0.00000e+00 0.00000e+00 
3.65000e+01 0.00000e+00 0.00000e+00 0.00000e+00 0.00000e+00 
3.70000e+01 0.00000e+00 0.00000e+00 0.00000e+00 0.00000e+00 
3.75000e+01 0.00000e+00 0.00000e+00 0.00000e+00 0.00000e+00 
3.80000e+01 0.00000e+00 0.00000e+00 0.00000e+00 0.00000e+00 
3.85000e+01 0.00000e+00 0.00000e+00 0.00000e+00 0.00000e+00 
3.90000e+01 0.00000e+00 0.00000e+00 0.00000e+00 0.00000e+00 
3.95000e+01 0.00000e+00 0.00000e+00 0.00000e+00 0.00000e+00 
4.00000e+01 0.00000e+00 0.00000e+00 0.00000e+00 0.00000e+00 
4.05000e+01 0.00000e+00 0.00000e+00 0.00000e+00 0.00000e+00 
4.10000e+01 0.00000e+00 0.00000e+00 0.00000e+00 0.00000e+00 
4.15000e+01 0.00000e+00 0.00000e+00 0.00000e+00 0.00000e+00 
4.20000e+01 0.00000e+00 0.00000e+00 0.00000e+00 0.00000e+00 
4.25000e+01 0.00000e+00 0.00000e+00 0.00000e+00 0.00000e+00 
4.30000e+01 0.00000e+00 0.00000e+00 0.00000e+00 0.00000e+00 
4.35000e+01 0.00000e+00 0.00000e+00 0.00000e+00 0.00000e+00 
4.40000e+01 0.00000e+00 0.00000e+00 0.00000e+00 0.00000e+00 
4.45000e+01 0.00000e+00 0.00000e+00 0.00000e+00 0.00000e+00 
4.50000e+01 0.00000e+00 0.00000e+00 0.00000e+00 0.00000e+00 
4.55000e+01 0.00000e+00 0.00000e+00 0.00000e+00 0.00000e+00 
4.60000e+01 0.00000e+00 0.00000e+00 0.00000e+00 0.00000e+00 
4.65000e+01 0.00000e+00 0.00000e+00 0.00000e+00 0.00000e+00 
4.70000e+01 0.00000e+00 0.00000e+00 0.00000e+00 0.00000e+00 
4.75000e+01 0.00000e+00 0.00000e+00 0.00000e+00 0.00000e+00 
4.80000e+01 0.00000e+00 0.00000e+00 0.00000e+00 0.00000e+00 
4.85000e+01 0.00000e+00 0.00000e+00 0.00000e+00 0.00000e+00 
4.90000e+01 0.00000e+00 0.00000e+00 0.00000e+00 0.00000e+00 
4.95000e+01 0.00000e+00 0.00000e+00 0.00000e+00 0.00000e+00 
5.00000e+01 0.00000e+00 0.00000e+00 0.00000e+00 0.00000e+00 
5.05000e+01 0.00000e+00 0.00000e+00 0.00000e+00 0.00000e+00 
5.10000e+01 0.00000e+00 0.00000e+00 0.00000e+00 0.00000e+00 
5.15000e+01 0.00000e+00 0.00000e+00 0.00000e+00 0.00000e+00 
5.20000e+01 0.00000e+00 0.00000e+00 0.00000e+00 0.00000e+00 
5.25000e+01 0.00000e+00 0.00000e+00 0.00000e+00 0.00000e+00 
5.30000e+01 0.00000e+00 0.00000e+00 0.00000e+00 0.00000e+00 
5.35000e+01 0.00000e+00 0.00000e+00 0.00000e+00 0.00000e+00 
5.40000e+01 0.00000e+00 0.00000e+00 0.00000e+00 0.00000e+00 
5.45000e+01 0.00000e+00 0.00000e+00 0.00000e+00 0.00000e+00 
5.50000e+01 0.00000e+00 0.00000e+00 0.00000e+00 0.00000e+00 
5.55000e+01 0.00000e+00 0.00000e+00 0.00000e+00 0.00000e+00 
5.60000e+01 0.00000e+00 0.00000e+00 0.00000e+00 0.00000e+00 
5.65000e+01 0.00000e+00 0.00000e+00 0.00000e+00 0.00000e+00 
5.70000e+01 0.00000e+00 0.00000e+00 0.00000e+00 0.00000e+00 
5.75000e+01 0.00000e+00 0.00000e+00 0.00000e+00 0.00000e+00 
5.80000e+01 0.00000e+00 0.00000e+00 0.00000e+00 0.00000e+00 
5.85000e+01 0.00000e+00 0.00000e+00 0.00000e+00 0.00000e+00 
5.90000e+01 0.00000e+00 0.00000e+00 0.00000e+00 0.00000e+00 
5.95000e+01 0.00000e+00 0.00000e+00 0.00000e+00 0.00000e+00 
6.00000e+01 0.00000e+00 0.00000e+00 0.00000e+00 0.00000e+00 
6.05000e+01 0.00000e+00 0.00000e+00 0.00000e+00 0.00000e+00 
6.10000e+01 0.00000e+00 0.00000e+00 0.00000e+00 0.00000e+00 
6.15000e+01 0.00000e+00 0.00000e+00 0.00000e+00 0.00000e+00 
6.20000e+01 0.00000e+00 0.00000e+00 0.00000e+00 0.00000e+00 
6.25000e+01 0.00000e+00 0.00000e+00 0.00000e+00 0.00000e+00 
6.30000e+01 0.00000e+00 0.00000e+00 0.00000e+00 0.00000e+00 
6.35000e+01 0.00000e+00 0.00000e+00 0.00000e+00 0.00000e+00 
6.40000e+01 0.00000e+00 0.00000e+00 0.00000e+00 0.00000e+00 
6.45000e+01 0.00000e+00 0.00000e+00 0.00000e+00 0.00000e+00 
6.50000e+01 0.00000e+00 0.00000e+00 0.00000e+00 0.00000e+00 
6.55000e+01 0.00000e+00 0.00000e+00 0.00000e+00 0.00000e+00 
6.60000e+01 0.00000e+00 0.00000e+00 0.00000e+00 0.00000e+00 
6.65000e+01 0.00000e+00 0.00000e+00 0.00000e+00 0.00000e+00 
6.70000e+01 0.00000e+00 0.00000e+00 0.00000e+00 0.00000e+00 
6.75000e+01 0.00000e+00 0.00000e+00 0.00000e+00 0.00000e+00 
6.80000e+01 0.00000e+00 0.00000e+00 0.00000e+00 0.00000e+00 
6.85000e+01 0.00000e+00 0.00000e+00 0.00000e+00 0.00000e+00 
6.90000e+01 0.00000e+00 0.00000e+00 0.00000e+00 0.00000e+00 
6.95000e+01 0.00000e+00 0.00000e+00 0.00000e+00 0.00000e+00 
7.00000e+01 0.00000e+00 0.00000e+00 0.00000e+00 0.00000e+00 
7.05000e+01 0.00000e+00 0.00000e+00 0.00000e+00 0.00000e+00 
7.10000e+01 0.00000e+00 0.00000e+00 0.00000e+00 0.00000e+00 
7.15000e+01 0.00000e+00 0.00000e+00 0.00000e+00 0.00000e+00 
7.20000e+01 0.00000e+00 0.00000e+00 0.00000e+00 0.00000e+00 
7.25000e+01 0.00000e+00 0.00000e+00 0.00000e+00 0.00000e+00 
7.30000e+01 0.00000e+00 0.00000e+00 0.00000e+00 0.00000e+00 
7.35000e+01 0.00000e+00 0.00000e+00 0.00000e+00 0.00000e+00 
7.40000e+01 0.00000e+00 0.00000e+00 0.00000e+00 0.00000e+00 
7.45000e+01 0.00000e+00 0.00000e+00 0.00000e+00 0.00000e+00 
7.50000e+01 0.00000e+00 0.00000e+00 0.00000e+00 0.00000e+00 
7.55000e+01 0.00000e+00 0.00000e+00 0.00000e+00 0.00000e+00 
7.60000e+01 0.00000e+00 0.00000e+00 0.00000e+00 0.00000e+00 
7.65000e+01 0.00000e+00 0.00000e+00 0.00000e+00 0.00000e+00 
7.70000e+01 0.00000e+00 0.00000e+00 0.00000e+00 0.00000e+00 
7.75000e+01 0.00000e+00 0.00000e+00 0.00000e+00 0.00000e+00 
7.80000e+01 0.00000e+00 0.00000e+00 0.00000e+00 0.00000e+00 
7.85000e+01 0.00000e+00 0.00000e+00 0.00000e+00 0.00000e+00 
7.90000e+01 0.00000e+00 0.00000e+00 0.00000e+00 0.00000e+00 
7.95000e+01 0.00000e+00 0.00000e+00 0.00000e+00 0.00000e+00 
8.00000e+01 0.00000e+00 0.00000e+00 0.00000e+00 0.00000e+00 
8.05000e+01 0.00000e+00 0.00000e+00 0.00000e+00 0.00000e+00 
8.10000e+01 0.00000e+00 0.00000e+00 0.00000e+00 0.00000e+00 
8.15000e+01 0.00000e+00 0.00000e+00 0.00000e+00 0.00000e+00 
8.20000e+01 0.00000e+00 0.00000e+00 0.00000e+00 0.00000e+00 
8.25000e+01 0.00000e+00 0.00000e+00 0.00000e+00 0.00000e+00 
8.30000e+01 0.00000e+00 0.00000e+00 0.00000e+00 0.00000e+00 
8.35000e+01 0.00000e+00 0.00000e+00 0.00000e+00 0.00000e+00 
8.40000e+01 0.00000e+00 0.00000e+00 0.00000e+00 0.00000e+00 
8.45000e+01 0.00000e+00 0.00000e+00 0.00000e+00 0.00000e+00 
8.50000e+01 0.00000e+00 0.00000e+00 0.00000e+00 0.00000e+00 
8.55000e+01 0.00000e+00 0.00000e+00 0.00000e+00 0.00000e+00 
8.60000e+01 0.00000e+00 0.00000e+00 0.00000e+00 0.00000e+00 
8.65000e+01 0.00000e+00 0.00000e+00 0.00000e+00 0.00000e+00 
8.70000e+01 0.00000e+00 0.00000e+00 0.00000e+00 0.00000e+00 
8.75000e+01 0.00000e+00 0.00000e+00 0.00000e+00 0.00000e+00 
8.80000e+01 0.00000e+00 0.00000e+00 0.00000e+00 0.00000e+00 
8.85000e+01 0.00000e+00 0.00000e+00 0.00000e+00 0.00000e+00 
8.90000e+01 0.00000e+00 0.00000e+00 0.00000e+00 0.00000e+00 
8.95000e+01 0.00000e+00 0.00000e+00 0.00000e+00 0.00000e+00 
9.00000e+01 0.00000e+00 0.00000e+00 0.00000e+00 0.00000e+00 
9.05000e+01 0.00000e+00 0.00000e+00 0.00000e+00 0.00000e+00 
9.10000e+01 0.00000e+00 0.00000e+00 0.00000e+00 0.00000e+00 
9.15000e+01 0.00000e+00 0.00000e+00 0.00000e+00 0.00000e+00 
9.20000e+01 0.00000e+00 0.00000e+00 0.00000e+00 0.00000e+00 
9.25000e+01 0.00000e+00 0.00000e+00 0.00000e+00 0.00000e+00 
9.30000e+01 0.00000e+00 0.00000e+00 0.00000e+00 0.00000e+00 
9.35000e+01 0.00000e+00 0.00000e+00 0.00000e+00 0.00000e+00 
9.40000e+01 0.00000e+00 0.00000e+00 0.00000e+00 0.00000e+00 
9.45000e+01 0.00000e+00 0.00000e+00 0.00000e+00 0.00000e+00 
9.50000e+01 0.00000e+00 0.00000e+00 0.00000e+00 0.00000e+00 
9.55000e+01 0.00000e+00 0.00000e+00 0.00000e+00 0.00000e+00 
9.60000e+01 0.00000e+00 0.00000e+00 0.00000e+00 0.00000e+00 
9.65000e+01 0.00000e+00 0.00000e+00 0.00000e+00 0.00000e+00 
9.70000e+01 0.00000e+00 0.00000e+00 0.00000e+00 0.00000e+00 
9.75000e+01 0.00000e+00 0.00000e+00 0.00000e+00 0.00000e+00 
9.80000e+01 0.00000e+00 0.00000e+00 0.00000e+00 0.00000e+00 
9.85000e+01 0.00000e+00 0.00000e+00 0.00000e+00 0.00000e+00 
9.90000e+01 0.00000e+00 0.00000e+00 0.00000e+00 0.00000e+00 
9.95000e+01 0.00000e+00 0.00000e+00 0.00000e+00 0.00000e+00 
1.00000e+02 0.00000e+00 0.00000e+00 0.00000e+00 0.00000e+00 
1.00500e+02 0.00000e+00 0.00000e+00 0.00000e+00 0.00000e+00 
1.01000e+02 0.00000e+00 0.00000e+00 0.00000e+00 0.00000e+00 
1.01500e+02 0.00000e+00 0.00000e+00 0.00000e+00 0.00000e+00 
1.02000e+02 0.00000e+00 0.00000e+00 0.00000e+00 0.00000e+00 
1.02500e+02 0.00000e+00 0.00000e+00 0.00000e+00 0.00000e+00 
1.03000e+02 0.00000e+00 0.00000e+00 0.00000e+00 0.00000e+00 
1.03500e+02 0.00000e+00 0.00000e+00 0.00000e+00 0.00000e+00 
1.04000e+02 0.00000e+00 0.00000e+00 0.00000e+00 6.89521e-144 
1.04500e+02 0.00000e+00 0.00000e+00 0.00000e+00 2.11812e-38 
1.05000e+02 0.00000e+00 0.00000e+00 0.00000e+00 2.72990e-10 
1.05500e+02 0.00000e+00 0.00000e+00 0.00000e+00 1.66905e-02 
1.06000e+02 0.00000e+00 0.00000e+00 0.00000e+00 7.38358e-02 
1.06500e+02 0.00000e+00 0.00000e+00 0.00000e+00 8.39805e-02 
1.07000e+02 0.00000e+00 0.00000e+00 0.00000e+00 8.94258e-02 
1.07500e+02 0.00000e+00 0.00000e+00 0.00000e+00 9.32291e-02 
1.08000e+02 0.00000e+00 0.00000e+00 0.00000e+00 9.61844e-02 
1.08500e+02 0.00000e+00 0.00000e+00 0.00000e+00 9.86666e-02 
1.09000e+02 0.00000e+00 0.00000e+00 0.00000e+00 1.00870e-01 
1.09500e+02 0.00000e+00 0.00000e+00 0.00000e+00 1.02891e-01 
1.10000e+02 0.00000e+00 0.00000e+00 0.00000e+00 1.04778e-01 
1.10500e+02 0.00000e+00 0.00000e+00 0.00000e+00 1.06559e-01 
1.11000e+02 0.00000e+00 0.00000e+00 0.00000e+00 1.08250e-01 
1.11500e+02 0.00000e+00 0.00000e+00 0.00000e+00 1.09869e-01 
1.12000e+02 0.00000e+00 0.00000e+00 0.00000e+00 1.11426e-01 
1.12500e+02 0.00000e+00 0.00000e+00 0.00000e+00 1.12931e-01 
1.13000e+02 0.00000e+00 0.00000e+00 0.00000e+00 1.14387e-01 
1.13500e+02 0.00000e+00 0.00000e+00 0.00000e+00 1.15798e-01 
1.14000e+02 0.00000e+00 0.00000e+00 0.00000e+00 1.17164e-01 
1.14500e+02 0.00000e+00 0.00000e+00 0.00000e+00 1.18484e-01 
1.15000e+02 0.00000e+00 0.00000e+00 0.00000e+00 1.19760e-01 
1.15500e+02 0.00000e+00 0.00000e+00 0.00000e+00 1.20993e-01 
1.16000e+02 0.00000e+00 0.00000e+00 0.00000e+00 1.22188e-01 
1.16500e+02 0.00000e+00 0.00000e+00 0.00000e+00 1.23347e-01 
1.17000e+02 0.00000e+00 0.00000e+00 0.00000e+00 1.24474e-01 
1.17500e+02 0.00000e+00 0.00000e+00 0.00000e+00 1.25574e-01 
1.18000e+02 0.00000e+00 0.00000e+00 0.00000e+00 1.26651e-01 
1.18500e+02 0.00000e+00 0.00000e+00 0.00000e+00 1.27709e-01 
1.19000e+02 0.00000e+00 0.00000e+00 0.00000e+00 1.28752e-01 
1.19500e+02 0.00000e+00 0.00000e+00 0.00000e+00 1.29782e-01 
1.20000e+02 0.00000e+00 0.00000e+00 0.00000e+00 1.30801e-01 
1.20500e+02 0.00000e+00 0.00000e+00 0.00000e+00 1.31810e-01 
1.21000e+02 0.00000e+00 0.00000e+00 0.00000e+00 1.32811e-01 
1.21500e+02 0.00000e+00 0.00000e+00 0.00000e+00 1.33801e-01 
1.22000e+02 0.00000e+00 0.00000e+00 0.00000e+00 1.34782e-01 
1.22500e+02 0.00000e+00 0.00000e+00 0.00000e+00 1.35752e-01 
1.23000e+02 0.00000e+00 0.00000e+00 0.00000e+00 1.36711e-01 
1.23500e+02 0.00000e+00 0.00000e+00 0.00000e+00 1.37658e-01 
1.24000e+02 0.00000e+00 0.00000e+00 0.00000e+00 1.38593e-01 
1.24500e+02 0.00000e+00 0.00000e+00 0.00000e+00 1.39516e-01 
1.25000e+02 0.00000e+00 0.00000e+00 0.00000e+00 1.40427e-01 
1.25500e+02 0.00000e+00 0.00000e+00 0.00000e+00 1.41327e-01 
1.26000e+02 0.00000e+00 0.00000e+00 0.00000e+00 1.42215e-01 
1.26500e+02 0.00000e+00 0.00000e+00 0.00000e+00 1.43091e-01 
1.27000e+02 0.00000e+00 0.00000e+00 0.00000e+00 1.43955e-01 
1.27500e+02 0.00000e+00 0.00000e+00 0.00000e+00 1.44808e-01 
1.28000e+02 0.00000e+00 0.00000e+00 0.00000e+00 1.45649e-01 
1.28500e+02 0.00000e+00 0.00000e+00 0.00000e+00 1.46480e-01 
1.29000e+02 0.00000e+00 0.00000e+00 0.00000e+00 1.47298e-01 
1.29500e+02 0.00000e+00 0.00000e+00 0.00000e+00 1.48105e-01 
1.30000e+02 0.00000e+00 0.00000e+00 0.00000e+00 1.48901e-01 
1.30500e+02 0.00000e+00 0.00000e+00 0.00000e+00 1.49684e-01 
1.31000e+02 0.00000e+00 0.00000e+00 0.00000e+00 1.50457e-01 
1.31500e+02 0.00000e+00 0.00000e+00 0.00000e+00 1.51217e-01 
1.32000e+02 0.00000e+00 0.00000e+00 0.00000e+00 1.51966e-01 
1.32500e+02 0.00000e+00 0.00000e+00 0.00000e+00 1.52703e-01 
1.33000e+02 0.00000e+00 0.00000e+00 0.00000e+00 1.53428e-01 
1.33500e+02 0.00000e+00 0.00000e+00 0.00000e+00 1.54142e-01 
1.34000e+02 0.00000e+00 0.00000e+00 0.00000e+00 1.54845e-01 
1.34500e+02 0.00000e+00 0.00000e+00 0.00000e+00 1.55536e-01 
1.35000e+02 0.00000e+00 0.00000e+00 0.00000e+00 1.56217e-01 
1.35500e+02 0.00000e+00 0.00000e+00 0.00000e+00 1.56887e-01 
1.36000e+02 0.00000e+00 0.00000e+00 1.72186e-266 1.57548e-01 
1.36500e+02 0.00000e+00 0.00000e+00 1.35141e-149 1.58199e-01 
1.37000e+02 0.00000e+00 0.00000e+00 4.75871e-83 1.58841e-01 
1.37500e+02 0.00000e+00 0.00000e+00 4.31307e-45 1.59475e-01 
1.38000e+02 0.00000e+00 0.00000e+00 8.83342e-24 1.60100e-01 
1.38500e+02 0.00000e+00 9.70397e-278 3.69215e-12 1.60718e-01 
1.39000e+02 0.00000e+00 5.59168e-170 4.23631e-06 1.61328e-01 
1.39500e+02 0.00000e+00 3.56265e-100 3.21219e-03 1.61932e-01 
1.40000e+02 0.00000e+00 1.37423e-56 3.74779e-02 1.62528e-01 
1.40500e+02 0.00000e+00 1.41494e-30 6.10071e-02 1.63119e-01 
1.41000e+02 0.00000e+00 7.08245e-16 7.00418e-02 1.63703e-01 
1.41500e+02 0.00000e+00 4.72168e-08 7.55740e-02 1.64281e-01 
1.42000e+02 0.00000e+00 3.47158e-04 7.96106e-02 1.64853e-01 
1.42500e+02 0.00000e+00 1.79067e-02 8.27173e-02 1.65420e-01 
1.43000e+02 0.00000e+00 5.43766e-02 8.51799e-02 1.65981e-01 
1.43500e+02 0.00000e+00 6.82982e-02 8.72110e-02 1.66537e-01 
1.44000e+02 0.00000e+00 7.50017e-02 8.90016e-02 1.67087e-01 
1.44500e+02 0.00000e+00 7.95163e-02 9.07166e-02 1.67632e-01 
1.45000e+02 0.00000e+00 8.30446e-02 9.24525e-02 1.68172e-01 
1.45500e+02 0.00000e+00 8.59734e-02 9.42082e-02 1.68708e-01 
1.46000e+02 0.00000e+00 8.84715e-02 9.59146e-02 1.69238e-01 
1.46500e+02 0.00000e+00 9.06448e-02 9.74992e-02 1.69765e-01 
1.47000e+02 0.00000e+00 9.25728e-02 9.89270e-02 1.70288e-01 
1.47500e+02 0.00000e+00 9.43153e-02 1.00202e-01 1.70807e-01 
1.48000e+02 0.00000e+00 9.59159e-02 1.01350e-01 1.71322e-01 
1.48500e+02 0.00000e+00 9.74052e-02 1.02402e-01 1.71835e-01 
1.49000e+02 0.00000e+00 9.88030e-02 1.03387e-01 1.72344e-01 
1.49500e+02 0.00000e+00 1.00123e-01 1.04327e-01 1.72850e-01 
1.50000e+02 0.00000e+00 1.01376e-01 1.05239e-01 1.73353e-01 
1.50500e+02 0.00000e+00 1.02571e-01 1.06135e-01 1.73853e-01 
1.51000e+02 0.00000e+00 1.03716e-01 1.07021e-01 1.74351e-01 
1.51500e+02 0.00000e+00 1.04819e-01 1.07903e-01 1.74845e-01 
1.52000e+02 0.00000e+00 1.05886e-01 1.08788e-01 1.75335e-01 
1.52500e+02 0.00000e+00 1.06920e-01 1.09682e-01 1.75823e-01 
1.53000e+02 0.00000e+00 1.07923e-01 1.10594e-01 1.76307e-01 
1.53500e+02 0.00000e+00 1.08899e-01 1.11529e-01 1.76787e-01 
1.54000e+02 0.00000e+00 1.09846e-01 1.12484e-01 1.77263e-01 
1.54500e+02 0.00000e+00 1.10767e-01 1.13449e-01 1.77735e-01 
1.55000e+02 0.00000e+00 1.11664e-01 1.14407e-01 1.78204e-01 
1.55500e+02 0.00000e+00 1.12536e-01 1.15344e-01 1.78668e-01 
1.56000e+02 0.00000e+00 1.13387e-01 1.16249e-01 1.79127e-01 
1.56500e+02 0.00000e+00 1.14218e-01 1.17122e-01 1.79583e-01 
1.57000e+02 0.00000e+00 1.15031e-01 1.17963e-01 1.80034e-01 
1.57500e+02 0.00000e+00 1.15826e-01 1.18780e-01 1.80480e-01 
1.58000e+02 0.00000e+00 1.16605e-01 1.19576e-01 1.80922e-01 
1.58500e+02 0.00000e+00 1.17370e-01 1.20356e-01 1.81360e-01 
1.59000e+02 0.00000e+00 1.18122e-01 1.21122e-01 1.81794e-01 
1.59500e+02 0.00000e+00 1.18860e-01 1.21874e-01 1.82223e-01 
1.60000e+02 0.00000e+00 1.19585e-01 1.22611e-01 1.82648e-01 
1.60500e+02 0.00000e+00 1.20298e-01 1.23332e-01 1.83069e-01 
1.61000e+02 0.00000e+00 1.21000e-01 1.24035e-01 1.83486e-01 
1.61500e+02 0.00000e+00 1.21690e-01 1.24718e-01 1.83899e-01 
1.62000e+02 0.00000e+00 1.22370e-01 1.25383e-01 1.84308e-01 
1.62500e+02 0.00000e+00 1.23039e-01 1.26031e-01 1.84713e-01 
1.63000e+02 0.00000e+00 1.23699e-01 1.26667e-01 1.85115e-01 
1.63500e+02 0.00000e+00 1.24348e-01 1.27300e-01 1.85512e-01 
1.64000e+02 0.00000e+00 1.24989e-01 1.27942e-01 1.85906e-01 
1.64500e+02 0.00000e+00 1.25621e-01 1.28605e-01 1.86296e-01 
1.65000e+02 0.00000e+00 1.26244e-01 1.29302e-01 1.86682e-01 
1.65500e+02 0.00000e+00 1.26860e-01 1.30035e-01 1.87065e-01 
1.66000e+02 0.00000e+00 1.27468e-01 1.30798e-01 1.87444e-01 
1.66500e+02 0.00000e+00 1.28068e-01 1.31581e-01 1.87819e-01 
1.67000e+02 0.00000e+00 1.28662e-01 1.32368e-01 1.88192e-01 
1.67500e+02 0.00000e+00 1.29249e-01 1.33148e-01 1.88561e-01 
1.68000e+02 0.00000e+00 1.29829e-01 1.33915e-01 1.88926e-01 
1.68500e+02 0.00000e+00 1.30403e-01 1.34664e-01 1.89289e-01 
1.69000e+02 0.00000e+00 1.30972e-01 1.35393e-01 1.89649e-01 
1.69500e+02 0.00000e+00 1.31534e-01 1.36102e-01 1.90005e-01 
1.70000e+02 0.00000e+00 1.32091e-01 1.36790e-01 1.90359e-01 
1.70500e+02 0.00000e+00 1.32643e-01 1.37458e-01 1.90711e-01 
1.71000e+02 0.00000e+00 1.33189e-01 1.38105e-01 1.91059e-01 
1.71500e+02 0.00000e+00 1.33730e-01 1.38733e-01 1.91406e-01 
1.72000e+02 0.00000e+00 1.34267e-01 1.39342e-01 1.91750e-01 
1.72500e+02 0.00000e+00 1.34798e-01 1.39933e-01 1.92093e-01 
1.73000e+02 0.00000e+00 1.35324e-01 1.40508e-01 1.92433e-01 
1.73500e+02 0.00000e+00 1.35846e-01 1.41068e-01 1.92772e-01 
1.74000e+02 0.00000e+00 1.36363e-01 1.41615e-01 1.93110e-01 
1.74500e+02 0.00000e+00 1.36876e-01 1.42151e-01 1.93446e-01 
1.75000e+02 0.00000e+00 1.37384e-01 1.42677e-01 1.93782e-01 
1.75500e+02 0.00000e+00 1.37888e-01 1.43194e-01 1.94116e-01 
1.76000e+02 0.00000e+00 1.38387e-01 1.43705e-01 1.94450e-01 
1.76500e+02 0.00000e+00 1.38882e-01 1.44209e-01 1.94783e-01 
1.77000e+02 0.00000e+00 1.39373e-01 1.44708e-01 1.95117e-01 
1.77500e+02 0.00000e+00 1.39860e-01 1.45202e-01 1.95450e-01 
1.78000e+02 0.00000e+00 1.40343e-01 1.45693e-01 1.95783e-01 
1.78500e+02 0.00000e+00 1.40822e-01 1.46181e-01 1.96117e-01 
1.79000e+02 0.00000e+00 1.41296e-01 1.46666e-01 1.96451e-01 
1.79500e+02 0.00000e+00 1.41767e-01 1.47149e-01 1.96787e-01 
1.80000e+02 0.00000e+00 1.42235e-01 1.47630e-01 1.97123e-01 
1.80500e+02 0.00000e+00 1.42698e-01 1.48110e-01 1.97460e-01 
1.81000e+02 0.00000e+00 1.43158e-01 1.48588e-01 1.97799e-01 
1.81500e+02 0.00000e+00 1.43614e-01 1.49065e-01 1.98139e-01 
1.82000e+02 0.00000e+00 1.44066e-01 1.49542e-01 1.98482e-01 
1.82500e+02 3.10270e-213 1.44515e-01 1.50018e-01 1.98826e-01 
1.83000e+02 6.01846e-135 1.44961e-01 1.50493e-01 1.99172e-01 
1.83500e+02 1.54433e-83 1.45403e-01 1.50968e-01 1.99520e-01 
1.84000e+02 1.66273e-50 1.45841e-01 1.51442e-01 1.99870e-01 
1.84500e+02 8.41671e-30 1.46277e-01 1.51917e-01 2.00223e-01 
1.85000e+02 4.49213e-17 1.46709e-01 1.52391e-01 2.00578e-01 
1.85500e+02 1.91810e-09 1.47138e-01 1.52865e-01 2.00935e-01 
1.86000e+02 4.10289e-05 1.47563e-01 1.53340e-01 2.01295e-01 
1.86500e+02 7.08702e-03 1.47986e-01 1.53814e-01 2.01658e-01 
1.87000e+02 4.28070e-02 1.48406e-01 1.54289e-01 2.02023e-01 
1.87500e+02 5.92696e-02 1.48824e-01 1.54764e-01 2.02391e-01 
1.88000e+02 6.58332e-02 1.49238e-01 1.55240e-01 2.02761e-01 
1.88500e+02 6.96704e-02 1.49650e-01 1.55714e-01 2.03133e-01 
1.89000e+02 7.24262e-02 1.50058e-01 1.56189e-01 2.03507e-01 
1.89500e+02 7.46283e-02 1.50464e-01 1.56663e-01 2.03883e-01 
1.90000e+02 7.65016e-02 1.50866e-01 1.57136e-01 2.04261e-01 
1.90500e+02 7.81616e-02 1.51265e-01 1.57608e-01 2.04640e-01 
1.91000e+02 7.96733e-02 1.51662e-01 1.58079e-01 2.05020e-01 
1.91500e+02 8.10756e-02 1.52056e-01 1.58550e-01 2.05401e-01 
1.92000e+02 8.23923e-02 1.52447e-01 1.59019e-01 2.05784e-01 
1.92500e+02 8.36389e-02 1.52836e-01 1.59487e-01 2.06166e-01 
1.93000e+02 8.48262e-02 1.53222e-01 1.59954e-01 2.06550e-01 
1.93500e+02 8.59625e-02 1.53606e-01 1.60419e-01 2.06934e-01 
1.94000e+02 8.70544e-02 1.53987e-01 1.60883e-01 2.07318e-01 
1.94500e+02 8.81075e-02 1.54366e-01 1.61345e-01 2.07701e-01 
1.95000e+02 8.91265e-02 1.54742e-01 1.61805e-01 2.08085e-01 
1.95500e+02 9.01157e-02 1.55116e-01 1.62264e-01 2.08468e-01 
1.96000e+02 9.10784e-02 1.55489e-01 1.62721e-01 2.08850e-01 
1.96500e+02 9.20177e-02 1.55859e-01 1.63177e-01 2.09231e-01 
1.97000e+02 9.29361e-02 1.56226e-01 1.63630e-01 2.09612e-01 
1.97500e+02 9.38358e-02 1.56592e-01 1.64083e-01 2.09991e-01 
1.98000e+02 9.47188e-02 1.56956e-01 1.64533e-01 2.10368e-01 
1.98500e+02 9.55865e-02 1.57319e-01 1.64982e-01 2.10744e-01 
1.99000e+02 9.64403e-02 1.57679e-01 1.65430e-01 2.11118e-01 
1.99500e+02 9.72815e-02 1.58038e-01 1.65877e-01 2.11490e-01 
2.00000e+02 9.81110e-02 1.58395e-01 1.66322e-01 2.11859e-01 
2.00500e+02 9.89296e-02 1.58750e-01 1.66766e-01 2.12227e-01 
2.01000e+02 9.97380e-02 1.59104e-01 1.67209e-01 2.12592e-01 
2.01500e+02 1.00537e-01 1.59457e-01 1.67652e-01 2.12955e-01 
2.02000e+02 1.01327e-01 1.59808e-01 1.68094e-01 2.13315e-01 
2.02500e+02 1.02108e-01 1.60158e-01 1.68535e-01 2.13673e-01 
2.03000e+02 1.02881e-01 1.60507e-01 1.68976e-01 2.14028e-01 
2.03500e+02 1.03646e-01 1.60854e-01 1.69416e-01 2.14380e-01 
2.04000e+02 1.04404e-01 1.61201e-01 1.69857e-01 2.14729e-01 
2.04500e+02 1.05155e-01 1.61546e-01 1.70297e-01 2.15075e-01 
2.05000e+02 1.05899e-01 1.61890e-01 1.70738e-01 2.15418e-01 
2.05500e+02 1.06636e-01 1.62233e-01 1.71179e-01 2.15759e-01 
2.06000e+02 1.07368e-01 1.62576e-01 1.71620e-01 2.16096e-01 
2.06500e+02 1.08095e-01 1.62917e-01 1.72062e-01 2.16430e-01 
2.07000e+02 1.08816e-01 1.63258e-01 1.72504e-01 2.16761e-01 
2.07500e+02 1.09532e-01 1.63597e-01 1.72947e-01 2.17090e-01 
2.08000e+02 1.10244e-01 1.63936e-01 1.73391e-01 2.17415e-01 
2.08500e+02 1.10952e-01 1.64274e-01 1.73836e-01 2.17737e-01 
2.09000e+02 1.11657e-01 1.64611e-01 1.74282e-01 2.18057e-01 
2.09500e+02 1.12358e-01 1.64948e-01 1.74728e-01 2.18373e-01 
2.10000e+02 1.13057e-01 1.65283e-01 1.75176e-01 2.18686e-01 
2.10500e+02 1.13754e-01 1.65618e-01 1.75625e-01 2.18997e-01 
2.11000e+02 1.14448e-01 1.65952e-01 1.76076e-01 2.19305e-01 
2.11500e+02 1.15141e-01 1.66285e-01 1.76527e-01 2.19610e-01 
2.12000e+02 1.15832e-01 1.66618e-01 1.76980e-01 2.19912e-01 
2.12500e+02 1.16521e-01 1.66950e-01 1.77434e-01 2.20212e-01 
2.13000e+02 1.17210e-01 1.67281e-01 1.77889e-01 2.20509e-01 
2.13500e+02 1.17897e-01 1.67611e-01 1.78346e-01 2.20803e-01 
2.14000e+02 1.18584e-01 1.67940e-01 1.78803e-01 2.21095e-01 
2.14500e+02 1.19269e-01 1.68269e-01 1.79262e-01 2.21384e-01 
2.15000e+02 1.19954e-01 1.68597e-01 1.79721e-01 2.21671e-01 
2.15500e+02 1.20637e-01 1.68924e-01 1.80182e-01 2.21955e-01 
2.16000e+02 1.21318e-01 1.69251e-01 1.80643e-01 2.22237e-01 
2.16500e+02 1.21997e-01 1.69577e-01 1.81104e-01 2.22517e-01 
2.17000e+02 1.22675e-01 1.69902e-01 1.81566e-01 2.22794e-01 
2.17500e+02 1.23349e-01 1.70226e-01 1.82028e-01 2.23069e-01 
2.18000e+02 1.24021e-01 1.70550e-01 1.82490e-01 2.23342e-01 
2.18500e+02 1.24689e-01 1.70873e-01 1.82951e-01 2.23612e-01 
2.19000e+02 1.25353e-01 1.71195e-01 1.83412e-01 2.23881e-01 
2.19500e+02 1.26012e-01 1.71517e-01 1.83873e-01 2.24147e-01 
2.20000e+02 1.26667e-01 1.71838e-01 1.84333e-01 2.24411e-01 
2.20500e+02 1.27316e-01 1.72159e-01 1.84792e-01 2.24673e-01 
2.21000e+02 1.27960e-01 1.72479e-01 1.85250e-01 2.24933e-01 
2.21500e+02 1.28597e-01 1.72799e-01 1.85707e-01 2.25191e-01 
2.22000e+02 1.29228e-01 1.73119e-01 1.86163e-01 2.25447e-01 
2.22500e+02 1.29852e-01 1.73438e-01 1.86617e-01 2.25700e-01 
2.23000e+02 1.30470e-01 1.73756e-01 1.87069e-01 2.25952e-01 
2.23500e+02 1.31080e-01 1.74075e-01 1.87521e-01 2.26202e-01 
2.24000e+02 1.31684e-01 1.74393e-01 1.87970e-01 2.26450e-01 
2.24500e+02 1.32280e-01 1.74712e-01 1.88418e-01 2.26696e-01 
2.25000e+02 1.32871e-01 1.75030e-01 1.88864e-01 2.26941e-01 
2.25500e+02 1.33455e-01 1.75349e-01 1.89309e-01 2.27183e-01 
2.26000e+02 1.34033e-01 1.75667e-01 1.89752e-01 2.27423e-01 
2.26500e+02 1.34606e-01 1.75986e-01 1.90193e-01 2.27662e-01 
2.27000e+02 1.35175e-01 1.76305e-01 1.90632e-01 2.27899e-01 
2.27500e+02 1.35740e-01 1.76625e-01 1.91070e-01 2.28134e-01 
2.28000e+02 1.36302e-01 1.76944e-01 1.91506e-01 2.28367e-01 
2.28500e+02 1.36861e-01 1.77265e-01 1.91940e-01 2.28599e-01 
2.29000e+02 1.37419e-01 1.77585e-01 1.92372e-01 2.28828e-01 
2.29500e+02 1.37976e-01 1.77907e-01 1.92803e-01 2.29056e-01 
2.30000e+02 1.38533e-01 1.78229e-01 1.93232e-01 2.29282e-01 
2.30500e+02 1.39091e-01 1.78551e-01 1.93659e-01 2.29507e-01 
2.31000e+02 1.39649e-01 1.78874e-01 1.94085e-01 2.29730e-01 
2.31500e+02 1.40210e-01 1.79198e-01 1.94509e-01 2.29951e-01 
2.32000e+02 1.40772e-01 1.79523e-01 1.94932e-01 2.30171e-01 
2.32500e+02 1.41337e-01 1.79848e-01 1.95353e-01 2.30389e-01 
2.33000e+02 1.41904e-01 1.80175e-01 1.95773e-01 2.30605e-01 
2.33500e+02 1.42473e-01 1.80503e-01 1.96192e-01 2.30820e-01 
2.34000e+02 1.43044e-01 1.80833e-01 1.96609e-01 2.31033e-01 
2.34500e+02 1.43618e-01 1.81164e-01 1.97025e-01 2.31245e-01 
2.35000e+02 1.44193e-01 1.81498e-01 1.97440e-01 2.31455e-01 
2.35500e+02 1.44770e-01 1.81835e-01 1.97854e-01 2.31664e-01 
2.36000e+02 1.45349e-01 1.82174e-01 1.98267e-01 2.31871e-01 
2.36500e+02 1.45928e-01 1.82518e-01 1.98678e-01 2.32076e-01 
2.37000e+02 1.46509e-01 1.82865e-01 1.99089e-01 2.32281e-01 
2.37500e+02 1.47091e-01 1.83217e-01 1.99498e-01 2.32483e-01 
2.38000e+02 1.47674e-01 1.83575e-01 1.99907e-01 2.32685e-01 
2.38500e+02 1.48258e-01 1.83938e-01 2.00314e-01 2.32885e-01 
2.39000e+02 1.48843e-01 1.84309e-01 2.00720e-01 2.33083e-01 
2.39500e+02 1.49429e-01 1.84686e-01 2.01126e-01 2.33281e-01 
2.40000e+02 1.50016e-01 1.85072e-01 2.01530e-01 2.33477e-01 
