0.00000e+00 0.00000e+00 0.00000e+00 0.00000e+00 0.00000e+00 
5.00000e-01 0.00000e+00 0.00000e+00 0.00000e+00 0.00000e+00 
1.00000e+00 0.00000e+00 0.00000e+00 0.00000e+00 0.00000e+00 
1.50000e+00 0.00000e+00 0.00000e+00 0.00000e+00 0.00000e+00 
2.00000e+00 0.00000e+00 0.00000e+00 0.00000e+00 0.00000e+00 
2.50000e+00 0.00000e+00 0.00000e+00 0.00000e+00 0.00000e+00 
3.00000e+00 0.00000e+00 0.00000e+00 0.00000e+00 0.00000e+00 
3.50000e+00 0.00000e+00 0.00000e+00 0.00000e+00 0.00000e+00 
4.00000e+00 0.00000e+00 0.00000e+00 0.00000e+00 0.00000e+00 
4.50000e+00 0.00000e+00 0.00000e+00 0.00000e+00 0.00000e+00 
5.00000e+00 0.00000e+00 0.00000e+00 0.00000e+00 0.00000e+00 
5.50000e+00 0.00000e+00 0.00000e+00 0.00000e+00 0.00000e+00 
6.00000e+00 0.00000e+00 0.00000e+00 0.00000e+00 0.00000e+00 
6.50000e+00 0.00000e+00 0.00000e+00 0.00000e+00 0.00000e+00 
7.00000e+00 0.00000e+00 0.00000e+00 0.00000e+00 0.00000e+00 
7.50000e+00 0.00000e+00 0.00000e+00 0.00000e+00 0.00000e+00 
8.00000e+00 0.00000e+00 0.00000e+00 0.00000e+00 0.00000e+00 
8.50000e+00 0.00000e+00 0.00000e+00 0.00000e+00 0.00000e+00 
9.00000e+00 0.00000e+00 0.00000e+00 0.00000e+00 0.00000e+00 
9.50000e+00 0.00000e+00 0.00000e+00 0.00000e+00 0.00000e+00 
1.00000e+01 0.00000e+00 0.00000e+00 0.00000e+00 0.00000e+00 
1.05000e+01 0.00000e+00 0.00000e+00 0.00000e+00 0.00000e+00 
1.10000e+01 0.00000e+00 0.00000e+00 0.00000e+00 0.00000e+00 
1.15000e+01 0.00000e+00 0.00000e+00 0.00000e+00 0.00000e+00 
1.20000e+01 0.00000e+00 0.00000e+00 0.00000e+00 0.00000e+00 
1.25000e+01 0.00000e+00 0.00000e+00 0.00000e+00 0.00000e+00 
1.30000e+01 0.00000e+00 0.00000e+00 0.00000e+00 0.00000e+00 
1.35000e+01 0.00000e+00 0.00000e+00 0.00000e+00 0.00000e+00 
1.40000e+01 0.00000e+00 0.00000e+00 0.00000e+00 0.00000e+00 
1.45000e+01 0.00000e+00 0.00000e+00 0.00000e+00 0.00000e+00 
1.50000e+01 0.00000e+00 0.00000e+00 0.00000e+00 0.00000e+00 
1.55000e+01 0.00000e+00 0.00000e+00 0.00000e+00 0.00000e+00 
1.60000e+01 0.00000e+00 0.00000e+00 0.00000e+00 0.00000e+00 
1.65000e+01 0.00000e+00 0.00000e+00 0.00000e+00 0.00000e+00 
1.70000e+01 0.00000e+00 0.00000e+00 0.00000e+00 0.00000e+00 
1.75000e+01 0.00000e+00 0.00000e+00 0.00000e+00 0.00000e+00 
1.80000e+01 0.00000e+00 0.00000e+00 0.00000e+00 0.00000e+00 
1.85000e+01 0.00000e+00 0.00000e+00 0.00000e+00 0.00000e+00 
1.90000e+01 0.00000e+00 0.00000e+00 0.00000e+00 0.00000e+00 
1.95000e+01 0.00000e+00 0.00000e+00 0.00000e+00 0.00000e+00 
2.00000e+01 0.00000e+00 0.00000e+00 0.00000e+00 0.00000e+00 
2.05000e+01 0.00000e+00 0.00000e+00 0.00000e+00 0.00000e+00 
2.10000e+01 0.00000e+00 0.00000e+00 0.00000e+00 0.00000e+00 
2.15000e+01 0.00000e+00 0.00000e+00 0.00000e+00 0.00000e+00 
2.20000e+01 0.00000e+00 0.00000e+00 0.00000e+00 0.00000e+00 
2.25000e+01 0.00000e+00 0.00000e+00 0.00000e+00 0.00000e+00 
2.30000e+01 0.00000e+00 0.00000e+00 0.00000e+00 0.00000e+00 
2.35000e+01 0.00000e+00 0.00000e+00 0.00000e+00 0.00000e+00 
2.40000e+01 0.00000e+00 0.00000e+00 0.00000e+00 0.00000e+00 
2.45000e+01 0.00000e+00 0.00000e+00 0.00000e+00 0.00000e+00 
2.50000e+01 0.00000e+00 0.00000e+00 0.00000e+00 0.00000e+00 
2.55000e+01 0.00000e+00 0.00000e+00 0.00000e+00 0.00000e+00 
2.60000e+01 0.00000e+00 0.00000e+00 0.00000e+00 0.00000e+00 
2.65000e+01 0.00000e+00 0.00000e+00 0.00000e+00 0.00000e+00 
2.70000e+01 0.00000e+00 0.00000e+00 0.00000e+00 0.00000e+00 
2.75000e+01 0.00000e+00 0.00000e+00 0.00000e+00 0.00000e+00 
2.80000e+01 0.00000e+00 0.00000e+00 0.00000e+00 0.00000e+00 
2.85000e+01 0.00000e+00 0.00000e+00 0.00000e+00 0.00000e+00 
2.90000e+01 0.00000e+00 0.00000e+00 0.00000e+00 0.00000e+00 
2.95000e+01 0.00000e+00 0.00000e+00 0.00000e+00 0.00000e+00 
3.00000e+01 0.00000e+00 0.00000e+00 0.00000e+00 0.00000e+00 
3.05000e+01 0.00000e+00 0.00000e+00 0.00000e+00 0.00000e+00 
3.10000e+01 0.00000e+00 0.00000e+00 0.00000e+00 0.00000e+00 
3.15000e+01 0.00000e+00 0.00000e+00 0.00000e+00 0.00000e+00 
3.20000e+01 0.00000e+00 0.00000e+00 0.00000e+00 0.00000e+00 
3.25000e+01 0.00000e+00 0.00000e+00 0.00000e+00 0.00000e+00 
3.30000e+01 0.00000e+00 0.00000e+00 0.00000e+00 0.00000e+00 
3.35000e+01 0.00000e+00 0.00000e+00 0.00000e+00 0.00000e+00 
3.40000e+01 0.00000e+00 0.00000e+00 0.00000e+00 0.00000e+00 
3.45000e+01 0.00000e+00 0.00000e+00 0.00000e+00 0.00000e+00 
3.50000e+01 0.00000e+00 0.00000e+00 0.00000e+00 0.00000e+00 
3.55000e+01 0.00000e+00 0.00000e+00 0.00000e+00 0.00000e+00 
3.60000e+01 0.00000e+00 0.00000e+00 0.00000e+00 0.00000e+00 
3.65000e+01 0.00000e+00 0.00000e+00 0.00000e+00 0.00000e+00 
3.70000e+01 0.00000e+00 0.00000e+00 0.00000e+00 0.00000e+00 
3.75000e+01 0.00000e+00 0.00000e+00 0.00000e+00 0.00000e+00 
3.80000e+01 0.00000e+00 0.00000e+00 0.00000e+00 0.00000e+00 
3.85000e+01 0.00000e+00 0.00000e+00 0.00000e+00 0.00000e+00 
3.90000e+01 0.00000e+00 0.00000e+00 0.00000e+00 0.00000e+00 
3.95000e+01 0.00000e+00 0.00000e+00 0.00000e+00 0.00000e+00 
4.00000e+01 0.00000e+00 0.00000e+00 0.00000e+00 0.00000e+00 
4.05000e+01 0.00000e+00 0.00000e+00 0.00000e+00 0.00000e+00 
4.10000e+01 0.00000e+00 0.00000e+00 0.00000e+00 0.00000e+00 
4.15000e+01 0.00000e+00 0.00000e+00 0.00000e+00 0.00000e+00 
4.20000e+01 0.00000e+00 0.00000e+00 0.00000e+00 0.00000e+00 
4.25000e+01 0.00000e+00 0.00000e+00 0.00000e+00 0.00000e+00 
4.30000e+01 0.00000e+00 0.00000e+00 0.00000e+00 0.00000e+00 
4.35000e+01 0.00000e+00 0.00000e+00 0.00000e+00 0.00000e+00 
4.40000e+01 0.00000e+00 0.00000e+00 0.00000e+00 0.00000e+00 
4.45000e+01 0.00000e+00 0.00000e+00 0.00000e+00 0.00000e+00 
4.50000e+01 0.00000e+00 0.00000e+00 0.00000e+00 0.00000e+00 
4.55000e+01 0.00000e+00 0.00000e+00 0.00000e+00 0.00000e+00 
4.60000e+01 0.00000e+00 0.00000e+00 0.00000e+00 0.00000e+00 
4.65000e+01 0.00000e+00 0.00000e+00 0.00000e+00 0.00000e+00 
4.70000e+01 0.00000e+00 0.00000e+00 0.00000e+00 0.00000e+00 
4.75000e+01 0.00000e+00 0.00000e+00 0.00000e+00 0.00000e+00 
4.80000e+01 0.00000e+00 0.00000e+00 0.00000e+00 0.00000e+00 
4.85000e+01 0.00000e+00 0.00000e+00 0.00000e+00 0.00000e+00 
4.90000e+01 0.00000e+00 0.00000e+00 0.00000e+00 0.00000e+00 
4.95000e+01 0.00000e+00 0.00000e+00 0.00000e+00 0.00000e+00 
5.00000e+01 0.00000e+00 0.00000e+00 0.00000e+00 0.00000e+00 
5.05000e+01 0.00000e+00 0.00000e+00 0.00000e+00 0.00000e+00 
5.10000e+01 0.00000e+00 0.00000e+00 0.00000e+00 0.00000e+00 
5.15000e+01 0.00000e+00 0.00000e+00 0.00000e+00 0.00000e+00 
5.20000e+01 0.00000e+00 0.00000e+00 0.00000e+00 0.00000e+00 
5.25000e+01 0.00000e+00 0.00000e+00 0.00000e+00 0.00000e+00 
5.30000e+01 0.00000e+00 0.00000e+00 0.00000e+00 0.00000e+00 
5.35000e+01 0.00000e+00 0.00000e+00 0.00000e+00 0.00000e+00 
5.40000e+01 0.00000e+00 0.00000e+00 0.00000e+00 0.00000e+00 
5.45000e+01 0.00000e+00 0.00000e+00 0.00000e+00 0.00000e+00 
5.50000e+01 0.00000e+00 0.00000e+00 0.00000e+00 0.00000e+00 
5.55000e+01 0.00000e+00 0.00000e+00 0.00000e+00 0.00000e+00 
5.60000e+01 0.00000e+00 0.00000e+00 0.00000e+00 0.00000e+00 
5.65000e+01 0.00000e+00 0.00000e+00 0.00000e+00 0.00000e+00 
5.70000e+01 0.00000e+00 0.00000e+00 0.00000e+00 0.00000e+00 
5.75000e+01 0.00000e+00 0.00000e+00 0.00000e+00 0.00000e+00 
5.80000e+01 0.00000e+00 0.00000e+00 0.00000e+00 0.00000e+00 
5.85000e+01 0.00000e+00 0.00000e+00 0.00000e+00 0.00000e+00 
5.90000e+01 0.00000e+00 0.00000e+00 0.00000e+00 0.00000e+00 
5.95000e+01 0.00000e+00 0.00000e+00 0.00000e+00 0.00000e+00 
6.00000e+01 0.00000e+00 0.00000e+00 0.00000e+00 0.00000e+00 
6.05000e+01 0.00000e+00 0.00000e+00 0.00000e+00 0.00000e+00 
6.10000e+01 0.00000e+00 0.00000e+00 0.00000e+00 0.00000e+00 
6.15000e+01 0.00000e+00 0.00000e+00 0.00000e+00 0.00000e+00 
6.20000e+01 0.00000e+00 0.00000e+00 0.00000e+00 0.00000e+00 
6.25000e+01 0.00000e+00 0.00000e+00 0.00000e+00 0.00000e+00 
6.30000e+01 0.00000e+00 0.00000e+00 0.00000e+00 0.00000e+00 
6.35000e+01 0.00000e+00 0.00000e+00 0.00000e+00 0.00000e+00 
6.40000e+01 0.00000e+00 0.00000e+00 0.00000e+00 0.00000e+00 
6.45000e+01 0.00000e+00 0.00000e+00 0.00000e+00 0.00000e+00 
6.50000e+01 0.00000e+00 0.00000e+00 0.00000e+00 0.00000e+00 
6.55000e+01 0.00000e+00 0.00000e+00 0.00000e+00 0.00000e+00 
6.60000e+01 0.00000e+00 0.00000e+00 0.00000e+00 0.00000e+00 
6.65000e+01 0.00000e+00 0.00000e+00 0.00000e+00 0.00000e+00 
6.70000e+01 0.00000e+00 0.00000e+00 0.00000e+00 0.00000e+00 
6.75000e+01 0.00000e+00 0.00000e+00 0.00000e+00 0.00000e+00 
6.80000e+01 0.00000e+00 0.00000e+00 0.00000e+00 0.00000e+00 
6.85000e+01 0.00000e+00 0.00000e+00 0.00000e+00 0.00000e+00 
6.90000e+01 0.00000e+00 0.00000e+00 0.00000e+00 0.00000e+00 
6.95000e+01 0.00000e+00 0.00000e+00 0.00000e+00 0.00000e+00 
7.00000e+01 0.00000e+00 0.00000e+00 0.00000e+00 0.00000e+00 
7.05000e+01 0.00000e+00 0.00000e+00 0.00000e+00 0.00000e+00 
7.10000e+01 0.00000e+00 0.00000e+00 0.00000e+00 0.00000e+00 
7.15000e+01 0.00000e+00 0.00000e+00 0.00000e+00 0.00000e+00 
7.20000e+01 0.00000e+00 0.00000e+00 0.00000e+00 0.00000e+00 
7.25000e+01 0.00000e+00 0.00000e+00 0.00000e+00 0.00000e+00 
7.30000e+01 0.00000e+00 0.00000e+00 0.00000e+00 0.00000e+00 
7.35000e+01 0.00000e+00 0.00000e+00 0.00000e+00 0.00000e+00 
7.40000e+01 0.00000e+00 0.00000e+00 0.00000e+00 0.00000e+00 
7.45000e+01 0.00000e+00 0.00000e+00 0.00000e+00 0.00000e+00 
7.50000e+01 0.00000e+00 0.00000e+00 0.00000e+00 0.00000e+00 
7.55000e+01 0.00000e+00 0.00000e+00 0.00000e+00 0.00000e+00 
7.60000e+01 0.00000e+00 0.00000e+00 0.00000e+00 0.00000e+00 
7.65000e+01 0.00000e+00 0.00000e+00 0.00000e+00 0.00000e+00 
7.70000e+01 0.00000e+00 0.00000e+00 0.00000e+00 0.00000e+00 
7.75000e+01 0.00000e+00 0.00000e+00 0.00000e+00 0.00000e+00 
7.80000e+01 0.00000e+00 0.00000e+00 0.00000e+00 0.00000e+00 
7.85000e+01 0.00000e+00 0.00000e+00 0.00000e+00 0.00000e+00 
7.90000e+01 0.00000e+00 0.00000e+00 0.00000e+00 0.00000e+00 
7.95000e+01 0.00000e+00 0.00000e+00 0.00000e+00 0.00000e+00 
8.00000e+01 0.00000e+00 0.00000e+00 0.00000e+00 0.00000e+00 
8.05000e+01 0.00000e+00 0.00000e+00 0.00000e+00 0.00000e+00 
8.10000e+01 0.00000e+00 0.00000e+00 0.00000e+00 0.00000e+00 
8.15000e+01 0.00000e+00 0.00000e+00 0.00000e+00 0.00000e+00 
8.20000e+01 0.00000e+00 0.00000e+00 0.00000e+00 0.00000e+00 
8.25000e+01 0.00000e+00 0.00000e+00 0.00000e+00 0.00000e+00 
8.30000e+01 0.00000e+00 0.00000e+00 0.00000e+00 0.00000e+00 
8.35000e+01 0.00000e+00 0.00000e+00 0.00000e+00 0.00000e+00 
8.40000e+01 0.00000e+00 0.00000e+00 0.00000e+00 0.00000e+00 
8.45000e+01 0.00000e+00 0.00000e+00 0.00000e+00 0.00000e+00 
8.50000e+01 0.00000e+00 0.00000e+00 0.00000e+00 0.00000e+00 
8.55000e+01 0.00000e+00 0.00000e+00 0.00000e+00 0.00000e+00 
8.60000e+01 0.00000e+00 0.00000e+00 0.00000e+00 0.00000e+00 
8.65000e+01 0.00000e+00 0.00000e+00 0.00000e+00 0.00000e+00 
8.70000e+01 0.00000e+00 0.00000e+00 0.00000e+00 0.00000e+00 
8.75000e+01 0.00000e+00 0.00000e+00 0.00000e+00 0.00000e+00 
8.80000e+01 0.00000e+00 0.00000e+00 0.00000e+00 0.00000e+00 
8.85000e+01 0.00000e+00 0.00000e+00 0.00000e+00 0.00000e+00 
8.90000e+01 0.00000e+00 0.00000e+00 0.00000e+00 0.00000e+00 
8.95000e+01 0.00000e+00 0.00000e+00 0.00000e+00 0.00000e+00 
9.00000e+01 0.00000e+00 0.00000e+00 0.00000e+00 0.00000e+00 
9.05000e+01 0.00000e+00 0.00000e+00 0.00000e+00 0.00000e+00 
9.10000e+01 0.00000e+00 0.00000e+00 0.00000e+00 0.00000e+00 
9.15000e+01 0.00000e+00 0.00000e+00 4.84220e-285 0.00000e+00 
9.20000e+01 0.00000e+00 0.00000e+00 1.57493e-64 0.00000e+00 
9.25000e+01 0.00000e+00 0.00000e+00 2.18363e-16 0.00000e+00 
9.30000e+01 0.00000e+00 0.00000e+00 1.10468e-03 0.00000e+00 
9.35000e+01 0.00000e+00 0.00000e+00 6.26619e-02 0.00000e+00 
9.40000e+01 0.00000e+00 0.00000e+00 7.66187e-02 0.00000e+00 
9.45000e+01 0.00000e+00 0.00000e+00 8.38889e-02 0.00000e+00 
9.50000e+01 0.00000e+00 0.00000e+00 8.92801e-02 0.00000e+00 
9.55000e+01 0.00000e+00 0.00000e+00 9.37558e-02 0.00000e+00 
9.60000e+01 0.00000e+00 0.00000e+00 9.77675e-02 0.00000e+00 
9.65000e+01 0.00000e+00 0.00000e+00 1.01474e-01 0.00000e+00 
9.70000e+01 0.00000e+00 0.00000e+00 1.04919e-01 0.00000e+00 
9.75000e+01 0.00000e+00 0.00000e+00 1.08118e-01 0.00000e+00 
9.80000e+01 0.00000e+00 0.00000e+00 1.11093e-01 0.00000e+00 
9.85000e+01 0.00000e+00 0.00000e+00 1.13879e-01 0.00000e+00 
9.90000e+01 0.00000e+00 0.00000e+00 1.16499e-01 0.00000e+00 
9.95000e+01 0.00000e+00 0.00000e+00 1.18956e-01 0.00000e+00 
1.00000e+02 0.00000e+00 0.00000e+00 1.21239e-01 0.00000e+00 
1.00500e+02 0.00000e+00 0.00000e+00 1.23345e-01 0.00000e+00 
1.01000e+02 0.00000e+00 0.00000e+00 1.25282e-01 0.00000e+00 
1.01500e+02 0.00000e+00 0.00000e+00 1.27072e-01 0.00000e+00 
1.02000e+02 0.00000e+00 0.00000e+00 1.28738e-01 0.00000e+00 
1.02500e+02 0.00000e+00 0.00000e+00 1.30302e-01 0.00000e+00 
1.03000e+02 0.00000e+00 0.00000e+00 1.31783e-01 0.00000e+00 
1.03500e+02 0.00000e+00 0.00000e+00 1.33196e-01 0.00000e+00 
1.04000e+02 0.00000e+00 0.00000e+00 1.34551e-01 0.00000e+00 
1.04500e+02 0.00000e+00 0.00000e+00 1.35857e-01 0.00000e+00 
1.05000e+02 0.00000e+00 0.00000e+00 1.37119e-01 0.00000e+00 
1.05500e+02 0.00000e+00 0.00000e+00 1.38339e-01 0.00000e+00 
1.06000e+02 0.00000e+00 0.00000e+00 1.39517e-01 0.00000e+00 
1.06500e+02 0.00000e+00 0.00000e+00 1.40652e-01 0.00000e+00 
1.07000e+02 0.00000e+00 0.00000e+00 1.41745e-01 0.00000e+00 
1.07500e+02 0.00000e+00 0.00000e+00 1.42799e-01 0.00000e+00 
1.08000e+02 0.00000e+00 0.00000e+00 1.43816e-01 0.00000e+00 
1.08500e+02 0.00000e+00 0.00000e+00 1.44800e-01 0.00000e+00 
1.09000e+02 0.00000e+00 0.00000e+00 1.45758e-01 0.00000e+00 
1.09500e+02 0.00000e+00 0.00000e+00 1.46694e-01 0.00000e+00 
1.10000e+02 0.00000e+00 0.00000e+00 1.47612e-01 0.00000e+00 
1.10500e+02 0.00000e+00 0.00000e+00 1.48516e-01 0.00000e+00 
1.11000e+02 0.00000e+00 0.00000e+00 1.49406e-01 0.00000e+00 
1.11500e+02 0.00000e+00 0.00000e+00 1.50279e-01 0.00000e+00 
1.12000e+02 0.00000e+00 0.00000e+00 1.51133e-01 0.00000e+00 
1.12500e+02 0.00000e+00 0.00000e+00 1.51965e-01 0.00000e+00 
1.13000e+02 0.00000e+00 0.00000e+00 1.52774e-01 0.00000e+00 
1.13500e+02 0.00000e+00 0.00000e+00 1.53557e-01 0.00000e+00 
1.14000e+02 0.00000e+00 0.00000e+00 1.54315e-01 0.00000e+00 
1.14500e+02 0.00000e+00 0.00000e+00 1.55047e-01 0.00000e+00 
1.15000e+02 0.00000e+00 0.00000e+00 1.55755e-01 0.00000e+00 
1.15500e+02 0.00000e+00 0.00000e+00 1.56439e-01 0.00000e+00 
1.16000e+02 0.00000e+00 0.00000e+00 1.57101e-01 0.00000e+00 
1.16500e+02 0.00000e+00 0.00000e+00 1.57742e-01 0.00000e+00 
1.17000e+02 0.00000e+00 0.00000e+00 1.58362e-01 0.00000e+00 
1.17500e+02 0.00000e+00 0.00000e+00 1.58963e-01 0.00000e+00 
1.18000e+02 0.00000e+00 0.00000e+00 1.59545e-01 0.00000e+00 
1.18500e+02 0.00000e+00 0.00000e+00 1.60109e-01 0.00000e+00 
1.19000e+02 0.00000e+00 0.00000e+00 1.60657e-01 0.00000e+00 
1.19500e+02 0.00000e+00 0.00000e+00 1.61190e-01 0.00000e+00 
1.20000e+02 0.00000e+00 0.00000e+00 1.61709e-01 0.00000e+00 
1.20500e+02 2.37309e-182 0.00000e+00 1.62215e-01 0.00000e+00 
1.21000e+02 7.08766e-95 0.00000e+00 1.62710e-01 0.00000e+00 
1.21500e+02 1.87748e-48 0.00000e+00 1.63195e-01 0.00000e+00 
1.22000e+02 5.29328e-24 0.00000e+00 1.63670e-01 0.00000e+00 
1.22500e+02 3.27587e-11 0.00000e+00 1.64139e-01 0.00000e+00 
1.23000e+02 4.74292e-05 0.00000e+00 1.64603e-01 0.00000e+00 
1.23500e+02 1.54232e-02 0.00000e+00 1.65062e-01 0.00000e+00 
1.24000e+02 4.92063e-02 0.00000e+00 1.65520e-01 0.00000e+00 
1.24500e+02 5.91919e-02 0.00000e+00 1.65976e-01 0.00000e+00 
1.25000e+02 6.45527e-02 0.00000e+00 1.66432e-01 0.00000e+00 
1.25500e+02 6.83636e-02 0.00000e+00 1.66889e-01 0.00000e+00 
1.26000e+02 7.12544e-02 0.00000e+00 1.67348e-01 0.00000e+00 
1.26500e+02 7.35336e-02 0.00000e+00 1.67810e-01 0.00000e+00 
1.27000e+02 7.54063e-02 0.00000e+00 1.68276e-01 0.00000e+00 
1.27500e+02 7.70014e-02 0.00000e+00 1.68750e-01 0.00000e+00 
1.28000e+02 7.83966e-02 0.00000e+00 1.69235e-01 0.00000e+00 
1.28500e+02 7.96413e-02 0.00000e+00 1.69735e-01 0.00000e+00 
1.29000e+02 8.07693e-02 0.00000e+00 1.70256e-01 0.00000e+00 
1.29500e+02 8.18043e-02 0.00000e+00 1.70805e-01 0.00000e+00 
1.30000e+02 8.27637e-02 0.00000e+00 1.71389e-01 0.00000e+00 
1.30500e+02 8.36606e-02 0.00000e+00 1.72013e-01 0.00000e+00 
1.31000e+02 8.45053e-02 0.00000e+00 1.72685e-01 0.00000e+00 
1.31500e+02 8.53060e-02 0.00000e+00 1.73406e-01 0.00000e+00 
1.32000e+02 8.60691e-02 0.00000e+00 1.74179e-01 0.00000e+00 
1.32500e+02 8.68004e-02 0.00000e+00 1.75004e-01 0.00000e+00 
1.33000e+02 8.75062e-02 0.00000e+00 1.75879e-01 0.00000e+00 
1.33500e+02 8.82000e-02 0.00000e+00 1.76801e-01 0.00000e+00 
1.34000e+02 8.89172e-02 0.00000e+00 1.77764e-01 0.00000e+00 
1.34500e+02 8.97543e-02 0.00000e+00 1.78765e-01 0.00000e+00 
1.35000e+02 9.09249e-02 0.00000e+00 1.79799e-01 0.00000e+00 
1.35500e+02 9.27225e-02 0.00000e+00 1.80860e-01 0.00000e+00 
1.36000e+02 9.53287e-02 0.00000e+00 1.81943e-01 0.00000e+00 
1.36500e+02 9.86521e-02 0.00000e+00 1.83043e-01 0.00000e+00 
1.37000e+02 1.02321e-01 0.00000e+00 1.84156e-01 0.00000e+00 
1.37500e+02 1.05979e-01 0.00000e+00 1.85277e-01 0.00000e+00 
1.38000e+02 1.09460e-01 0.00000e+00 1.86401e-01 0.00000e+00 
1.38500e+02 1.12754e-01 0.00000e+00 1.87526e-01 0.00000e+00 
1.39000e+02 1.15966e-01 0.00000e+00 1.88647e-01 0.00000e+00 
1.39500e+02 1.19236e-01 0.00000e+00 1.89762e-01 0.00000e+00 
1.40000e+02 1.22664e-01 0.00000e+00 1.90868e-01 0.00000e+00 
1.40500e+02 1.26264e-01 0.00000e+00 1.91962e-01 0.00000e+00 
1.41000e+02 1.29955e-01 0.00000e+00 1.93043e-01 0.00000e+00 
1.41500e+02 1.33605e-01 0.00000e+00 1.94108e-01 0.00000e+00 
1.42000e+02 1.37090e-01 0.00000e+00 1.95157e-01 0.00000e+00 
1.42500e+02 1.40324e-01 0.00000e+00 1.96188e-01 0.00000e+00 
1.43000e+02 1.43271e-01 0.00000e+00 1.97200e-01 0.00000e+00 
1.43500e+02 1.45927e-01 0.00000e+00 1.98194e-01 0.00000e+00 
1.44000e+02 1.48310e-01 0.00000e+00 1.99169e-01 0.00000e+00 
1.44500e+02 1.50449e-01 0.00000e+00 2.00125e-01 0.00000e+00 
1.45000e+02 1.52375e-01 0.00000e+00 2.01064e-01 0.00000e+00 
1.45500e+02 1.54117e-01 0.00000e+00 2.01987e-01 0.00000e+00 
1.46000e+02 1.55701e-01 0.00000e+00 2.02894e-01 0.00000e+00 
1.46500e+02 1.57151e-01 0.00000e+00 2.03788e-01 0.00000e+00 
1.47000e+02 1.58487e-01 0.00000e+00 2.04670e-01 0.00000e+00 
1.47500e+02 1.59724e-01 0.00000e+00 2.05543e-01 0.00000e+00 
1.48000e+02 1.60877e-01 0.00000e+00 2.06407e-01 0.00000e+00 
1.48500e+02 1.61957e-01 0.00000e+00 2.07265e-01 0.00000e+00 
1.49000e+02 1.62973e-01 0.00000e+00 2.08118e-01 0.00000e+00 
1.49500e+02 1.63934e-01 0.00000e+00 2.08970e-01 0.00000e+00 
1.50000e+02 1.64845e-01 0.00000e+00 2.09822e-01 0.00000e+00 
1.50500e+02 1.65714e-01 0.00000e+00 2.10675e-01 0.00000e+00 
1.51000e+02 1.66545e-01 0.00000e+00 2.11532e-01 0.00000e+00 
1.51500e+02 1.67343e-01 0.00000e+00 2.12392e-01 0.00000e+00 
1.52000e+02 1.68111e-01 0.00000e+00 2.13257e-01 0.00000e+00 
1.52500e+02 1.68853e-01 0.00000e+00 2.14127e-01 0.00000e+00 
1.53000e+02 1.69573e-01 0.00000e+00 2.15000e-01 0.00000e+00 
1.53500e+02 1.70274e-01 0.00000e+00 2.15876e-01 0.00000e+00 
1.54000e+02 1.70958e-01 0.00000e+00 2.16754e-01 0.00000e+00 
1.54500e+02 1.71630e-01 0.00000e+00 2.17631e-01 0.00000e+00 
1.55000e+02 1.72291e-01 0.00000e+00 2.18507e-01 0.00000e+00 
1.55500e+02 1.72945e-01 0.00000e+00 2.19380e-01 0.00000e+00 
1.56000e+02 1.73592e-01 0.00000e+00 2.20248e-01 0.00000e+00 
1.56500e+02 1.74237e-01 0.00000e+00 2.21111e-01 0.00000e+00 
1.57000e+02 1.74879e-01 0.00000e+00 2.21967e-01 0.00000e+00 
1.57500e+02 1.75521e-01 0.00000e+00 2.22816e-01 0.00000e+00 
1.58000e+02 1.76163e-01 0.00000e+00 2.23659e-01 0.00000e+00 
1.58500e+02 1.76805e-01 0.00000e+00 2.24494e-01 0.00000e+00 
1.59000e+02 1.77449e-01 0.00000e+00 2.25323e-01 0.00000e+00 
1.59500e+02 1.78094e-01 0.00000e+00 2.26145e-01 0.00000e+00 
1.60000e+02 1.78739e-01 0.00000e+00 2.26962e-01 0.00000e+00 
1.60500e+02 1.79384e-01 0.00000e+00 2.27773e-01 0.00000e+00 
1.61000e+02 1.80028e-01 0.00000e+00 2.28581e-01 0.00000e+00 
1.61500e+02 1.80670e-01 0.00000e+00 2.29384e-01 0.00000e+00 
1.62000e+02 1.81311e-01 0.00000e+00 2.30185e-01 0.00000e+00 
1.62500e+02 1.81950e-01 0.00000e+00 2.30983e-01 0.00000e+00 
1.63000e+02 1.82587e-01 0.00000e+00 2.31780e-01 0.00000e+00 
1.63500e+02 1.83220e-01 0.00000e+00 2.32575e-01 0.00000e+00 
1.64000e+02 1.83852e-01 0.00000e+00 2.33368e-01 0.00000e+00 
1.64500e+02 1.84480e-01 0.00000e+00 2.34160e-01 0.00000e+00 
1.65000e+02 1.85106e-01 0.00000e+00 2.34949e-01 0.00000e+00 
1.65500e+02 1.85728e-01 0.00000e+00 2.35734e-01 0.00000e+00 
1.66000e+02 1.86346e-01 0.00000e+00 2.36516e-01 0.00000e+00 
1.66500e+02 1.86959e-01 0.00000e+00 2.37291e-01 0.00000e+00 
1.67000e+02 1.87566e-01 0.00000e+00 2.38060e-01 0.00000e+00 
1.67500e+02 1.88165e-01 0.00000e+00 2.38820e-01 0.00000e+00 
1.68000e+02 1.88755e-01 0.00000e+00 2.39572e-01 0.00000e+00 
1.68500e+02 1.89334e-01 0.00000e+00 2.40314e-01 0.00000e+00 
1.69000e+02 1.89903e-01 0.00000e+00 2.41046e-01 0.00000e+00 
1.69500e+02 1.90458e-01 0.00000e+00 2.41767e-01 0.00000e+00 
1.70000e+02 1.91000e-01 0.00000e+00 2.42477e-01 0.00000e+00 
1.70500e+02 1.91528e-01 0.00000e+00 2.43177e-01 0.00000e+00 
1.71000e+02 1.92042e-01 0.00000e+00 2.43865e-01 0.00000e+00 
1.71500e+02 1.92541e-01 0.00000e+00 2.44544e-01 0.00000e+00 
1.72000e+02 1.93025e-01 0.00000e+00 2.45212e-01 0.00000e+00 
1.72500e+02 1.93496e-01 0.00000e+00 2.45870e-01 0.00000e+00 
1.73000e+02 1.93953e-01 0.00000e+00 2.46517e-01 0.00000e+00 
1.73500e+02 1.94397e-01 0.00000e+00 2.47154e-01 0.00000e+00 
1.74000e+02 1.94828e-01 0.00000e+00 2.47780e-01 0.00000e+00 
1.74500e+02 1.95247e-01 0.00000e+00 2.48397e-01 0.00000e+00 
1.75000e+02 1.95656e-01 0.00000e+00 2.49003e-01 0.00000e+00 
1.75500e+02 1.96053e-01 0.00000e+00 2.49601e-01 0.00000e+00 
1.76000e+02 1.96442e-01 0.00000e+00 2.50189e-01 0.00000e+00 
1.76500e+02 1.96821e-01 0.00000e+00 2.50769e-01 0.00000e+00 
1.77000e+02 1.97192e-01 0.00000e+00 2.51342e-01 0.00000e+00 
1.77500e+02 1.97555e-01 0.00000e+00 2.51908e-01 0.00000e+00 
1.78000e+02 1.97910e-01 0.00000e+00 2.52468e-01 0.00000e+00 
1.78500e+02 1.98260e-01 0.00000e+00 2.53024e-01 0.00000e+00 
1.79000e+02 1.98603e-01 0.00000e+00 2.53575e-01 0.00000e+00 
1.79500e+02 1.98940e-01 0.00000e+00 2.54123e-01 0.00000e+00 
1.80000e+02 1.99272e-01 0.00000e+00 2.54669e-01 0.00000e+00 
1.80500e+02 1.99599e-01 0.00000e+00 2.55211e-01 0.00000e+00 
1.81000e+02 1.99921e-01 0.00000e+00 2.55751e-01 0.00000e+00 
1.81500e+02 2.00238e-01 0.00000e+00 2.56287e-01 0.00000e+00 
1.82000e+02 2.00552e-01 0.00000e+00 2.56819e-01 0.00000e+00 
1.82500e+02 2.00862e-01 0.00000e+00 2.57347e-01 0.00000e+00 
1.83000e+02 2.01168e-01 0.00000e+00 2.57870e-01 0.00000e+00 
1.83500e+02 2.01470e-01 0.00000e+00 2.58388e-01 0.00000e+00 
1.84000e+02 2.01770e-01 0.00000e+00 2.58899e-01 0.00000e+00 
1.84500e+02 2.02067e-01 0.00000e+00 2.59404e-01 0.00000e+00 
1.85000e+02 2.02361e-01 0.00000e+00 2.59903e-01 0.00000e+00 
1.85500e+02 2.02654e-01 0.00000e+00 2.60395e-01 0.00000e+00 
1.86000e+02 2.02945e-01 0.00000e+00 2.60880e-01 0.00000e+00 
1.86500e+02 2.03235e-01 0.00000e+00 2.61360e-01 0.00000e+00 
1.87000e+02 2.03524e-01 0.00000e+00 2.61833e-01 0.00000e+00 
1.87500e+02 2.03813e-01 0.00000e+00 2.62300e-01 0.00000e+00 
1.88000e+02 2.04102e-01 0.00000e+00 2.62761e-01 0.00000e+00 
1.88500e+02 2.04392e-01 0.00000e+00 2.63218e-01 0.00000e+00 
1.89000e+02 2.04684e-01 0.00000e+00 2.63669e-01 0.00000e+00 
1.89500e+02 2.04977e-01 0.00000e+00 2.64115e-01 0.00000e+00 
1.90000e+02 2.05273e-01 0.00000e+00 2.64557e-01 0.00000e+00 
1.90500e+02 2.05573e-01 0.00000e+00 2.64995e-01 0.00000e+00 
1.91000e+02 2.05876e-01 0.00000e+00 2.65428e-01 0.00000e+00 
1.91500e+02 2.06183e-01 0.00000e+00 2.65859e-01 0.00000e+00 
1.92000e+02 2.06496e-01 0.00000e+00 2.66285e-01 0.00000e+00 
1.92500e+02 2.06814e-01 0.00000e+00 2.66708e-01 0.00000e+00 
1.93000e+02 2.07138e-01 0.00000e+00 2.67129e-01 0.00000e+00 
1.93500e+02 2.07469e-01 0.00000e+00 2.67546e-01 0.00000e+00 
1.94000e+02 2.07807e-01 0.00000e+00 2.67961e-01 0.00000e+00 
1.94500e+02 2.08153e-01 0.00000e+00 2.68374e-01 0.00000e+00 
1.95000e+02 2.08507e-01 0.00000e+00 2.68784e-01 0.00000e+00 
1.95500e+02 2.08869e-01 0.00000e+00 2.69193e-01 0.00000e+00 
1.96000e+02 2.09241e-01 0.00000e+00 2.69599e-01 0.00000e+00 
1.96500e+02 2.09623e-01 0.00000e+00 2.70003e-01 0.00000e+00 
1.97000e+02 2.10013e-01 0.00000e+00 2.70405e-01 0.00000e+00 
1.97500e+02 2.10414e-01 0.00000e+00 2.70805e-01 0.00000e+00 
1.98000e+02 2.10825e-01 0.00000e+00 2.71204e-01 0.00000e+00 
1.98500e+02 2.11245e-01 0.00000e+00 2.71600e-01 0.00000e+00 
1.99000e+02 2.11676e-01 0.00000e+00 2.71995e-01 0.00000e+00 
1.99500e+02 2.12117e-01 0.00000e+00 2.72387e-01 0.00000e+00 
2.00000e+02 2.12567e-01 0.00000e+00 2.72778e-01 0.00000e+00 
2.00500e+02 2.13027e-01 0.00000e+00 2.73166e-01 0.00000e+00 
2.01000e+02 2.13495e-01 0.00000e+00 2.73553e-01 0.00000e+00 
2.01500e+02 2.13973e-01 0.00000e+00 2.73937e-01 0.00000e+00 
2.02000e+02 2.14459e-01 0.00000e+00 2.74319e-01 0.00000e+00 
2.02500e+02 2.14953e-01 0.00000e+00 2.74700e-01 0.00000e+00 
2.03000e+02 2.15454e-01 0.00000e+00 2.75077e-01 0.00000e+00 
2.03500e+02 2.15963e-01 0.00000e+00 2.75453e-01 0.00000e+00 
2.04000e+02 2.16477e-01 0.00000e+00 2.75827e-01 0.00000e+00 
2.04500e+02 2.16998e-01 0.00000e+00 2.76199e-01 0.00000e+00 
2.05000e+02 2.17525e-01 0.00000e+00 2.76568e-01 0.00000e+00 
2.05500e+02 2.18056e-01 0.00000e+00 2.76936e-01 0.00000e+00 
2.06000e+02 2.18593e-01 0.00000e+00 2.77302e-01 0.00000e+00 
2.06500e+02 2.19134e-01 0.00000e+00 2.77666e-01 0.00000e+00 
2.07000e+02 2.19679e-01 0.00000e+00 2.78028e-01 0.00000e+00 
2.07500e+02 2.20227e-01 0.00000e+00 2.78388e-01 0.00000e+00 
2.08000e+02 2.20779e-01 0.00000e+00 2.78747e-01 0.00000e+00 
2.08500e+02 2.21334e-01 0.00000e+00 2.79104e-01 0.00000e+00 
2.09000e+02 2.21891e-01 0.00000e+00 2.79459e-01 0.00000e+00 
2.09500e+02 2.22451e-01 0.00000e+00 2.79813e-01 0.00000e+00 
2.10000e+02 2.23012e-01 0.00000e+00 2.80165e-01 0.00000e+00 
2.10500e+02 2.23575e-01 0.00000e+00 2.80516e-01 0.00000e+00 
2.11000e+02 2.24139e-01 0.00000e+00 2.80865e-01 0.00000e+00 
2.11500e+02 2.24704e-01 0.00000e+00 2.81213e-01 0.00000e+00 
2.12000e+02 2.25271e-01 0.00000e+00 2.81560e-01 0.00000e+00 
2.12500e+02 2.25839e-01 0.00000e+00 2.81906e-01 0.00000e+00 
2.13000e+02 2.26410e-01 0.00000e+00 2.82250e-01 0.00000e+00 
2.13500e+02 2.26983e-01 0.00000e+00 2.82593e-01 0.00000e+00 
2.14000e+02 2.27560e-01 0.00000e+00 2.82935e-01 0.00000e+00 
2.14500e+02 2.28141e-01 0.00000e+00 2.83276e-01 0.00000e+00 
2.15000e+02 2.28726e-01 0.00000e+00 2.83616e-01 0.00000e+00 
2.15500e+02 2.29315e-01 0.00000e+00 2.83955e-01 0.00000e+00 
2.16000e+02 2.29908e-01 0.00000e+00 2.84293e-01 0.00000e+00 
2.16500e+02 2.30504e-01 0.00000e+00 2.84630e-01 0.00000e+00 
2.17000e+02 2.31103e-01 0.00000e+00 2.84966e-01 0.00000e+00 
2.17500e+02 2.31702e-01 0.00000e+00 2.85301e-01 0.00000e+00 
2.18000e+02 2.32301e-01 0.00000e+00 2.85636e-01 0.00000e+00 
2.18500e+02 2.32897e-01 0.00000e+00 2.85969e-01 0.00000e+00 
2.19000e+02 2.33490e-01 0.00000e+00 2.86301e-01 0.00000e+00 
2.19500e+02 2.34078e-01 0.00000e+00 2.86633e-01 0.00000e+00 
2.20000e+02 2.34660e-01 0.00000e+00 2.86964e-01 0.00000e+00 
2.20500e+02 2.35235e-01 0.00000e+00 2.87294e-01 0.00000e+00 
2.21000e+02 2.35803e-01 0.00000e+00 2.87623e-01 0.00000e+00 
2.21500e+02 2.36364e-01 0.00000e+00 2.87951e-01 0.00000e+00 
2.22000e+02 2.36917e-01 0.00000e+00 2.88278e-01 0.00000e+00 
2.22500e+02 2.37463e-01 0.00000e+00 2.88605e-01 0.00000e+00 
2.23000e+02 2.38001e-01 0.00000e+00 2.88930e-01 0.00000e+00 
2.23500e+02 2.38533e-01 0.00000e+00 2.89255e-01 0.00000e+00 
2.24000e+02 2.39058e-01 0.00000e+00 2.89579e-01 0.00000e+00 
2.24500e+02 2.39577e-01 0.00000e+00 2.89902e-01 0.00000e+00 
2.25000e+02 2.40090e-01 0.00000e+00 2.90224e-01 0.00000e+00 
2.25500e+02 2.40597e-01 0.00000e+00 2.90545e-01 0.00000e+00 
2.26000e+02 2.41099e-01 0.00000e+00 2.90866e-01 0.00000e+00 
2.26500e+02 2.41596e-01 0.00000e+00 2.91185e-01 0.00000e+00 
2.27000e+02 2.42087e-01 0.00000e+00 2.91504e-01 0.00000e+00 
2.27500e+02 2.42575e-01 0.00000e+00 2.91822e-01 0.00000e+00 
2.28000e+02 2.43058e-01 0.00000e+00 2.92138e-01 0.00000e+00 
2.28500e+02 2.43537e-01 0.00000e+00 2.92454e-01 0.00000e+00 
2.29000e+02 2.44011e-01 0.00000e+00 2.92769e-01 0.00000e+00 
2.29500e+02 2.44482e-01 0.00000e+00 2.93084e-01 0.00000e+00 
2.30000e+02 2.44950e-01 0.00000e+00 2.93397e-01 0.00000e+00 
2.30500e+02 2.45414e-01 0.00000e+00 2.93709e-01 0.00000e+00 
2.31000e+02 2.45874e-01 0.00000e+00 2.94021e-01 0.00000e+00 
2.31500e+02 2.46331e-01 0.00000e+00 2.94331e-01 0.00000e+00 
2.32000e+02 2.46785e-01 0.00000e+00 2.94641e-01 0.00000e+00 
2.32500e+02 2.47236e-01 0.00000e+00 2.94950e-01 0.00000e+00 
2.33000e+02 2.47684e-01 0.00000e+00 2.95258e-01 0.00000e+00 
2.33500e+02 2.48129e-01 0.00000e+00 2.95565e-01 0.00000e+00 
2.34000e+02 2.48572e-01 0.00000e+00 2.95871e-01 0.00000e+00 
2.34500e+02 2.49011e-01 0.00000e+00 2.96176e-01 0.00000e+00 
2.35000e+02 2.49448e-01 0.00000e+00 2.96481e-01 0.00000e+00 
2.35500e+02 2.49882e-01 0.00000e+00 2.96785e-01 0.00000e+00 
2.36000e+02 2.50314e-01 0.00000e+00 2.97088e-01 0.00000e+00 
2.36500e+02 2.50743e-01 0.00000e+00 2.97390e-01 0.00000e+00 
2.37000e+02 2.51169e-01 0.00000e+00 2.97691e-01 0.00000e+00 
2.37500e+02 2.51594e-01 0.00000e+00 2.97992e-01 0.00000e+00 
2.38000e+02 2.52016e-01 0.00000e+00 2.98291e-01 0.00000e+00 
2.38500e+02 2.52436e-01 0.00000e+00 2.98590e-01 0.00000e+00 
2.39000e+02 2.52853e-01 0.00000e+00 2.98889e-01 0.00000e+00 
2.39500e+02 2.53269e-01 0.00000e+00 2.99186e-01 0.00000e+00 
2.40000e+02 2.53682e-01 0.00000e+00 2.99483e-01 0.00000e+00 
