0.00000e+00 0.00000e+00 0.00000e+00 0.00000e+00 0.00000e+00 
5.00000e-01 0.00000e+00 0.00000e+00 0.00000e+00 0.00000e+00 
1.00000e+00 0.00000e+00 0.00000e+00 0.00000e+00 0.00000e+00 
1.50000e+00 0.00000e+00 0.00000e+00 0.00000e+00 0.00000e+00 
2.00000e+00 0.00000e+00 0.00000e+00 0.00000e+00 0.00000e+00 
2.50000e+00 0.00000e+00 0.00000e+00 0.00000e+00 0.00000e+00 
3.00000e+00 0.00000e+00 0.00000e+00 0.00000e+00 0.00000e+00 
3.50000e+00 0.00000e+00 0.00000e+00 0.00000e+00 0.00000e+00 
4.00000e+00 0.00000e+00 0.00000e+00 0.00000e+00 0.00000e+00 
4.50000e+00 0.00000e+00 0.00000e+00 0.00000e+00 0.00000e+00 
5.00000e+00 0.00000e+00 0.00000e+00 0.00000e+00 0.00000e+00 
5.50000e+00 0.00000e+00 0.00000e+00 0.00000e+00 0.00000e+00 
6.00000e+00 0.00000e+00 0.00000e+00 0.00000e+00 0.00000e+00 
6.50000e+00 0.00000e+00 0.00000e+00 0.00000e+00 0.00000e+00 
7.00000e+00 0.00000e+00 0.00000e+00 0.00000e+00 0.00000e+00 
7.50000e+00 0.00000e+00 0.00000e+00 0.00000e+00 0.00000e+00 
8.00000e+00 0.00000e+00 0.00000e+00 0.00000e+00 0.00000e+00 
8.50000e+00 0.00000e+00 0.00000e+00 0.00000e+00 0.00000e+00 
9.00000e+00 0.00000e+00 0.00000e+00 0.00000e+00 0.00000e+00 
9.50000e+00 0.00000e+00 0.00000e+00 0.00000e+00 0.00000e+00 
1.00000e+01 0.00000e+00 0.00000e+00 0.00000e+00 0.00000e+00 
1.05000e+01 0.00000e+00 0.00000e+00 0.00000e+00 0.00000e+00 
1.10000e+01 0.00000e+00 0.00000e+00 0.00000e+00 0.00000e+00 
1.15000e+01 0.00000e+00 0.00000e+00 0.00000e+00 0.00000e+00 
1.20000e+01 0.00000e+00 0.00000e+00 0.00000e+00 0.00000e+00 
1.25000e+01 0.00000e+00 0.00000e+00 0.00000e+00 0.00000e+00 
1.30000e+01 0.00000e+00 0.00000e+00 0.00000e+00 0.00000e+00 
1.35000e+01 0.00000e+00 0.00000e+00 0.00000e+00 0.00000e+00 
1.40000e+01 0.00000e+00 0.00000e+00 0.00000e+00 0.00000e+00 
1.45000e+01 0.00000e+00 0.00000e+00 0.00000e+00 0.00000e+00 
1.50000e+01 0.00000e+00 0.00000e+00 0.00000e+00 0.00000e+00 
1.55000e+01 0.00000e+00 0.00000e+00 0.00000e+00 0.00000e+00 
1.60000e+01 0.00000e+00 0.00000e+00 0.00000e+00 0.00000e+00 
1.65000e+01 0.00000e+00 0.00000e+00 0.00000e+00 0.00000e+00 
1.70000e+01 0.00000e+00 0.00000e+00 0.00000e+00 0.00000e+00 
1.75000e+01 0.00000e+00 0.00000e+00 0.00000e+00 0.00000e+00 
1.80000e+01 0.00000e+00 0.00000e+00 0.00000e+00 0.00000e+00 
1.85000e+01 0.00000e+00 0.00000e+00 0.00000e+00 0.00000e+00 
1.90000e+01 0.00000e+00 0.00000e+00 0.00000e+00 0.00000e+00 
1.95000e+01 0.00000e+00 0.00000e+00 0.00000e+00 0.00000e+00 
2.00000e+01 0.00000e+00 0.00000e+00 0.00000e+00 0.00000e+00 
2.05000e+01 0.00000e+00 0.00000e+00 0.00000e+00 0.00000e+00 
2.10000e+01 0.00000e+00 0.00000e+00 0.00000e+00 0.00000e+00 
2.15000e+01 0.00000e+00 0.00000e+00 0.00000e+00 0.00000e+00 
2.20000e+01 0.00000e+00 0.00000e+00 0.00000e+00 0.00000e+00 
2.25000e+01 0.00000e+00 0.00000e+00 0.00000e+00 0.00000e+00 
2.30000e+01 0.00000e+00 0.00000e+00 0.00000e+00 0.00000e+00 
2.35000e+01 0.00000e+00 0.00000e+00 0.00000e+00 0.00000e+00 
2.40000e+01 0.00000e+00 0.00000e+00 0.00000e+00 0.00000e+00 
2.45000e+01 0.00000e+00 0.00000e+00 0.00000e+00 0.00000e+00 
2.50000e+01 0.00000e+00 0.00000e+00 0.00000e+00 0.00000e+00 
2.55000e+01 0.00000e+00 0.00000e+00 0.00000e+00 0.00000e+00 
2.60000e+01 0.00000e+00 0.00000e+00 0.00000e+00 0.00000e+00 
2.65000e+01 0.00000e+00 0.00000e+00 0.00000e+00 0.00000e+00 
2.70000e+01 0.00000e+00 0.00000e+00 0.00000e+00 0.00000e+00 
2.75000e+01 0.00000e+00 0.00000e+00 0.00000e+00 0.00000e+00 
2.80000e+01 0.00000e+00 0.00000e+00 0.00000e+00 0.00000e+00 
2.85000e+01 0.00000e+00 0.00000e+00 0.00000e+00 0.00000e+00 
2.90000e+01 0.00000e+00 0.00000e+00 0.00000e+00 0.00000e+00 
2.95000e+01 0.00000e+00 0.00000e+00 0.00000e+00 0.00000e+00 
3.00000e+01 0.00000e+00 0.00000e+00 0.00000e+00 0.00000e+00 
3.05000e+01 0.00000e+00 0.00000e+00 0.00000e+00 0.00000e+00 
3.10000e+01 0.00000e+00 0.00000e+00 0.00000e+00 0.00000e+00 
3.15000e+01 0.00000e+00 0.00000e+00 0.00000e+00 0.00000e+00 
3.20000e+01 0.00000e+00 0.00000e+00 0.00000e+00 0.00000e+00 
3.25000e+01 0.00000e+00 0.00000e+00 0.00000e+00 0.00000e+00 
3.30000e+01 0.00000e+00 0.00000e+00 0.00000e+00 0.00000e+00 
3.35000e+01 0.00000e+00 0.00000e+00 0.00000e+00 0.00000e+00 
3.40000e+01 0.00000e+00 0.00000e+00 0.00000e+00 0.00000e+00 
3.45000e+01 0.00000e+00 0.00000e+00 0.00000e+00 0.00000e+00 
3.50000e+01 0.00000e+00 0.00000e+00 0.00000e+00 0.00000e+00 
3.55000e+01 0.00000e+00 0.00000e+00 0.00000e+00 0.00000e+00 
3.60000e+01 0.00000e+00 0.00000e+00 0.00000e+00 0.00000e+00 
3.65000e+01 0.00000e+00 0.00000e+00 0.00000e+00 0.00000e+00 
3.70000e+01 0.00000e+00 0.00000e+00 0.00000e+00 0.00000e+00 
3.75000e+01 0.00000e+00 0.00000e+00 0.00000e+00 0.00000e+00 
3.80000e+01 0.00000e+00 0.00000e+00 0.00000e+00 0.00000e+00 
3.85000e+01 0.00000e+00 0.00000e+00 0.00000e+00 0.00000e+00 
3.90000e+01 0.00000e+00 0.00000e+00 0.00000e+00 0.00000e+00 
3.95000e+01 0.00000e+00 0.00000e+00 0.00000e+00 0.00000e+00 
4.00000e+01 0.00000e+00 0.00000e+00 0.00000e+00 0.00000e+00 
4.05000e+01 0.00000e+00 0.00000e+00 0.00000e+00 0.00000e+00 
4.10000e+01 0.00000e+00 0.00000e+00 0.00000e+00 0.00000e+00 
4.15000e+01 0.00000e+00 0.00000e+00 0.00000e+00 0.00000e+00 
4.20000e+01 0.00000e+00 0.00000e+00 0.00000e+00 0.00000e+00 
4.25000e+01 0.00000e+00 0.00000e+00 0.00000e+00 0.00000e+00 
4.30000e+01 0.00000e+00 0.00000e+00 0.00000e+00 0.00000e+00 
4.35000e+01 0.00000e+00 0.00000e+00 0.00000e+00 0.00000e+00 
4.40000e+01 0.00000e+00 0.00000e+00 0.00000e+00 0.00000e+00 
4.45000e+01 0.00000e+00 0.00000e+00 0.00000e+00 0.00000e+00 
4.50000e+01 0.00000e+00 0.00000e+00 0.00000e+00 0.00000e+00 
4.55000e+01 0.00000e+00 0.00000e+00 0.00000e+00 0.00000e+00 
4.60000e+01 0.00000e+00 0.00000e+00 0.00000e+00 0.00000e+00 
4.65000e+01 0.00000e+00 0.00000e+00 0.00000e+00 0.00000e+00 
4.70000e+01 0.00000e+00 0.00000e+00 0.00000e+00 0.00000e+00 
4.75000e+01 0.00000e+00 0.00000e+00 0.00000e+00 0.00000e+00 
4.80000e+01 0.00000e+00 0.00000e+00 0.00000e+00 0.00000e+00 
4.85000e+01 0.00000e+00 0.00000e+00 0.00000e+00 0.00000e+00 
4.90000e+01 0.00000e+00 0.00000e+00 0.00000e+00 0.00000e+00 
4.95000e+01 0.00000e+00 0.00000e+00 0.00000e+00 0.00000e+00 
5.00000e+01 0.00000e+00 0.00000e+00 0.00000e+00 0.00000e+00 
5.05000e+01 0.00000e+00 0.00000e+00 0.00000e+00 0.00000e+00 
5.10000e+01 0.00000e+00 0.00000e+00 0.00000e+00 0.00000e+00 
5.15000e+01 0.00000e+00 0.00000e+00 0.00000e+00 0.00000e+00 
5.20000e+01 0.00000e+00 0.00000e+00 0.00000e+00 0.00000e+00 
5.25000e+01 0.00000e+00 0.00000e+00 0.00000e+00 0.00000e+00 
5.30000e+01 0.00000e+00 0.00000e+00 0.00000e+00 0.00000e+00 
5.35000e+01 0.00000e+00 0.00000e+00 0.00000e+00 0.00000e+00 
5.40000e+01 0.00000e+00 0.00000e+00 0.00000e+00 0.00000e+00 
5.45000e+01 0.00000e+00 0.00000e+00 0.00000e+00 0.00000e+00 
5.50000e+01 0.00000e+00 0.00000e+00 0.00000e+00 0.00000e+00 
5.55000e+01 0.00000e+00 0.00000e+00 0.00000e+00 0.00000e+00 
5.60000e+01 0.00000e+00 0.00000e+00 0.00000e+00 0.00000e+00 
5.65000e+01 0.00000e+00 0.00000e+00 0.00000e+00 0.00000e+00 
5.70000e+01 0.00000e+00 0.00000e+00 0.00000e+00 0.00000e+00 
5.75000e+01 0.00000e+00 0.00000e+00 0.00000e+00 0.00000e+00 
5.80000e+01 0.00000e+00 0.00000e+00 0.00000e+00 0.00000e+00 
5.85000e+01 0.00000e+00 0.00000e+00 0.00000e+00 0.00000e+00 
5.90000e+01 0.00000e+00 0.00000e+00 0.00000e+00 0.00000e+00 
5.95000e+01 0.00000e+00 0.00000e+00 0.00000e+00 0.00000e+00 
6.00000e+01 0.00000e+00 0.00000e+00 0.00000e+00 0.00000e+00 
6.05000e+01 0.00000e+00 0.00000e+00 0.00000e+00 0.00000e+00 
6.10000e+01 0.00000e+00 0.00000e+00 0.00000e+00 0.00000e+00 
6.15000e+01 0.00000e+00 0.00000e+00 0.00000e+00 0.00000e+00 
6.20000e+01 0.00000e+00 0.00000e+00 0.00000e+00 0.00000e+00 
6.25000e+01 0.00000e+00 0.00000e+00 0.00000e+00 0.00000e+00 
6.30000e+01 0.00000e+00 0.00000e+00 0.00000e+00 0.00000e+00 
6.35000e+01 0.00000e+00 0.00000e+00 0.00000e+00 0.00000e+00 
6.40000e+01 0.00000e+00 0.00000e+00 0.00000e+00 0.00000e+00 
6.45000e+01 0.00000e+00 0.00000e+00 0.00000e+00 0.00000e+00 
6.50000e+01 0.00000e+00 0.00000e+00 0.00000e+00 0.00000e+00 
6.55000e+01 0.00000e+00 0.00000e+00 0.00000e+00 0.00000e+00 
6.60000e+01 0.00000e+00 0.00000e+00 0.00000e+00 0.00000e+00 
6.65000e+01 0.00000e+00 0.00000e+00 0.00000e+00 0.00000e+00 
6.70000e+01 0.00000e+00 0.00000e+00 0.00000e+00 0.00000e+00 
6.75000e+01 0.00000e+00 0.00000e+00 0.00000e+00 0.00000e+00 
6.80000e+01 0.00000e+00 0.00000e+00 0.00000e+00 0.00000e+00 
6.85000e+01 0.00000e+00 0.00000e+00 0.00000e+00 0.00000e+00 
6.90000e+01 0.00000e+00 0.00000e+00 0.00000e+00 0.00000e+00 
6.95000e+01 0.00000e+00 0.00000e+00 0.00000e+00 0.00000e+00 
7.00000e+01 0.00000e+00 0.00000e+00 0.00000e+00 0.00000e+00 
7.05000e+01 0.00000e+00 0.00000e+00 0.00000e+00 0.00000e+00 
7.10000e+01 0.00000e+00 0.00000e+00 0.00000e+00 0.00000e+00 
7.15000e+01 0.00000e+00 0.00000e+00 0.00000e+00 0.00000e+00 
7.20000e+01 0.00000e+00 0.00000e+00 0.00000e+00 0.00000e+00 
7.25000e+01 0.00000e+00 0.00000e+00 0.00000e+00 0.00000e+00 
7.30000e+01 0.00000e+00 0.00000e+00 0.00000e+00 0.00000e+00 
7.35000e+01 0.00000e+00 0.00000e+00 0.00000e+00 0.00000e+00 
7.40000e+01 0.00000e+00 0.00000e+00 0.00000e+00 0.00000e+00 
7.45000e+01 0.00000e+00 0.00000e+00 0.00000e+00 0.00000e+00 
7.50000e+01 0.00000e+00 0.00000e+00 0.00000e+00 0.00000e+00 
7.55000e+01 0.00000e+00 0.00000e+00 0.00000e+00 0.00000e+00 
7.60000e+01 0.00000e+00 0.00000e+00 0.00000e+00 0.00000e+00 
7.65000e+01 0.00000e+00 0.00000e+00 0.00000e+00 0.00000e+00 
7.70000e+01 0.00000e+00 0.00000e+00 0.00000e+00 0.00000e+00 
7.75000e+01 0.00000e+00 0.00000e+00 0.00000e+00 0.00000e+00 
7.80000e+01 0.00000e+00 0.00000e+00 0.00000e+00 0.00000e+00 
7.85000e+01 0.00000e+00 0.00000e+00 0.00000e+00 0.00000e+00 
7.90000e+01 0.00000e+00 0.00000e+00 0.00000e+00 0.00000e+00 
7.95000e+01 0.00000e+00 0.00000e+00 0.00000e+00 0.00000e+00 
8.00000e+01 0.00000e+00 0.00000e+00 0.00000e+00 0.00000e+00 
8.05000e+01 0.00000e+00 0.00000e+00 0.00000e+00 0.00000e+00 
8.10000e+01 0.00000e+00 0.00000e+00 0.00000e+00 0.00000e+00 
8.15000e+01 0.00000e+00 0.00000e+00 0.00000e+00 0.00000e+00 
8.20000e+01 0.00000e+00 0.00000e+00 0.00000e+00 0.00000e+00 
8.25000e+01 0.00000e+00 0.00000e+00 0.00000e+00 0.00000e+00 
8.30000e+01 0.00000e+00 0.00000e+00 0.00000e+00 0.00000e+00 
8.35000e+01 0.00000e+00 0.00000e+00 0.00000e+00 0.00000e+00 
8.40000e+01 0.00000e+00 0.00000e+00 0.00000e+00 0.00000e+00 
8.45000e+01 0.00000e+00 0.00000e+00 0.00000e+00 0.00000e+00 
8.50000e+01 0.00000e+00 0.00000e+00 0.00000e+00 0.00000e+00 
8.55000e+01 0.00000e+00 0.00000e+00 0.00000e+00 0.00000e+00 
8.60000e+01 0.00000e+00 0.00000e+00 0.00000e+00 0.00000e+00 
8.65000e+01 0.00000e+00 0.00000e+00 0.00000e+00 0.00000e+00 
8.70000e+01 0.00000e+00 0.00000e+00 0.00000e+00 0.00000e+00 
8.75000e+01 0.00000e+00 0.00000e+00 0.00000e+00 0.00000e+00 
8.80000e+01 0.00000e+00 0.00000e+00 0.00000e+00 0.00000e+00 
8.85000e+01 0.00000e+00 0.00000e+00 0.00000e+00 0.00000e+00 
8.90000e+01 0.00000e+00 0.00000e+00 0.00000e+00 0.00000e+00 
8.95000e+01 0.00000e+00 0.00000e+00 0.00000e+00 0.00000e+00 
9.00000e+01 0.00000e+00 0.00000e+00 0.00000e+00 0.00000e+00 
9.05000e+01 0.00000e+00 0.00000e+00 0.00000e+00 0.00000e+00 
9.10000e+01 0.00000e+00 0.00000e+00 0.00000e+00 0.00000e+00 
9.15000e+01 0.00000e+00 0.00000e+00 0.00000e+00 0.00000e+00 
9.20000e+01 0.00000e+00 0.00000e+00 0.00000e+00 0.00000e+00 
9.25000e+01 0.00000e+00 0.00000e+00 0.00000e+00 0.00000e+00 
9.30000e+01 0.00000e+00 0.00000e+00 0.00000e+00 0.00000e+00 
9.35000e+01 0.00000e+00 0.00000e+00 0.00000e+00 0.00000e+00 
9.40000e+01 0.00000e+00 0.00000e+00 0.00000e+00 0.00000e+00 
9.45000e+01 0.00000e+00 0.00000e+00 0.00000e+00 0.00000e+00 
9.50000e+01 0.00000e+00 0.00000e+00 0.00000e+00 0.00000e+00 
9.55000e+01 0.00000e+00 0.00000e+00 0.00000e+00 0.00000e+00 
9.60000e+01 0.00000e+00 0.00000e+00 0.00000e+00 0.00000e+00 
9.65000e+01 0.00000e+00 0.00000e+00 0.00000e+00 0.00000e+00 
9.70000e+01 0.00000e+00 0.00000e+00 0.00000e+00 0.00000e+00 
9.75000e+01 0.00000e+00 0.00000e+00 0.00000e+00 0.00000e+00 
9.80000e+01 0.00000e+00 0.00000e+00 0.00000e+00 0.00000e+00 
9.85000e+01 0.00000e+00 0.00000e+00 0.00000e+00 0.00000e+00 
9.90000e+01 0.00000e+00 0.00000e+00 0.00000e+00 0.00000e+00 
9.95000e+01 0.00000e+00 0.00000e+00 0.00000e+00 0.00000e+00 
1.00000e+02 0.00000e+00 0.00000e+00 0.00000e+00 0.00000e+00 
1.00500e+02 0.00000e+00 0.00000e+00 0.00000e+00 0.00000e+00 
1.01000e+02 0.00000e+00 0.00000e+00 0.00000e+00 0.00000e+00 
1.01500e+02 0.00000e+00 0.00000e+00 0.00000e+00 0.00000e+00 
1.02000e+02 0.00000e+00 0.00000e+00 0.00000e+00 0.00000e+00 
1.02500e+02 0.00000e+00 0.00000e+00 0.00000e+00 0.00000e+00 
1.03000e+02 0.00000e+00 0.00000e+00 0.00000e+00 0.00000e+00 
1.03500e+02 0.00000e+00 0.00000e+00 0.00000e+00 0.00000e+00 
1.04000e+02 0.00000e+00 0.00000e+00 0.00000e+00 0.00000e+00 
1.04500e+02 0.00000e+00 0.00000e+00 0.00000e+00 0.00000e+00 
1.05000e+02 0.00000e+00 0.00000e+00 0.00000e+00 0.00000e+00 
1.05500e+02 0.00000e+00 0.00000e+00 0.00000e+00 0.00000e+00 
1.06000e+02 0.00000e+00 0.00000e+00 0.00000e+00 0.00000e+00 
1.06500e+02 0.00000e+00 0.00000e+00 0.00000e+00 0.00000e+00 
1.07000e+02 0.00000e+00 0.00000e+00 0.00000e+00 0.00000e+00 
1.07500e+02 0.00000e+00 0.00000e+00 0.00000e+00 0.00000e+00 
1.08000e+02 0.00000e+00 0.00000e+00 0.00000e+00 0.00000e+00 
1.08500e+02 0.00000e+00 0.00000e+00 0.00000e+00 0.00000e+00 
1.09000e+02 0.00000e+00 0.00000e+00 0.00000e+00 0.00000e+00 
1.09500e+02 0.00000e+00 0.00000e+00 0.00000e+00 0.00000e+00 
1.10000e+02 0.00000e+00 0.00000e+00 0.00000e+00 0.00000e+00 
1.10500e+02 0.00000e+00 0.00000e+00 0.00000e+00 0.00000e+00 
1.11000e+02 0.00000e+00 0.00000e+00 0.00000e+00 0.00000e+00 
1.11500e+02 0.00000e+00 0.00000e+00 0.00000e+00 0.00000e+00 
1.12000e+02 0.00000e+00 0.00000e+00 0.00000e+00 0.00000e+00 
1.12500e+02 0.00000e+00 0.00000e+00 0.00000e+00 0.00000e+00 
1.13000e+02 0.00000e+00 0.00000e+00 0.00000e+00 0.00000e+00 
1.13500e+02 0.00000e+00 0.00000e+00 0.00000e+00 0.00000e+00 
1.14000e+02 0.00000e+00 0.00000e+00 0.00000e+00 0.00000e+00 
1.14500e+02 0.00000e+00 0.00000e+00 0.00000e+00 0.00000e+00 
1.15000e+02 0.00000e+00 0.00000e+00 0.00000e+00 0.00000e+00 
1.15500e+02 0.00000e+00 0.00000e+00 0.00000e+00 0.00000e+00 
1.16000e+02 0.00000e+00 0.00000e+00 0.00000e+00 0.00000e+00 
1.16500e+02 0.00000e+00 0.00000e+00 0.00000e+00 0.00000e+00 
1.17000e+02 0.00000e+00 0.00000e+00 0.00000e+00 0.00000e+00 
1.17500e+02 0.00000e+00 0.00000e+00 0.00000e+00 0.00000e+00 
1.18000e+02 0.00000e+00 0.00000e+00 0.00000e+00 0.00000e+00 
1.18500e+02 0.00000e+00 0.00000e+00 0.00000e+00 0.00000e+00 
1.19000e+02 0.00000e+00 0.00000e+00 0.00000e+00 0.00000e+00 
1.19500e+02 0.00000e+00 0.00000e+00 0.00000e+00 0.00000e+00 
1.20000e+02 0.00000e+00 0.00000e+00 0.00000e+00 0.00000e+00 
1.20500e+02 0.00000e+00 0.00000e+00 0.00000e+00 1.51734e-145 
1.21000e+02 0.00000e+00 0.00000e+00 0.00000e+00 6.78775e-62 
1.21500e+02 0.00000e+00 0.00000e+00 0.00000e+00 7.79288e-24 
1.22000e+02 0.00000e+00 0.00000e+00 0.00000e+00 2.54099e-08 
1.22500e+02 0.00000e+00 0.00000e+00 0.00000e+00 7.37562e-03 
1.23000e+02 0.00000e+00 0.00000e+00 0.00000e+00 5.76711e-02 
1.23500e+02 0.00000e+00 0.00000e+00 0.00000e+00 6.81667e-02 
1.24000e+02 0.00000e+00 0.00000e+00 0.00000e+00 7.37632e-02 
1.24500e+02 0.00000e+00 0.00000e+00 0.00000e+00 7.76815e-02 
1.25000e+02 0.00000e+00 0.00000e+00 0.00000e+00 8.07828e-02 
1.25500e+02 0.00000e+00 0.00000e+00 0.00000e+00 8.33859e-02 
1.26000e+02 0.00000e+00 0.00000e+00 0.00000e+00 8.56340e-02 
1.26500e+02 0.00000e+00 0.00000e+00 0.00000e+00 8.76244e-02 
1.27000e+02 0.00000e+00 0.00000e+00 8.42088e-211 8.94305e-02 
1.27500e+02 0.00000e+00 0.00000e+00 6.57207e-107 9.10978e-02 
1.28000e+02 0.00000e+00 0.00000e+00 3.38032e-50 9.26464e-02 
1.28500e+02 0.00000e+00 0.00000e+00 8.10959e-21 9.40822e-02 
1.29000e+02 0.00000e+00 0.00000e+00 3.17515e-07 9.54088e-02 
1.29500e+02 0.00000e+00 0.00000e+00 1.72683e-02 9.66334e-02 
1.30000e+02 0.00000e+00 0.00000e+00 7.18383e-02 9.77704e-02 
1.30500e+02 0.00000e+00 0.00000e+00 8.61273e-02 9.88263e-02 
1.31000e+02 0.00000e+00 0.00000e+00 9.45563e-02 9.98135e-02 
1.31500e+02 0.00000e+00 0.00000e+00 1.00629e-01 1.00746e-01 
1.32000e+02 0.00000e+00 0.00000e+00 1.05274e-01 1.01636e-01 
1.32500e+02 0.00000e+00 0.00000e+00 1.08954e-01 1.02496e-01 
1.33000e+02 0.00000e+00 0.00000e+00 1.11955e-01 1.03336e-01 
1.33500e+02 0.00000e+00 0.00000e+00 1.14476e-01 1.04169e-01 
1.34000e+02 0.00000e+00 0.00000e+00 1.16665e-01 1.05004e-01 
1.34500e+02 0.00000e+00 0.00000e+00 1.18626e-01 1.05846e-01 
1.35000e+02 0.00000e+00 0.00000e+00 1.20426e-01 1.06694e-01 
1.35500e+02 0.00000e+00 0.00000e+00 1.22105e-01 1.07541e-01 
1.36000e+02 0.00000e+00 0.00000e+00 1.23684e-01 1.08374e-01 
1.36500e+02 0.00000e+00 0.00000e+00 1.25176e-01 1.09182e-01 
1.37000e+02 0.00000e+00 0.00000e+00 1.26591e-01 1.09960e-01 
1.37500e+02 0.00000e+00 0.00000e+00 1.27936e-01 1.10704e-01 
1.38000e+02 0.00000e+00 0.00000e+00 1.29220e-01 1.11418e-01 
1.38500e+02 0.00000e+00 0.00000e+00 1.30449e-01 1.12105e-01 
1.39000e+02 0.00000e+00 0.00000e+00 1.31632e-01 1.12768e-01 
1.39500e+02 0.00000e+00 0.00000e+00 1.32772e-01 1.13411e-01 
1.40000e+02 0.00000e+00 0.00000e+00 1.33874e-01 1.14038e-01 
1.40500e+02 0.00000e+00 0.00000e+00 1.34940e-01 1.14650e-01 
1.41000e+02 0.00000e+00 0.00000e+00 1.35972e-01 1.15250e-01 
1.41500e+02 0.00000e+00 0.00000e+00 1.36970e-01 1.15839e-01 
1.42000e+02 0.00000e+00 0.00000e+00 1.37936e-01 1.16419e-01 
1.42500e+02 0.00000e+00 0.00000e+00 1.38870e-01 1.16990e-01 
1.43000e+02 0.00000e+00 0.00000e+00 1.39774e-01 1.17553e-01 
1.43500e+02 0.00000e+00 0.00000e+00 1.40650e-01 1.18110e-01 
1.44000e+02 0.00000e+00 0.00000e+00 1.41499e-01 1.18660e-01 
1.44500e+02 0.00000e+00 0.00000e+00 1.42323e-01 1.19205e-01 
1.45000e+02 0.00000e+00 0.00000e+00 1.43123e-01 1.19745e-01 
1.45500e+02 0.00000e+00 0.00000e+00 1.43901e-01 1.20279e-01 
1.46000e+02 0.00000e+00 0.00000e+00 1.44658e-01 1.20808e-01 
1.46500e+02 0.00000e+00 0.00000e+00 1.45396e-01 1.21332e-01 
1.47000e+02 0.00000e+00 0.00000e+00 1.46116e-01 1.21851e-01 
1.47500e+02 0.00000e+00 0.00000e+00 1.46820e-01 1.22364e-01 
1.48000e+02 0.00000e+00 0.00000e+00 1.47508e-01 1.22873e-01 
1.48500e+02 0.00000e+00 0.00000e+00 1.48181e-01 1.23376e-01 
1.49000e+02 0.00000e+00 2.12652e-280 1.48841e-01 1.23874e-01 
1.49500e+02 0.00000e+00 7.11014e-161 1.49488e-01 1.24367e-01 
1.50000e+02 0.00000e+00 1.33240e-87 1.50122e-01 1.24855e-01 
1.50500e+02 0.00000e+00 1.94072e-45 1.50745e-01 1.25338e-01 
1.51000e+02 0.00000e+00 3.89295e-22 1.51358e-01 1.25817e-01 
1.51500e+02 0.00000e+00 5.88568e-10 1.51959e-01 1.26292e-01 
1.52000e+02 0.00000e+00 3.53473e-04 1.52551e-01 1.26763e-01 
1.52500e+02 0.00000e+00 3.73436e-02 1.53134e-01 1.27230e-01 
1.53000e+02 0.00000e+00 6.61711e-02 1.53709e-01 1.27695e-01 
1.53500e+02 0.00000e+00 7.62137e-02 1.54274e-01 1.28156e-01 
1.54000e+02 0.00000e+00 8.25774e-02 1.54829e-01 1.28613e-01 
1.54500e+02 0.00000e+00 8.73744e-02 1.55375e-01 1.29067e-01 
1.55000e+02 0.00000e+00 9.12305e-02 1.55912e-01 1.29517e-01 
1.55500e+02 0.00000e+00 9.44353e-02 1.56440e-01 1.29963e-01 
1.56000e+02 0.00000e+00 9.71705e-02 1.56960e-01 1.30407e-01 
1.56500e+02 0.00000e+00 9.95607e-02 1.57471e-01 1.30847e-01 
1.57000e+02 0.00000e+00 1.01692e-01 1.57975e-01 1.31284e-01 
1.57500e+02 0.00000e+00 1.03624e-01 1.58470e-01 1.31718e-01 
1.58000e+02 0.00000e+00 1.05400e-01 1.58958e-01 1.32150e-01 
1.58500e+02 0.00000e+00 1.07050e-01 1.59439e-01 1.32579e-01 
1.59000e+02 0.00000e+00 1.08598e-01 1.59913e-01 1.33005e-01 
1.59500e+02 0.00000e+00 1.10063e-01 1.60380e-01 1.33429e-01 
1.60000e+02 0.00000e+00 1.11460e-01 1.60841e-01 1.33850e-01 
1.60500e+02 0.00000e+00 1.12801e-01 1.61296e-01 1.34268e-01 
1.61000e+02 0.00000e+00 1.14095e-01 1.61746e-01 1.34684e-01 
1.61500e+02 0.00000e+00 1.15349e-01 1.62190e-01 1.35097e-01 
1.62000e+02 0.00000e+00 1.16567e-01 1.62630e-01 1.35507e-01 
1.62500e+02 0.00000e+00 1.17751e-01 1.63065e-01 1.35915e-01 
1.63000e+02 0.00000e+00 1.18904e-01 1.63497e-01 1.36321e-01 
1.63500e+02 0.00000e+00 1.20025e-01 1.63925e-01 1.36724e-01 
1.64000e+02 0.00000e+00 1.21114e-01 1.64350e-01 1.37125e-01 
1.64500e+02 0.00000e+00 1.22172e-01 1.64772e-01 1.37523e-01 
1.65000e+02 0.00000e+00 1.23199e-01 1.65192e-01 1.37918e-01 
1.65500e+02 0.00000e+00 1.24194e-01 1.65611e-01 1.38311e-01 
1.66000e+02 0.00000e+00 1.25160e-01 1.66028e-01 1.38701e-01 
1.66500e+02 0.00000e+00 1.26097e-01 1.66445e-01 1.39089e-01 
1.67000e+02 0.00000e+00 1.27005e-01 1.66861e-01 1.39475e-01 
1.67500e+02 0.00000e+00 1.27888e-01 1.67277e-01 1.39858e-01 
1.68000e+02 0.00000e+00 1.28746e-01 1.67693e-01 1.40238e-01 
1.68500e+02 0.00000e+00 1.29581e-01 1.68111e-01 1.40616e-01 
1.69000e+02 0.00000e+00 1.30394e-01 1.68529e-01 1.40992e-01 
1.69500e+02 0.00000e+00 1.31186e-01 1.68950e-01 1.41364e-01 
1.70000e+02 0.00000e+00 1.31961e-01 1.69373e-01 1.41735e-01 
1.70500e+02 0.00000e+00 1.32717e-01 1.69799e-01 1.42103e-01 
1.71000e+02 0.00000e+00 1.33457e-01 1.70229e-01 1.42468e-01 
1.71500e+02 0.00000e+00 1.34182e-01 1.70663e-01 1.42831e-01 
1.72000e+02 0.00000e+00 1.34893e-01 1.71102e-01 1.43191e-01 
1.72500e+02 0.00000e+00 1.35590e-01 1.71547e-01 1.43549e-01 
1.73000e+02 0.00000e+00 1.36274e-01 1.71999e-01 1.43904e-01 
1.73500e+02 0.00000e+00 1.36947e-01 1.72458e-01 1.44256e-01 
1.74000e+02 0.00000e+00 1.37608e-01 1.72925e-01 1.44606e-01 
1.74500e+02 0.00000e+00 1.38259e-01 1.73401e-01 1.44953e-01 
1.75000e+02 0.00000e+00 1.38900e-01 1.73887e-01 1.45297e-01 
1.75500e+02 0.00000e+00 1.39531e-01 1.74383e-01 1.45639e-01 
1.76000e+02 0.00000e+00 1.40154e-01 1.74889e-01 1.45978e-01 
1.76500e+02 0.00000e+00 1.40768e-01 1.75407e-01 1.46314e-01 
1.77000e+02 0.00000e+00 1.41374e-01 1.75937e-01 1.46647e-01 
1.77500e+02 0.00000e+00 1.41974e-01 1.76479e-01 1.46977e-01 
1.78000e+02 0.00000e+00 1.42567e-01 1.77033e-01 1.47304e-01 
1.78500e+02 0.00000e+00 1.43153e-01 1.77600e-01 1.47629e-01 
1.79000e+02 0.00000e+00 1.43735e-01 1.78179e-01 1.47950e-01 
1.79500e+02 0.00000e+00 1.44313e-01 1.78771e-01 1.48268e-01 
1.80000e+02 0.00000e+00 1.44886e-01 1.79376e-01 1.48583e-01 
1.80500e+02 0.00000e+00 1.45456e-01 1.79992e-01 1.48895e-01 
1.81000e+02 0.00000e+00 1.46025e-01 1.80620e-01 1.49203e-01 
1.81500e+02 0.00000e+00 1.46592e-01 1.81260e-01 1.49508e-01 
1.82000e+02 0.00000e+00 1.47158e-01 1.81910e-01 1.49809e-01 
1.82500e+02 0.00000e+00 1.47724e-01 1.82570e-01 1.50107e-01 
1.83000e+02 0.00000e+00 1.48291e-01 1.83240e-01 1.50402e-01 
1.83500e+02 0.00000e+00 1.48858e-01 1.83918e-01 1.50692e-01 
1.84000e+02 0.00000e+00 1.49427e-01 1.84604e-01 1.50980e-01 
1.84500e+02 0.00000e+00 1.49998e-01 1.85297e-01 1.51263e-01 
1.85000e+02 0.00000e+00 1.50569e-01 1.85996e-01 1.51542e-01 
1.85500e+02 0.00000e+00 1.51142e-01 1.86700e-01 1.51818e-01 
1.86000e+02 0.00000e+00 1.51715e-01 1.87408e-01 1.52090e-01 
1.86500e+02 0.00000e+00 1.52288e-01 1.88120e-01 1.52358e-01 
1.87000e+02 0.00000e+00 1.52860e-01 1.88835e-01 1.52622e-01 
1.87500e+02 0.00000e+00 1.53432e-01 1.89552e-01 1.52882e-01 
1.88000e+02 0.00000e+00 1.54003e-01 1.90269e-01 1.53138e-01 
1.88500e+02 0.00000e+00 1.54571e-01 1.90988e-01 1.53390e-01 
1.89000e+02 0.00000e+00 1.55138e-01 1.91706e-01 1.53638e-01 
1.89500e+02 0.00000e+00 1.55702e-01 1.92424e-01 1.53882e-01 
1.90000e+02 0.00000e+00 1.56264e-01 1.93140e-01 1.54122e-01 
1.90500e+02 0.00000e+00 1.56824e-01 1.93855e-01 1.54358e-01 
1.91000e+02 0.00000e+00 1.57381e-01 1.94567e-01 1.54590e-01 
1.91500e+02 0.00000e+00 1.57935e-01 1.95277e-01 1.54819e-01 
1.92000e+02 0.00000e+00 1.58488e-01 1.95984e-01 1.55043e-01 
1.92500e+02 0.00000e+00 1.59038e-01 1.96687e-01 1.55263e-01 
1.93000e+02 0.00000e+00 1.59587e-01 1.97386e-01 1.55480e-01 
1.93500e+02 0.00000e+00 1.60134e-01 1.98082e-01 1.55694e-01 
1.94000e+02 0.00000e+00 1.60679e-01 1.98774e-01 1.55904e-01 
1.94500e+02 0.00000e+00 1.61223e-01 1.99461e-01 1.56111e-01 
1.95000e+02 0.00000e+00 1.61765e-01 2.00143e-01 1.56316e-01 
1.95500e+02 0.00000e+00 1.62307e-01 2.00820e-01 1.56519e-01 
1.96000e+02 0.00000e+00 1.62848e-01 2.01493e-01 1.56722e-01 
1.96500e+02 0.00000e+00 1.63387e-01 2.02160e-01 1.56924e-01 
1.97000e+02 0.00000e+00 1.63926e-01 2.02822e-01 1.57128e-01 
1.97500e+02 0.00000e+00 1.64465e-01 2.03478e-01 1.57334e-01 
1.98000e+02 0.00000e+00 1.65003e-01 2.04129e-01 1.57544e-01 
1.98500e+02 0.00000e+00 1.65540e-01 2.04773e-01 1.57761e-01 
1.99000e+02 0.00000e+00 1.66077e-01 2.05412e-01 1.57985e-01 
1.99500e+02 0.00000e+00 1.66613e-01 2.06044e-01 1.58220e-01 
2.00000e+02 0.00000e+00 1.67148e-01 2.06670e-01 1.58467e-01 
2.00500e+02 0.00000e+00 1.67684e-01 2.07290e-01 1.58729e-01 
2.01000e+02 0.00000e+00 1.68218e-01 2.07903e-01 1.59007e-01 
2.01500e+02 0.00000e+00 1.68752e-01 2.08510e-01 1.59305e-01 
2.02000e+02 0.00000e+00 1.69285e-01 2.09110e-01 1.59623e-01 
2.02500e+02 0.00000e+00 1.69817e-01 2.09704e-01 1.59965e-01 
2.03000e+02 0.00000e+00 1.70348e-01 2.10293e-01 1.60331e-01 
2.03500e+02 0.00000e+00 1.70878e-01 2.10875e-01 1.60725e-01 
2.04000e+02 0.00000e+00 1.71407e-01 2.11451e-01 1.61146e-01 
2.04500e+02 0.00000e+00 1.71935e-01 2.12022e-01 1.61598e-01 
2.05000e+02 0.00000e+00 1.72461e-01 2.12589e-01 1.62081e-01 
2.05500e+02 0.00000e+00 1.72985e-01 2.13150e-01 1.62596e-01 
2.06000e+02 0.00000e+00 1.73508e-01 2.13708e-01 1.63143e-01 
2.06500e+02 0.00000e+00 1.74029e-01 2.14263e-01 1.63724e-01 
2.07000e+02 0.00000e+00 1.74548e-01 2.14816e-01 1.64338e-01 
2.07500e+02 0.00000e+00 1.75065e-01 2.15366e-01 1.64983e-01 
2.08000e+02 0.00000e+00 1.75579e-01 2.15915e-01 1.65658e-01 
2.08500e+02 0.00000e+00 1.76091e-01 2.16464e-01 1.66362e-01 
2.09000e+02 0.00000e+00 1.76601e-01 2.17011e-01 1.67090e-01 
2.09500e+02 0.00000e+00 1.77108e-01 2.17559e-01 1.67842e-01 
2.10000e+02 0.00000e+00 1.77613e-01 2.18106e-01 1.68612e-01 
2.10500e+02 0.00000e+00 1.78115e-01 2.18652e-01 1.69399e-01 
2.11000e+02 0.00000e+00 1.78614e-01 2.19197e-01 1.70198e-01 
2.11500e+02 0.00000e+00 1.79111e-01 2.19740e-01 1.71008e-01 
2.12000e+02 0.00000e+00 1.79605e-01 2.20281e-01 1.71825e-01 
2.12500e+02 0.00000e+00 1.80096e-01 2.20819e-01 1.72649e-01 
2.13000e+02 0.00000e+00 1.80585e-01 2.21354e-01 1.73479e-01 
2.13500e+02 0.00000e+00 1.81071e-01 2.21884e-01 1.74315e-01 
2.14000e+02 0.00000e+00 1.81555e-01 2.22409e-01 1.75158e-01 
2.14500e+02 0.00000e+00 1.82037e-01 2.22929e-01 1.76008e-01 
2.15000e+02 0.00000e+00 1.82516e-01 2.23443e-01 1.76867e-01 
2.15500e+02 0.00000e+00 1.82993e-01 2.23951e-01 1.77736e-01 
2.16000e+02 0.00000e+00 1.83468e-01 2.24454e-01 1.78618e-01 
2.16500e+02 0.00000e+00 1.83941e-01 2.24950e-01 1.79512e-01 
2.17000e+02 0.00000e+00 1.84412e-01 2.25441e-01 1.80419e-01 
2.17500e+02 0.00000e+00 1.84881e-01 2.25926e-01 1.81340e-01 
2.18000e+02 0.00000e+00 1.85349e-01 2.26405e-01 1.82274e-01 
2.18500e+02 0.00000e+00 1.85814e-01 2.26878e-01 1.83219e-01 
2.19000e+02 0.00000e+00 1.86279e-01 2.27346e-01 1.84174e-01 
2.19500e+02 0.00000e+00 1.86741e-01 2.27809e-01 1.85136e-01 
2.20000e+02 0.00000e+00 1.87202e-01 2.28267e-01 1.86102e-01 
2.20500e+02 0.00000e+00 1.87662e-01 2.28721e-01 1.87070e-01 
2.21000e+02 0.00000e+00 1.88120e-01 2.29169e-01 1.88036e-01 
2.21500e+02 0.00000e+00 1.88577e-01 2.29614e-01 1.88998e-01 
2.22000e+02 0.00000e+00 1.89032e-01 2.30054e-01 1.89951e-01 
2.22500e+02 0.00000e+00 1.89485e-01 2.30490e-01 1.90895e-01 
2.23000e+02 0.00000e+00 1.89938e-01 2.30922e-01 1.91827e-01 
2.23500e+02 0.00000e+00 1.90388e-01 2.31350e-01 1.92745e-01 
2.24000e+02 0.00000e+00 1.90837e-01 2.31776e-01 1.93648e-01 
2.24500e+02 0.00000e+00 1.91284e-01 2.32199e-01 1.94535e-01 
2.25000e+02 0.00000e+00 1.91729e-01 2.32619e-01 1.95405e-01 
2.25500e+02 0.00000e+00 1.92173e-01 2.33037e-01 1.96257e-01 
2.26000e+02 0.00000e+00 1.92615e-01 2.33455e-01 1.97092e-01 
2.26500e+02 0.00000e+00 1.93055e-01 2.33871e-01 1.97909e-01 
2.27000e+02 0.00000e+00 1.93493e-01 2.34287e-01 1.98709e-01 
2.27500e+02 0.00000e+00 1.93929e-01 2.34702e-01 1.99492e-01 
2.28000e+02 0.00000e+00 1.94362e-01 2.35118e-01 2.00258e-01 
2.28500e+02 0.00000e+00 1.94794e-01 2.35534e-01 2.01010e-01 
2.29000e+02 0.00000e+00 1.95224e-01 2.35951e-01 2.01747e-01 
2.29500e+02 0.00000e+00 1.95651e-01 2.36368e-01 2.02470e-01 
2.30000e+02 0.00000e+00 1.96076e-01 2.36786e-01 2.03179e-01 
2.30500e+02 0.00000e+00 1.96499e-01 2.37203e-01 2.03876e-01 
2.31000e+02 0.00000e+00 1.96919e-01 2.37619e-01 2.04561e-01 
2.31500e+02 0.00000e+00 1.97337e-01 2.38035e-01 2.05234e-01 
2.32000e+02 0.00000e+00 1.97753e-01 2.38450e-01 2.05895e-01 
2.32500e+02 0.00000e+00 1.98166e-01 2.38862e-01 2.06545e-01 
2.33000e+02 0.00000e+00 1.98577e-01 2.39273e-01 2.07183e-01 
2.33500e+02 0.00000e+00 1.98985e-01 2.39680e-01 2.07811e-01 
2.34000e+02 0.00000e+00 1.99391e-01 2.40085e-01 2.08427e-01 
2.34500e+02 0.00000e+00 1.99794e-01 2.40487e-01 2.09032e-01 
2.35000e+02 0.00000e+00 2.00195e-01 2.40886e-01 2.09627e-01 
2.35500e+02 0.00000e+00 2.00594e-01 2.41281e-01 2.10211e-01 
2.36000e+02 0.00000e+00 2.00990e-01 2.41673e-01 2.10784e-01 
2.36500e+02 0.00000e+00 2.01383e-01 2.42061e-01 2.11347e-01 
2.37000e+02 0.00000e+00 2.01774e-01 2.42446e-01 2.11901e-01 
2.37500e+02 0.00000e+00 2.02163e-01 2.42828e-01 2.12444e-01 
2.38000e+02 0.00000e+00 2.02549e-01 2.43206e-01 2.12978e-01 
2.38500e+02 0.00000e+00 2.02933e-01 2.43582e-01 2.13503e-01 
2.39000e+02 0.00000e+00 2.03315e-01 2.43954e-01 2.14019e-01 
2.39500e+02 0.00000e+00 2.03694e-01 2.44325e-01 2.14527e-01 
2.40000e+02 0.00000e+00 2.04071e-01 2.44692e-01 2.15027e-01 
