0.00000e+00 0.00000e+00 0.00000e+00 0.00000e+00 0.00000e+00 
5.00000e-01 0.00000e+00 0.00000e+00 0.00000e+00 0.00000e+00 
1.00000e+00 0.00000e+00 0.00000e+00 0.00000e+00 0.00000e+00 
1.50000e+00 0.00000e+00 0.00000e+00 0.00000e+00 0.00000e+00 
2.00000e+00 0.00000e+00 0.00000e+00 0.00000e+00 0.00000e+00 
2.50000e+00 0.00000e+00 0.00000e+00 0.00000e+00 0.00000e+00 
3.00000e+00 0.00000e+00 0.00000e+00 0.00000e+00 0.00000e+00 
3.50000e+00 0.00000e+00 0.00000e+00 0.00000e+00 0.00000e+00 
4.00000e+00 0.00000e+00 0.00000e+00 0.00000e+00 0.00000e+00 
4.50000e+00 0.00000e+00 0.00000e+00 0.00000e+00 0.00000e+00 
5.00000e+00 0.00000e+00 0.00000e+00 0.00000e+00 0.00000e+00 
5.50000e+00 0.00000e+00 0.00000e+00 0.00000e+00 0.00000e+00 
6.00000e+00 0.00000e+00 0.00000e+00 0.00000e+00 0.00000e+00 
6.50000e+00 0.00000e+00 0.00000e+00 0.00000e+00 0.00000e+00 
7.00000e+00 0.00000e+00 0.00000e+00 0.00000e+00 0.00000e+00 
7.50000e+00 0.00000e+00 0.00000e+00 0.00000e+00 0.00000e+00 
8.00000e+00 0.00000e+00 0.00000e+00 0.00000e+00 0.00000e+00 
8.50000e+00 0.00000e+00 0.00000e+00 0.00000e+00 0.00000e+00 
9.00000e+00 0.00000e+00 0.00000e+00 0.00000e+00 0.00000e+00 
9.50000e+00 0.00000e+00 0.00000e+00 0.00000e+00 0.00000e+00 
1.00000e+01 0.00000e+00 0.00000e+00 0.00000e+00 0.00000e+00 
1.05000e+01 0.00000e+00 0.00000e+00 0.00000e+00 0.00000e+00 
1.10000e+01 0.00000e+00 0.00000e+00 0.00000e+00 0.00000e+00 
1.15000e+01 0.00000e+00 0.00000e+00 0.00000e+00 0.00000e+00 
1.20000e+01 0.00000e+00 0.00000e+00 0.00000e+00 0.00000e+00 
1.25000e+01 0.00000e+00 0.00000e+00 0.00000e+00 0.00000e+00 
1.30000e+01 0.00000e+00 0.00000e+00 0.00000e+00 0.00000e+00 
1.35000e+01 0.00000e+00 0.00000e+00 0.00000e+00 0.00000e+00 
1.40000e+01 0.00000e+00 0.00000e+00 0.00000e+00 0.00000e+00 
1.45000e+01 0.00000e+00 0.00000e+00 0.00000e+00 0.00000e+00 
1.50000e+01 0.00000e+00 0.00000e+00 0.00000e+00 0.00000e+00 
1.55000e+01 0.00000e+00 0.00000e+00 0.00000e+00 0.00000e+00 
1.60000e+01 0.00000e+00 0.00000e+00 0.00000e+00 0.00000e+00 
1.65000e+01 0.00000e+00 0.00000e+00 0.00000e+00 0.00000e+00 
1.70000e+01 0.00000e+00 0.00000e+00 0.00000e+00 0.00000e+00 
1.75000e+01 0.00000e+00 0.00000e+00 0.00000e+00 0.00000e+00 
1.80000e+01 0.00000e+00 0.00000e+00 0.00000e+00 0.00000e+00 
1.85000e+01 0.00000e+00 0.00000e+00 0.00000e+00 0.00000e+00 
1.90000e+01 0.00000e+00 0.00000e+00 0.00000e+00 0.00000e+00 
1.95000e+01 0.00000e+00 0.00000e+00 0.00000e+00 0.00000e+00 
2.00000e+01 0.00000e+00 0.00000e+00 0.00000e+00 0.00000e+00 
2.05000e+01 0.00000e+00 0.00000e+00 0.00000e+00 0.00000e+00 
2.10000e+01 0.00000e+00 0.00000e+00 0.00000e+00 0.00000e+00 
2.15000e+01 0.00000e+00 0.00000e+00 0.00000e+00 0.00000e+00 
2.20000e+01 0.00000e+00 0.00000e+00 0.00000e+00 0.00000e+00 
2.25000e+01 0.00000e+00 0.00000e+00 0.00000e+00 0.00000e+00 
2.30000e+01 0.00000e+00 0.00000e+00 0.00000e+00 0.00000e+00 
2.35000e+01 0.00000e+00 0.00000e+00 0.00000e+00 0.00000e+00 
2.40000e+01 0.00000e+00 0.00000e+00 0.00000e+00 0.00000e+00 
2.45000e+01 0.00000e+00 0.00000e+00 0.00000e+00 0.00000e+00 
2.50000e+01 0.00000e+00 0.00000e+00 0.00000e+00 0.00000e+00 
2.55000e+01 0.00000e+00 0.00000e+00 0.00000e+00 0.00000e+00 
2.60000e+01 0.00000e+00 0.00000e+00 0.00000e+00 0.00000e+00 
2.65000e+01 0.00000e+00 0.00000e+00 0.00000e+00 0.00000e+00 
2.70000e+01 0.00000e+00 0.00000e+00 0.00000e+00 0.00000e+00 
2.75000e+01 0.00000e+00 0.00000e+00 0.00000e+00 0.00000e+00 
2.80000e+01 0.00000e+00 0.00000e+00 0.00000e+00 0.00000e+00 
2.85000e+01 0.00000e+00 0.00000e+00 0.00000e+00 0.00000e+00 
2.90000e+01 0.00000e+00 0.00000e+00 0.00000e+00 0.00000e+00 
2.95000e+01 0.00000e+00 0.00000e+00 0.00000e+00 0.00000e+00 
3.00000e+01 0.00000e+00 0.00000e+00 0.00000e+00 0.00000e+00 
3.05000e+01 0.00000e+00 0.00000e+00 0.00000e+00 0.00000e+00 
3.10000e+01 0.00000e+00 0.00000e+00 0.00000e+00 0.00000e+00 
3.15000e+01 0.00000e+00 0.00000e+00 0.00000e+00 0.00000e+00 
3.20000e+01 0.00000e+00 0.00000e+00 0.00000e+00 0.00000e+00 
3.25000e+01 0.00000e+00 0.00000e+00 0.00000e+00 0.00000e+00 
3.30000e+01 0.00000e+00 0.00000e+00 0.00000e+00 0.00000e+00 
3.35000e+01 0.00000e+00 0.00000e+00 0.00000e+00 0.00000e+00 
3.40000e+01 0.00000e+00 0.00000e+00 0.00000e+00 0.00000e+00 
3.45000e+01 0.00000e+00 0.00000e+00 0.00000e+00 0.00000e+00 
3.50000e+01 0.00000e+00 0.00000e+00 0.00000e+00 0.00000e+00 
3.55000e+01 0.00000e+00 0.00000e+00 0.00000e+00 0.00000e+00 
3.60000e+01 0.00000e+00 0.00000e+00 0.00000e+00 0.00000e+00 
3.65000e+01 0.00000e+00 0.00000e+00 0.00000e+00 0.00000e+00 
3.70000e+01 0.00000e+00 0.00000e+00 0.00000e+00 0.00000e+00 
3.75000e+01 0.00000e+00 0.00000e+00 0.00000e+00 0.00000e+00 
3.80000e+01 0.00000e+00 0.00000e+00 0.00000e+00 0.00000e+00 
3.85000e+01 0.00000e+00 0.00000e+00 0.00000e+00 0.00000e+00 
3.90000e+01 0.00000e+00 0.00000e+00 0.00000e+00 0.00000e+00 
3.95000e+01 0.00000e+00 0.00000e+00 0.00000e+00 0.00000e+00 
4.00000e+01 0.00000e+00 0.00000e+00 0.00000e+00 0.00000e+00 
4.05000e+01 0.00000e+00 0.00000e+00 0.00000e+00 0.00000e+00 
4.10000e+01 0.00000e+00 0.00000e+00 0.00000e+00 0.00000e+00 
4.15000e+01 0.00000e+00 0.00000e+00 0.00000e+00 0.00000e+00 
4.20000e+01 0.00000e+00 0.00000e+00 0.00000e+00 0.00000e+00 
4.25000e+01 0.00000e+00 0.00000e+00 0.00000e+00 0.00000e+00 
4.30000e+01 0.00000e+00 0.00000e+00 0.00000e+00 0.00000e+00 
4.35000e+01 0.00000e+00 0.00000e+00 0.00000e+00 0.00000e+00 
4.40000e+01 0.00000e+00 0.00000e+00 0.00000e+00 0.00000e+00 
4.45000e+01 0.00000e+00 0.00000e+00 0.00000e+00 0.00000e+00 
4.50000e+01 0.00000e+00 0.00000e+00 0.00000e+00 0.00000e+00 
4.55000e+01 0.00000e+00 0.00000e+00 0.00000e+00 0.00000e+00 
4.60000e+01 0.00000e+00 0.00000e+00 0.00000e+00 0.00000e+00 
4.65000e+01 0.00000e+00 0.00000e+00 0.00000e+00 0.00000e+00 
4.70000e+01 0.00000e+00 0.00000e+00 0.00000e+00 0.00000e+00 
4.75000e+01 0.00000e+00 0.00000e+00 0.00000e+00 0.00000e+00 
4.80000e+01 0.00000e+00 0.00000e+00 0.00000e+00 0.00000e+00 
4.85000e+01 0.00000e+00 0.00000e+00 0.00000e+00 0.00000e+00 
4.90000e+01 0.00000e+00 0.00000e+00 0.00000e+00 0.00000e+00 
4.95000e+01 0.00000e+00 0.00000e+00 0.00000e+00 0.00000e+00 
5.00000e+01 0.00000e+00 0.00000e+00 0.00000e+00 0.00000e+00 
5.05000e+01 0.00000e+00 0.00000e+00 0.00000e+00 0.00000e+00 
5.10000e+01 0.00000e+00 0.00000e+00 0.00000e+00 0.00000e+00 
5.15000e+01 0.00000e+00 0.00000e+00 0.00000e+00 0.00000e+00 
5.20000e+01 0.00000e+00 0.00000e+00 0.00000e+00 0.00000e+00 
5.25000e+01 0.00000e+00 0.00000e+00 0.00000e+00 0.00000e+00 
5.30000e+01 0.00000e+00 0.00000e+00 0.00000e+00 0.00000e+00 
5.35000e+01 0.00000e+00 0.00000e+00 0.00000e+00 0.00000e+00 
5.40000e+01 0.00000e+00 0.00000e+00 0.00000e+00 0.00000e+00 
5.45000e+01 0.00000e+00 0.00000e+00 0.00000e+00 0.00000e+00 
5.50000e+01 0.00000e+00 0.00000e+00 0.00000e+00 0.00000e+00 
5.55000e+01 0.00000e+00 0.00000e+00 0.00000e+00 0.00000e+00 
5.60000e+01 0.00000e+00 0.00000e+00 0.00000e+00 0.00000e+00 
5.65000e+01 0.00000e+00 0.00000e+00 0.00000e+00 0.00000e+00 
5.70000e+01 0.00000e+00 0.00000e+00 0.00000e+00 0.00000e+00 
5.75000e+01 0.00000e+00 0.00000e+00 0.00000e+00 0.00000e+00 
5.80000e+01 0.00000e+00 0.00000e+00 0.00000e+00 0.00000e+00 
5.85000e+01 0.00000e+00 0.00000e+00 0.00000e+00 0.00000e+00 
5.90000e+01 0.00000e+00 0.00000e+00 0.00000e+00 0.00000e+00 
5.95000e+01 0.00000e+00 0.00000e+00 0.00000e+00 0.00000e+00 
6.00000e+01 0.00000e+00 0.00000e+00 0.00000e+00 0.00000e+00 
6.05000e+01 0.00000e+00 0.00000e+00 0.00000e+00 0.00000e+00 
6.10000e+01 0.00000e+00 0.00000e+00 0.00000e+00 0.00000e+00 
6.15000e+01 0.00000e+00 0.00000e+00 0.00000e+00 0.00000e+00 
6.20000e+01 0.00000e+00 0.00000e+00 0.00000e+00 0.00000e+00 
6.25000e+01 0.00000e+00 0.00000e+00 0.00000e+00 0.00000e+00 
6.30000e+01 0.00000e+00 0.00000e+00 0.00000e+00 0.00000e+00 
6.35000e+01 0.00000e+00 0.00000e+00 0.00000e+00 0.00000e+00 
6.40000e+01 0.00000e+00 0.00000e+00 0.00000e+00 0.00000e+00 
6.45000e+01 0.00000e+00 0.00000e+00 0.00000e+00 0.00000e+00 
6.50000e+01 0.00000e+00 0.00000e+00 0.00000e+00 0.00000e+00 
6.55000e+01 0.00000e+00 0.00000e+00 0.00000e+00 0.00000e+00 
6.60000e+01 0.00000e+00 0.00000e+00 0.00000e+00 0.00000e+00 
6.65000e+01 0.00000e+00 0.00000e+00 0.00000e+00 0.00000e+00 
6.70000e+01 0.00000e+00 0.00000e+00 0.00000e+00 0.00000e+00 
6.75000e+01 0.00000e+00 0.00000e+00 0.00000e+00 0.00000e+00 
6.80000e+01 0.00000e+00 0.00000e+00 0.00000e+00 0.00000e+00 
6.85000e+01 0.00000e+00 0.00000e+00 0.00000e+00 0.00000e+00 
6.90000e+01 0.00000e+00 0.00000e+00 0.00000e+00 0.00000e+00 
6.95000e+01 0.00000e+00 0.00000e+00 0.00000e+00 0.00000e+00 
7.00000e+01 0.00000e+00 0.00000e+00 0.00000e+00 0.00000e+00 
7.05000e+01 0.00000e+00 0.00000e+00 0.00000e+00 0.00000e+00 
7.10000e+01 0.00000e+00 0.00000e+00 0.00000e+00 0.00000e+00 
7.15000e+01 0.00000e+00 0.00000e+00 0.00000e+00 0.00000e+00 
7.20000e+01 0.00000e+00 0.00000e+00 0.00000e+00 0.00000e+00 
7.25000e+01 0.00000e+00 0.00000e+00 0.00000e+00 0.00000e+00 
7.30000e+01 0.00000e+00 0.00000e+00 0.00000e+00 0.00000e+00 
7.35000e+01 0.00000e+00 0.00000e+00 0.00000e+00 0.00000e+00 
7.40000e+01 0.00000e+00 0.00000e+00 0.00000e+00 0.00000e+00 
7.45000e+01 0.00000e+00 0.00000e+00 0.00000e+00 0.00000e+00 
7.50000e+01 0.00000e+00 0.00000e+00 0.00000e+00 0.00000e+00 
7.55000e+01 0.00000e+00 0.00000e+00 0.00000e+00 0.00000e+00 
7.60000e+01 0.00000e+00 0.00000e+00 0.00000e+00 0.00000e+00 
7.65000e+01 0.00000e+00 0.00000e+00 0.00000e+00 0.00000e+00 
7.70000e+01 0.00000e+00 0.00000e+00 0.00000e+00 0.00000e+00 
7.75000e+01 0.00000e+00 0.00000e+00 0.00000e+00 0.00000e+00 
7.80000e+01 0.00000e+00 0.00000e+00 0.00000e+00 0.00000e+00 
7.85000e+01 0.00000e+00 0.00000e+00 0.00000e+00 0.00000e+00 
7.90000e+01 0.00000e+00 0.00000e+00 0.00000e+00 0.00000e+00 
7.95000e+01 0.00000e+00 0.00000e+00 0.00000e+00 0.00000e+00 
8.00000e+01 0.00000e+00 0.00000e+00 0.00000e+00 0.00000e+00 
8.05000e+01 0.00000e+00 0.00000e+00 0.00000e+00 0.00000e+00 
8.10000e+01 0.00000e+00 0.00000e+00 0.00000e+00 0.00000e+00 
8.15000e+01 0.00000e+00 0.00000e+00 0.00000e+00 0.00000e+00 
8.20000e+01 0.00000e+00 0.00000e+00 0.00000e+00 0.00000e+00 
8.25000e+01 0.00000e+00 0.00000e+00 0.00000e+00 0.00000e+00 
8.30000e+01 0.00000e+00 0.00000e+00 0.00000e+00 0.00000e+00 
8.35000e+01 0.00000e+00 0.00000e+00 0.00000e+00 0.00000e+00 
8.40000e+01 0.00000e+00 0.00000e+00 0.00000e+00 0.00000e+00 
8.45000e+01 0.00000e+00 0.00000e+00 0.00000e+00 0.00000e+00 
8.50000e+01 0.00000e+00 0.00000e+00 0.00000e+00 0.00000e+00 
8.55000e+01 0.00000e+00 0.00000e+00 0.00000e+00 0.00000e+00 
8.60000e+01 0.00000e+00 0.00000e+00 0.00000e+00 0.00000e+00 
8.65000e+01 0.00000e+00 0.00000e+00 0.00000e+00 0.00000e+00 
8.70000e+01 0.00000e+00 0.00000e+00 0.00000e+00 0.00000e+00 
8.75000e+01 0.00000e+00 0.00000e+00 0.00000e+00 0.00000e+00 
8.80000e+01 0.00000e+00 0.00000e+00 0.00000e+00 0.00000e+00 
8.85000e+01 0.00000e+00 0.00000e+00 0.00000e+00 0.00000e+00 
8.90000e+01 0.00000e+00 0.00000e+00 0.00000e+00 0.00000e+00 
8.95000e+01 0.00000e+00 0.00000e+00 0.00000e+00 0.00000e+00 
9.00000e+01 0.00000e+00 0.00000e+00 0.00000e+00 0.00000e+00 
9.05000e+01 0.00000e+00 0.00000e+00 0.00000e+00 0.00000e+00 
9.10000e+01 0.00000e+00 0.00000e+00 0.00000e+00 0.00000e+00 
9.15000e+01 0.00000e+00 0.00000e+00 0.00000e+00 0.00000e+00 
9.20000e+01 0.00000e+00 0.00000e+00 0.00000e+00 0.00000e+00 
9.25000e+01 0.00000e+00 0.00000e+00 0.00000e+00 0.00000e+00 
9.30000e+01 0.00000e+00 0.00000e+00 0.00000e+00 0.00000e+00 
9.35000e+01 0.00000e+00 0.00000e+00 0.00000e+00 0.00000e+00 
9.40000e+01 0.00000e+00 0.00000e+00 0.00000e+00 0.00000e+00 
9.45000e+01 0.00000e+00 0.00000e+00 0.00000e+00 0.00000e+00 
9.50000e+01 0.00000e+00 0.00000e+00 0.00000e+00 0.00000e+00 
9.55000e+01 0.00000e+00 0.00000e+00 0.00000e+00 0.00000e+00 
9.60000e+01 0.00000e+00 0.00000e+00 0.00000e+00 0.00000e+00 
9.65000e+01 0.00000e+00 0.00000e+00 0.00000e+00 0.00000e+00 
9.70000e+01 0.00000e+00 0.00000e+00 0.00000e+00 0.00000e+00 
9.75000e+01 0.00000e+00 0.00000e+00 0.00000e+00 0.00000e+00 
9.80000e+01 0.00000e+00 0.00000e+00 0.00000e+00 0.00000e+00 
9.85000e+01 0.00000e+00 0.00000e+00 0.00000e+00 0.00000e+00 
9.90000e+01 0.00000e+00 0.00000e+00 0.00000e+00 0.00000e+00 
9.95000e+01 0.00000e+00 0.00000e+00 0.00000e+00 0.00000e+00 
1.00000e+02 0.00000e+00 0.00000e+00 0.00000e+00 0.00000e+00 
1.00500e+02 0.00000e+00 0.00000e+00 0.00000e+00 0.00000e+00 
1.01000e+02 0.00000e+00 0.00000e+00 0.00000e+00 0.00000e+00 
1.01500e+02 0.00000e+00 0.00000e+00 0.00000e+00 0.00000e+00 
1.02000e+02 0.00000e+00 0.00000e+00 0.00000e+00 0.00000e+00 
1.02500e+02 0.00000e+00 0.00000e+00 0.00000e+00 0.00000e+00 
1.03000e+02 0.00000e+00 0.00000e+00 0.00000e+00 0.00000e+00 
1.03500e+02 0.00000e+00 0.00000e+00 0.00000e+00 0.00000e+00 
1.04000e+02 0.00000e+00 0.00000e+00 0.00000e+00 0.00000e+00 
1.04500e+02 0.00000e+00 0.00000e+00 0.00000e+00 0.00000e+00 
1.05000e+02 0.00000e+00 0.00000e+00 0.00000e+00 0.00000e+00 
1.05500e+02 0.00000e+00 0.00000e+00 0.00000e+00 0.00000e+00 
1.06000e+02 0.00000e+00 0.00000e+00 0.00000e+00 0.00000e+00 
1.06500e+02 0.00000e+00 0.00000e+00 0.00000e+00 0.00000e+00 
1.07000e+02 0.00000e+00 0.00000e+00 0.00000e+00 0.00000e+00 
1.07500e+02 0.00000e+00 0.00000e+00 0.00000e+00 0.00000e+00 
1.08000e+02 0.00000e+00 0.00000e+00 0.00000e+00 0.00000e+00 
1.08500e+02 0.00000e+00 0.00000e+00 0.00000e+00 0.00000e+00 
1.09000e+02 0.00000e+00 0.00000e+00 0.00000e+00 0.00000e+00 
1.09500e+02 0.00000e+00 0.00000e+00 0.00000e+00 0.00000e+00 
1.10000e+02 0.00000e+00 0.00000e+00 0.00000e+00 0.00000e+00 
1.10500e+02 0.00000e+00 0.00000e+00 0.00000e+00 0.00000e+00 
1.11000e+02 0.00000e+00 0.00000e+00 0.00000e+00 0.00000e+00 
1.11500e+02 0.00000e+00 0.00000e+00 0.00000e+00 0.00000e+00 
1.12000e+02 0.00000e+00 0.00000e+00 0.00000e+00 0.00000e+00 
1.12500e+02 0.00000e+00 0.00000e+00 0.00000e+00 0.00000e+00 
1.13000e+02 0.00000e+00 0.00000e+00 0.00000e+00 0.00000e+00 
1.13500e+02 0.00000e+00 0.00000e+00 0.00000e+00 0.00000e+00 
1.14000e+02 0.00000e+00 0.00000e+00 0.00000e+00 0.00000e+00 
1.14500e+02 0.00000e+00 0.00000e+00 0.00000e+00 0.00000e+00 
1.15000e+02 0.00000e+00 0.00000e+00 0.00000e+00 0.00000e+00 
1.15500e+02 0.00000e+00 0.00000e+00 0.00000e+00 0.00000e+00 
1.16000e+02 0.00000e+00 0.00000e+00 0.00000e+00 0.00000e+00 
1.16500e+02 0.00000e+00 0.00000e+00 0.00000e+00 0.00000e+00 
1.17000e+02 0.00000e+00 0.00000e+00 0.00000e+00 0.00000e+00 
1.17500e+02 0.00000e+00 0.00000e+00 0.00000e+00 0.00000e+00 
1.18000e+02 0.00000e+00 0.00000e+00 0.00000e+00 0.00000e+00 
1.18500e+02 0.00000e+00 0.00000e+00 0.00000e+00 0.00000e+00 
1.19000e+02 0.00000e+00 0.00000e+00 0.00000e+00 0.00000e+00 
1.19500e+02 0.00000e+00 0.00000e+00 0.00000e+00 0.00000e+00 
1.20000e+02 0.00000e+00 0.00000e+00 0.00000e+00 3.94650e-275 
1.20500e+02 0.00000e+00 0.00000e+00 0.00000e+00 3.05369e-140 
1.21000e+02 0.00000e+00 0.00000e+00 0.00000e+00 8.73332e-67 
1.21500e+02 0.00000e+00 0.00000e+00 0.00000e+00 1.04428e-27 
1.22000e+02 0.00000e+00 0.00000e+00 0.00000e+00 4.74596e-11 
1.22500e+02 0.00000e+00 0.00000e+00 0.00000e+00 7.29481e-04 
1.23000e+02 0.00000e+00 0.00000e+00 0.00000e+00 5.30302e-02 
1.23500e+02 0.00000e+00 0.00000e+00 0.00000e+00 7.27185e-02 
1.24000e+02 0.00000e+00 0.00000e+00 0.00000e+00 8.04520e-02 
1.24500e+02 0.00000e+00 0.00000e+00 0.00000e+00 8.57987e-02 
1.25000e+02 0.00000e+00 0.00000e+00 0.00000e+00 8.99872e-02 
1.25500e+02 0.00000e+00 0.00000e+00 0.00000e+00 9.33837e-02 
1.26000e+02 0.00000e+00 0.00000e+00 0.00000e+00 9.62152e-02 
1.26500e+02 0.00000e+00 0.00000e+00 0.00000e+00 9.86465e-02 
1.27000e+02 0.00000e+00 0.00000e+00 0.00000e+00 1.00790e-01 
1.27500e+02 0.00000e+00 0.00000e+00 0.00000e+00 1.02723e-01 
1.28000e+02 0.00000e+00 0.00000e+00 0.00000e+00 1.04496e-01 
1.28500e+02 0.00000e+00 0.00000e+00 0.00000e+00 1.06149e-01 
1.29000e+02 0.00000e+00 0.00000e+00 7.89517e-321 1.07709e-01 
1.29500e+02 0.00000e+00 0.00000e+00 5.48170e-164 1.09194e-01 
1.30000e+02 0.00000e+00 0.00000e+00 1.27781e-80 1.10619e-01 
1.30500e+02 0.00000e+00 0.00000e+00 5.91158e-38 1.11991e-01 
1.31000e+02 0.00000e+00 0.00000e+00 1.72377e-16 1.13315e-01 
1.31500e+02 0.00000e+00 0.00000e+00 1.70289e-06 1.14595e-01 
1.32000e+02 0.00000e+00 0.00000e+00 1.25807e-02 1.15832e-01 
1.32500e+02 0.00000e+00 0.00000e+00 6.08271e-02 1.17033e-01 
1.33000e+02 0.00000e+00 0.00000e+00 7.39245e-02 1.18198e-01 
1.33500e+02 0.00000e+00 0.00000e+00 8.13268e-02 1.19326e-01 
1.34000e+02 0.00000e+00 0.00000e+00 8.68121e-02 1.20423e-01 
1.34500e+02 0.00000e+00 0.00000e+00 9.12184e-02 1.21489e-01 
1.35000e+02 0.00000e+00 0.00000e+00 9.49345e-02 1.22529e-01 
1.35500e+02 0.00000e+00 0.00000e+00 9.81883e-02 1.23545e-01 
1.36000e+02 0.00000e+00 0.00000e+00 1.01115e-01 1.24539e-01 
1.36500e+02 0.00000e+00 0.00000e+00 1.03795e-01 1.25513e-01 
1.37000e+02 0.00000e+00 0.00000e+00 1.06278e-01 1.26469e-01 
1.37500e+02 0.00000e+00 0.00000e+00 1.08597e-01 1.27407e-01 
1.38000e+02 0.00000e+00 0.00000e+00 1.10776e-01 1.28330e-01 
1.38500e+02 0.00000e+00 0.00000e+00 1.12833e-01 1.29237e-01 
1.39000e+02 0.00000e+00 0.00000e+00 1.14781e-01 1.30130e-01 
1.39500e+02 0.00000e+00 0.00000e+00 1.16633e-01 1.31010e-01 
1.40000e+02 0.00000e+00 0.00000e+00 1.18399e-01 1.31876e-01 
1.40500e+02 0.00000e+00 0.00000e+00 1.20089e-01 1.32729e-01 
1.41000e+02 0.00000e+00 0.00000e+00 1.21713e-01 1.33570e-01 
1.41500e+02 0.00000e+00 0.00000e+00 1.23277e-01 1.34400e-01 
1.42000e+02 0.00000e+00 0.00000e+00 1.24790e-01 1.35219e-01 
1.42500e+02 0.00000e+00 0.00000e+00 1.26257e-01 1.36028e-01 
1.43000e+02 0.00000e+00 0.00000e+00 1.27684e-01 1.36827e-01 
1.43500e+02 0.00000e+00 0.00000e+00 1.29073e-01 1.37615e-01 
1.44000e+02 0.00000e+00 3.61989e-213 1.30426e-01 1.38394e-01 
1.44500e+02 0.00000e+00 6.39931e-123 1.31745e-01 1.39164e-01 
1.45000e+02 0.00000e+00 2.54192e-69 1.33030e-01 1.39923e-01 
1.45500e+02 0.00000e+00 7.47399e-38 1.34279e-01 1.40673e-01 
1.46000e+02 0.00000e+00 1.39967e-19 1.35492e-01 1.41412e-01 
1.46500e+02 0.00000e+00 1.86267e-09 1.36668e-01 1.42142e-01 
1.47000e+02 0.00000e+00 2.55576e-04 1.37808e-01 1.42863e-01 
1.47500e+02 0.00000e+00 2.81133e-02 1.38914e-01 1.43574e-01 
1.48000e+02 0.00000e+00 5.98899e-02 1.39988e-01 1.44278e-01 
1.48500e+02 0.00000e+00 7.03057e-02 1.41029e-01 1.44972e-01 
1.49000e+02 0.00000e+00 7.65110e-02 1.42036e-01 1.45658e-01 
1.49500e+02 0.00000e+00 8.10463e-02 1.43012e-01 1.46335e-01 
1.50000e+02 0.00000e+00 8.46516e-02 1.43959e-01 1.47003e-01 
1.50500e+02 0.00000e+00 8.76512e-02 1.44876e-01 1.47664e-01 
1.51000e+02 0.00000e+00 9.02245e-02 1.45766e-01 1.48318e-01 
1.51500e+02 0.00000e+00 9.24819e-02 1.46630e-01 1.48966e-01 
1.52000e+02 0.00000e+00 9.44960e-02 1.47469e-01 1.49608e-01 
1.52500e+02 0.00000e+00 9.63167e-02 1.48284e-01 1.50244e-01 
1.53000e+02 0.00000e+00 9.79809e-02 1.49076e-01 1.50874e-01 
1.53500e+02 0.00000e+00 9.95165e-02 1.49847e-01 1.51500e-01 
1.54000e+02 0.00000e+00 1.00945e-01 1.50598e-01 1.52121e-01 
1.54500e+02 0.00000e+00 1.02282e-01 1.51331e-01 1.52738e-01 
1.55000e+02 0.00000e+00 1.03539e-01 1.52047e-01 1.53350e-01 
1.55500e+02 0.00000e+00 1.04727e-01 1.52748e-01 1.53958e-01 
1.56000e+02 0.00000e+00 1.05853e-01 1.53435e-01 1.54562e-01 
1.56500e+02 0.00000e+00 1.06923e-01 1.54110e-01 1.55162e-01 
1.57000e+02 0.00000e+00 1.07945e-01 1.54773e-01 1.55758e-01 
1.57500e+02 0.00000e+00 1.08924e-01 1.55426e-01 1.56351e-01 
1.58000e+02 0.00000e+00 1.09864e-01 1.56070e-01 1.56941e-01 
1.58500e+02 0.00000e+00 1.10769e-01 1.56707e-01 1.57527e-01 
1.59000e+02 0.00000e+00 1.11643e-01 1.57336e-01 1.58111e-01 
1.59500e+02 0.00000e+00 1.12490e-01 1.57960e-01 1.58691e-01 
1.60000e+02 0.00000e+00 1.13310e-01 1.58578e-01 1.59269e-01 
1.60500e+02 0.00000e+00 1.14106e-01 1.59192e-01 1.59844e-01 
1.61000e+02 0.00000e+00 1.14880e-01 1.59803e-01 1.60417e-01 
1.61500e+02 0.00000e+00 1.15633e-01 1.60410e-01 1.60987e-01 
1.62000e+02 0.00000e+00 1.16366e-01 1.61015e-01 1.61555e-01 
1.62500e+02 0.00000e+00 1.17081e-01 1.61618e-01 1.62121e-01 
1.63000e+02 0.00000e+00 1.17779e-01 1.62219e-01 1.62685e-01 
1.63500e+02 0.00000e+00 1.18461e-01 1.62818e-01 1.63246e-01 
1.64000e+02 0.00000e+00 1.19129e-01 1.63416e-01 1.63805e-01 
1.64500e+02 0.00000e+00 1.19785e-01 1.64012e-01 1.64362e-01 
1.65000e+02 0.00000e+00 1.20430e-01 1.64608e-01 1.64917e-01 
1.65500e+02 0.00000e+00 1.21067e-01 1.65201e-01 1.65470e-01 
1.66000e+02 0.00000e+00 1.21697e-01 1.65793e-01 1.66021e-01 
1.66500e+02 0.00000e+00 1.22323e-01 1.66382e-01 1.66569e-01 
1.67000e+02 0.00000e+00 1.22946e-01 1.66969e-01 1.67115e-01 
1.67500e+02 0.00000e+00 1.23568e-01 1.67553e-01 1.67660e-01 
1.68000e+02 0.00000e+00 1.24190e-01 1.68133e-01 1.68201e-01 
1.68500e+02 0.00000e+00 1.24813e-01 1.68709e-01 1.68741e-01 
1.69000e+02 0.00000e+00 1.25438e-01 1.69281e-01 1.69279e-01 
1.69500e+02 0.00000e+00 1.26065e-01 1.69849e-01 1.69814e-01 
1.70000e+02 0.00000e+00 1.26692e-01 1.70411e-01 1.70347e-01 
1.70500e+02 0.00000e+00 1.27319e-01 1.70968e-01 1.70877e-01 
1.71000e+02 0.00000e+00 1.27945e-01 1.71520e-01 1.71405e-01 
1.71500e+02 0.00000e+00 1.28569e-01 1.72067e-01 1.71931e-01 
1.72000e+02 0.00000e+00 1.29190e-01 1.72607e-01 1.72454e-01 
1.72500e+02 0.00000e+00 1.29807e-01 1.73143e-01 1.72974e-01 
1.73000e+02 0.00000e+00 1.30420e-01 1.73673e-01 1.73492e-01 
1.73500e+02 0.00000e+00 1.31027e-01 1.74197e-01 1.74006e-01 
1.74000e+02 0.00000e+00 1.31628e-01 1.74715e-01 1.74518e-01 
1.74500e+02 0.00000e+00 1.32225e-01 1.75229e-01 1.75026e-01 
1.75000e+02 0.00000e+00 1.32817e-01 1.75737e-01 1.75531e-01 
1.75500e+02 0.00000e+00 1.33406e-01 1.76240e-01 1.76033e-01 
1.76000e+02 0.00000e+00 1.33993e-01 1.76737e-01 1.76531e-01 
1.76500e+02 0.00000e+00 1.34578e-01 1.77230e-01 1.77025e-01 
1.77000e+02 0.00000e+00 1.35165e-01 1.77718e-01 1.77516e-01 
1.77500e+02 0.00000e+00 1.35753e-01 1.78201e-01 1.78003e-01 
1.78000e+02 0.00000e+00 1.36344e-01 1.78680e-01 1.78487e-01 
1.78500e+02 0.00000e+00 1.36939e-01 1.79154e-01 1.78966e-01 
1.79000e+02 0.00000e+00 1.37537e-01 1.79624e-01 1.79442e-01 
1.79500e+02 0.00000e+00 1.38138e-01 1.80089e-01 1.79913e-01 
1.80000e+02 0.00000e+00 1.38741e-01 1.80550e-01 1.80381e-01 
1.80500e+02 0.00000e+00 1.39346e-01 1.81006e-01 1.80845e-01 
1.81000e+02 0.00000e+00 1.39949e-01 1.81459e-01 1.81304e-01 
1.81500e+02 0.00000e+00 1.40550e-01 1.81907e-01 1.81760e-01 
1.82000e+02 0.00000e+00 1.41147e-01 1.82352e-01 1.82212e-01 
1.82500e+02 0.00000e+00 1.41738e-01 1.82792e-01 1.82659e-01 
1.83000e+02 0.00000e+00 1.42323e-01 1.83229e-01 1.83103e-01 
1.83500e+02 0.00000e+00 1.42900e-01 1.83662e-01 1.83543e-01 
1.84000e+02 0.00000e+00 1.43469e-01 1.84091e-01 1.83979e-01 
1.84500e+02 0.00000e+00 1.44029e-01 1.84516e-01 1.84411e-01 
1.85000e+02 0.00000e+00 1.44581e-01 1.84938e-01 1.84839e-01 
1.85500e+02 0.00000e+00 1.45123e-01 1.85356e-01 1.85264e-01 
1.86000e+02 0.00000e+00 1.45657e-01 1.85770e-01 1.85684e-01 
1.86500e+02 0.00000e+00 1.46184e-01 1.86182e-01 1.86102e-01 
1.87000e+02 0.00000e+00 1.46703e-01 1.86590e-01 1.86515e-01 
1.87500e+02 0.00000e+00 1.47215e-01 1.86995e-01 1.86925e-01 
1.88000e+02 0.00000e+00 1.47723e-01 1.87398e-01 1.87331e-01 
1.88500e+02 0.00000e+00 1.48226e-01 1.87797e-01 1.87735e-01 
1.89000e+02 0.00000e+00 1.48726e-01 1.88194e-01 1.88134e-01 
1.89500e+02 0.00000e+00 1.49226e-01 1.88588e-01 1.88531e-01 
1.90000e+02 0.00000e+00 1.49726e-01 1.88980e-01 1.88925e-01 
1.90500e+02 0.00000e+00 1.50229e-01 1.89370e-01 1.89315e-01 
1.91000e+02 0.00000e+00 1.50735e-01 1.89759e-01 1.89703e-01 
1.91500e+02 0.00000e+00 1.51245e-01 1.90145e-01 1.90088e-01 
1.92000e+02 0.00000e+00 1.51761e-01 1.90530e-01 1.90470e-01 
1.92500e+02 0.00000e+00 1.52281e-01 1.90914e-01 1.90850e-01 
1.93000e+02 0.00000e+00 1.52807e-01 1.91296e-01 1.91227e-01 
1.93500e+02 0.00000e+00 1.53336e-01 1.91678e-01 1.91602e-01 
1.94000e+02 0.00000e+00 1.53869e-01 1.92059e-01 1.91975e-01 
1.94500e+02 0.00000e+00 1.54406e-01 1.92439e-01 1.92345e-01 
1.95000e+02 0.00000e+00 1.54945e-01 1.92819e-01 1.92714e-01 
1.95500e+02 0.00000e+00 1.55487e-01 1.93198e-01 1.93080e-01 
1.96000e+02 0.00000e+00 1.56033e-01 1.93577e-01 1.93444e-01 
1.96500e+02 0.00000e+00 1.56583e-01 1.93955e-01 1.93807e-01 
1.97000e+02 0.00000e+00 1.57139e-01 1.94333e-01 1.94167e-01 
1.97500e+02 0.00000e+00 1.57702e-01 1.94711e-01 1.94526e-01 
1.98000e+02 0.00000e+00 1.58273e-01 1.95087e-01 1.94884e-01 
1.98500e+02 0.00000e+00 1.58851e-01 1.95463e-01 1.95239e-01 
1.99000e+02 0.00000e+00 1.59438e-01 1.95838e-01 1.95593e-01 
1.99500e+02 0.00000e+00 1.60031e-01 1.96212e-01 1.95946e-01 
2.00000e+02 0.00000e+00 1.60630e-01 1.96584e-01 1.96297e-01 
2.00500e+02 0.00000e+00 1.61234e-01 1.96955e-01 1.96646e-01 
2.01000e+02 0.00000e+00 1.61840e-01 1.97325e-01 1.96994e-01 
2.01500e+02 0.00000e+00 1.62448e-01 1.97692e-01 1.97341e-01 
2.02000e+02 0.00000e+00 1.63055e-01 1.98058e-01 1.97686e-01 
2.02500e+02 0.00000e+00 1.63662e-01 1.98421e-01 1.98030e-01 
2.03000e+02 0.00000e+00 1.64267e-01 1.98782e-01 1.98372e-01 
2.03500e+02 0.00000e+00 1.64870e-01 1.99141e-01 1.98713e-01 
2.04000e+02 0.00000e+00 1.65470e-01 1.99498e-01 1.99053e-01 
2.04500e+02 0.00000e+00 1.66068e-01 1.99852e-01 1.99392e-01 
2.05000e+02 0.00000e+00 1.66664e-01 2.00204e-01 1.99729e-01 
2.05500e+02 0.00000e+00 1.67258e-01 2.00554e-01 2.00066e-01 
2.06000e+02 0.00000e+00 1.67849e-01 2.00901e-01 2.00401e-01 
2.06500e+02 0.00000e+00 1.68438e-01 2.01246e-01 2.00735e-01 
2.07000e+02 0.00000e+00 1.69024e-01 2.01589e-01 2.01068e-01 
2.07500e+02 0.00000e+00 1.69607e-01 2.01930e-01 2.01399e-01 
2.08000e+02 0.00000e+00 1.70187e-01 2.02268e-01 2.01730e-01 
2.08500e+02 0.00000e+00 1.70764e-01 2.02605e-01 2.02059e-01 
2.09000e+02 0.00000e+00 1.71336e-01 2.02939e-01 2.02388e-01 
2.09500e+02 0.00000e+00 1.71904e-01 2.03271e-01 2.02715e-01 
2.10000e+02 0.00000e+00 1.72466e-01 2.03601e-01 2.03041e-01 
2.10500e+02 0.00000e+00 1.73023e-01 2.03930e-01 2.03365e-01 
2.11000e+02 0.00000e+00 1.73574e-01 2.04256e-01 2.03689e-01 
2.11500e+02 0.00000e+00 1.74118e-01 2.04580e-01 2.04011e-01 
2.12000e+02 0.00000e+00 1.74655e-01 2.04903e-01 2.04332e-01 
2.12500e+02 0.00000e+00 1.75184e-01 2.05223e-01 2.04652e-01 
2.13000e+02 0.00000e+00 1.75706e-01 2.05542e-01 2.04971e-01 
2.13500e+02 0.00000e+00 1.76221e-01 2.05858e-01 2.05288e-01 
2.14000e+02 0.00000e+00 1.76727e-01 2.06173e-01 2.05603e-01 
2.14500e+02 0.00000e+00 1.77227e-01 2.06486e-01 2.05918e-01 
2.15000e+02 0.00000e+00 1.77719e-01 2.06797e-01 2.06231e-01 
2.15500e+02 0.00000e+00 1.78204e-01 2.07106e-01 2.06542e-01 
2.16000e+02 0.00000e+00 1.78684e-01 2.07414e-01 2.06852e-01 
2.16500e+02 0.00000e+00 1.79160e-01 2.07719e-01 2.07161e-01 
2.17000e+02 0.00000e+00 1.79631e-01 2.08024e-01 2.07468e-01 
2.17500e+02 0.00000e+00 1.80100e-01 2.08326e-01 2.07773e-01 
2.18000e+02 0.00000e+00 1.80567e-01 2.08627e-01 2.08077e-01 
2.18500e+02 0.00000e+00 1.81033e-01 2.08927e-01 2.08380e-01 
2.19000e+02 0.00000e+00 1.81501e-01 2.09225e-01 2.08681e-01 
2.19500e+02 0.00000e+00 1.81969e-01 2.09522e-01 2.08980e-01 
2.20000e+02 0.00000e+00 1.82439e-01 2.09817e-01 2.09278e-01 
2.20500e+02 0.00000e+00 1.82911e-01 2.10112e-01 2.09574e-01 
2.21000e+02 0.00000e+00 1.83385e-01 2.10405e-01 2.09870e-01 
2.21500e+02 0.00000e+00 1.83859e-01 2.10696e-01 2.10163e-01 
2.22000e+02 0.00000e+00 1.84334e-01 2.10987e-01 2.10455e-01 
2.22500e+02 8.14220e-321 1.84808e-01 2.11276e-01 2.10746e-01 
2.23000e+02 4.81612e-233 1.85280e-01 2.11564e-01 2.11036e-01 
2.23500e+02 2.53563e-167 1.85748e-01 2.11851e-01 2.11324e-01 
2.24000e+02 9.32362e-119 1.86213e-01 2.12136e-01 2.11611e-01 
2.24500e+02 2.08096e-83 1.86673e-01 2.12420e-01 2.11897e-01 
2.25000e+02 4.73124e-58 1.87127e-01 2.12702e-01 2.12181e-01 
2.25500e+02 5.36208e-40 1.87574e-01 2.12983e-01 2.12465e-01 
2.26000e+02 3.79542e-27 1.88015e-01 2.13262e-01 2.12747e-01 
2.26500e+02 4.85439e-18 1.88448e-01 2.13540e-01 2.13028e-01 
2.27000e+02 1.10694e-11 1.88873e-01 2.13816e-01 2.13308e-01 
2.27500e+02 2.24092e-07 1.89290e-01 2.14090e-01 2.13586e-01 
2.28000e+02 1.32922e-04 1.89699e-01 2.14363e-01 2.13864e-01 
2.28500e+02 5.92015e-03 1.90101e-01 2.14634e-01 2.14141e-01 
2.29000e+02 3.32030e-02 1.90495e-01 2.14903e-01 2.14417e-01 
2.29500e+02 5.24368e-02 1.90883e-01 2.15172e-01 2.14692e-01 
2.30000e+02 6.08765e-02 1.91263e-01 2.15439e-01 2.14966e-01 
2.30500e+02 6.58142e-02 1.91636e-01 2.15704e-01 2.15239e-01 
2.31000e+02 6.92623e-02 1.92003e-01 2.15968e-01 2.15511e-01 
2.31500e+02 7.18906e-02 1.92363e-01 2.16231e-01 2.15782e-01 
2.32000e+02 7.39933e-02 1.92718e-01 2.16492e-01 2.16052e-01 
2.32500e+02 7.57324e-02 1.93067e-01 2.16752e-01 2.16321e-01 
2.33000e+02 7.72096e-02 1.93412e-01 2.17011e-01 2.16588e-01 
2.33500e+02 7.84928e-02 1.93752e-01 2.17269e-01 2.16855e-01 
2.34000e+02 7.96287e-02 1.94088e-01 2.17526e-01 2.17120e-01 
2.34500e+02 8.06503e-02 1.94420e-01 2.17782e-01 2.17385e-01 
2.35000e+02 8.15813e-02 1.94750e-01 2.18037e-01 2.17648e-01 
2.35500e+02 8.24397e-02 1.95077e-01 2.18291e-01 2.17911e-01 
2.36000e+02 8.32393e-02 1.95402e-01 2.18544e-01 2.18172e-01 
2.36500e+02 8.39911e-02 1.95725e-01 2.18796e-01 2.18433e-01 
2.37000e+02 8.47042e-02 1.96047e-01 2.19047e-01 2.18692e-01 
2.37500e+02 8.53859e-02 1.96368e-01 2.19298e-01 2.18951e-01 
2.38000e+02 8.60423e-02 1.96688e-01 2.19547e-01 2.19209e-01 
2.38500e+02 8.66779e-02 1.97007e-01 2.19795e-01 2.19465e-01 
2.39000e+02 8.72965e-02 1.97325e-01 2.20042e-01 2.19721e-01 
2.39500e+02 8.79004e-02 1.97642e-01 2.20287e-01 2.19976e-01 
2.40000e+02 8.84912e-02 1.97959e-01 2.20532e-01 2.20230e-01 
