0.00000e+00 0.00000e+00 0.00000e+00 0.00000e+00 0.00000e+00 
5.00000e-01 0.00000e+00 0.00000e+00 0.00000e+00 0.00000e+00 
1.00000e+00 0.00000e+00 0.00000e+00 0.00000e+00 0.00000e+00 
1.50000e+00 0.00000e+00 0.00000e+00 0.00000e+00 0.00000e+00 
2.00000e+00 0.00000e+00 0.00000e+00 0.00000e+00 0.00000e+00 
2.50000e+00 0.00000e+00 0.00000e+00 0.00000e+00 0.00000e+00 
3.00000e+00 0.00000e+00 0.00000e+00 0.00000e+00 0.00000e+00 
3.50000e+00 0.00000e+00 0.00000e+00 0.00000e+00 0.00000e+00 
4.00000e+00 0.00000e+00 0.00000e+00 0.00000e+00 0.00000e+00 
4.50000e+00 0.00000e+00 0.00000e+00 0.00000e+00 0.00000e+00 
5.00000e+00 0.00000e+00 0.00000e+00 0.00000e+00 0.00000e+00 
5.50000e+00 0.00000e+00 0.00000e+00 0.00000e+00 0.00000e+00 
6.00000e+00 0.00000e+00 0.00000e+00 0.00000e+00 0.00000e+00 
6.50000e+00 0.00000e+00 0.00000e+00 0.00000e+00 0.00000e+00 
7.00000e+00 0.00000e+00 0.00000e+00 0.00000e+00 0.00000e+00 
7.50000e+00 0.00000e+00 0.00000e+00 0.00000e+00 0.00000e+00 
8.00000e+00 0.00000e+00 0.00000e+00 0.00000e+00 0.00000e+00 
8.50000e+00 0.00000e+00 0.00000e+00 0.00000e+00 0.00000e+00 
9.00000e+00 0.00000e+00 0.00000e+00 0.00000e+00 0.00000e+00 
9.50000e+00 0.00000e+00 0.00000e+00 0.00000e+00 0.00000e+00 
1.00000e+01 0.00000e+00 0.00000e+00 0.00000e+00 0.00000e+00 
1.05000e+01 0.00000e+00 0.00000e+00 0.00000e+00 0.00000e+00 
1.10000e+01 0.00000e+00 0.00000e+00 0.00000e+00 0.00000e+00 
1.15000e+01 0.00000e+00 0.00000e+00 0.00000e+00 0.00000e+00 
1.20000e+01 0.00000e+00 0.00000e+00 0.00000e+00 0.00000e+00 
1.25000e+01 0.00000e+00 0.00000e+00 0.00000e+00 0.00000e+00 
1.30000e+01 0.00000e+00 0.00000e+00 0.00000e+00 0.00000e+00 
1.35000e+01 0.00000e+00 0.00000e+00 0.00000e+00 0.00000e+00 
1.40000e+01 0.00000e+00 0.00000e+00 0.00000e+00 0.00000e+00 
1.45000e+01 0.00000e+00 0.00000e+00 0.00000e+00 0.00000e+00 
1.50000e+01 0.00000e+00 0.00000e+00 0.00000e+00 0.00000e+00 
1.55000e+01 0.00000e+00 0.00000e+00 0.00000e+00 0.00000e+00 
1.60000e+01 0.00000e+00 0.00000e+00 0.00000e+00 0.00000e+00 
1.65000e+01 0.00000e+00 0.00000e+00 0.00000e+00 0.00000e+00 
1.70000e+01 0.00000e+00 0.00000e+00 0.00000e+00 0.00000e+00 
1.75000e+01 0.00000e+00 0.00000e+00 0.00000e+00 0.00000e+00 
1.80000e+01 0.00000e+00 0.00000e+00 0.00000e+00 0.00000e+00 
1.85000e+01 0.00000e+00 0.00000e+00 0.00000e+00 0.00000e+00 
1.90000e+01 0.00000e+00 0.00000e+00 0.00000e+00 0.00000e+00 
1.95000e+01 0.00000e+00 0.00000e+00 0.00000e+00 0.00000e+00 
2.00000e+01 0.00000e+00 0.00000e+00 0.00000e+00 0.00000e+00 
2.05000e+01 0.00000e+00 0.00000e+00 0.00000e+00 0.00000e+00 
2.10000e+01 0.00000e+00 0.00000e+00 0.00000e+00 0.00000e+00 
2.15000e+01 0.00000e+00 0.00000e+00 0.00000e+00 0.00000e+00 
2.20000e+01 0.00000e+00 0.00000e+00 0.00000e+00 0.00000e+00 
2.25000e+01 0.00000e+00 0.00000e+00 0.00000e+00 0.00000e+00 
2.30000e+01 0.00000e+00 0.00000e+00 0.00000e+00 0.00000e+00 
2.35000e+01 0.00000e+00 0.00000e+00 0.00000e+00 0.00000e+00 
2.40000e+01 0.00000e+00 0.00000e+00 0.00000e+00 0.00000e+00 
2.45000e+01 0.00000e+00 0.00000e+00 0.00000e+00 0.00000e+00 
2.50000e+01 0.00000e+00 0.00000e+00 0.00000e+00 0.00000e+00 
2.55000e+01 0.00000e+00 0.00000e+00 0.00000e+00 0.00000e+00 
2.60000e+01 0.00000e+00 0.00000e+00 0.00000e+00 0.00000e+00 
2.65000e+01 0.00000e+00 0.00000e+00 0.00000e+00 0.00000e+00 
2.70000e+01 0.00000e+00 0.00000e+00 0.00000e+00 0.00000e+00 
2.75000e+01 0.00000e+00 0.00000e+00 0.00000e+00 0.00000e+00 
2.80000e+01 0.00000e+00 0.00000e+00 0.00000e+00 0.00000e+00 
2.85000e+01 0.00000e+00 0.00000e+00 0.00000e+00 0.00000e+00 
2.90000e+01 0.00000e+00 0.00000e+00 0.00000e+00 0.00000e+00 
2.95000e+01 0.00000e+00 0.00000e+00 0.00000e+00 0.00000e+00 
3.00000e+01 0.00000e+00 0.00000e+00 0.00000e+00 0.00000e+00 
3.05000e+01 0.00000e+00 0.00000e+00 0.00000e+00 0.00000e+00 
3.10000e+01 0.00000e+00 0.00000e+00 0.00000e+00 0.00000e+00 
3.15000e+01 0.00000e+00 0.00000e+00 0.00000e+00 0.00000e+00 
3.20000e+01 0.00000e+00 0.00000e+00 0.00000e+00 0.00000e+00 
3.25000e+01 0.00000e+00 0.00000e+00 0.00000e+00 0.00000e+00 
3.30000e+01 0.00000e+00 0.00000e+00 0.00000e+00 0.00000e+00 
3.35000e+01 0.00000e+00 0.00000e+00 0.00000e+00 0.00000e+00 
3.40000e+01 0.00000e+00 0.00000e+00 0.00000e+00 0.00000e+00 
3.45000e+01 0.00000e+00 0.00000e+00 0.00000e+00 0.00000e+00 
3.50000e+01 0.00000e+00 0.00000e+00 0.00000e+00 0.00000e+00 
3.55000e+01 0.00000e+00 0.00000e+00 0.00000e+00 0.00000e+00 
3.60000e+01 0.00000e+00 0.00000e+00 0.00000e+00 0.00000e+00 
3.65000e+01 0.00000e+00 0.00000e+00 0.00000e+00 0.00000e+00 
3.70000e+01 0.00000e+00 0.00000e+00 0.00000e+00 0.00000e+00 
3.75000e+01 0.00000e+00 0.00000e+00 0.00000e+00 0.00000e+00 
3.80000e+01 0.00000e+00 0.00000e+00 0.00000e+00 0.00000e+00 
3.85000e+01 0.00000e+00 0.00000e+00 0.00000e+00 0.00000e+00 
3.90000e+01 0.00000e+00 0.00000e+00 0.00000e+00 0.00000e+00 
3.95000e+01 0.00000e+00 0.00000e+00 0.00000e+00 0.00000e+00 
4.00000e+01 0.00000e+00 0.00000e+00 0.00000e+00 0.00000e+00 
4.05000e+01 0.00000e+00 0.00000e+00 0.00000e+00 0.00000e+00 
4.10000e+01 0.00000e+00 0.00000e+00 0.00000e+00 0.00000e+00 
4.15000e+01 0.00000e+00 0.00000e+00 0.00000e+00 0.00000e+00 
4.20000e+01 0.00000e+00 0.00000e+00 0.00000e+00 0.00000e+00 
4.25000e+01 0.00000e+00 0.00000e+00 0.00000e+00 0.00000e+00 
4.30000e+01 0.00000e+00 0.00000e+00 0.00000e+00 0.00000e+00 
4.35000e+01 0.00000e+00 0.00000e+00 0.00000e+00 0.00000e+00 
4.40000e+01 0.00000e+00 0.00000e+00 0.00000e+00 0.00000e+00 
4.45000e+01 0.00000e+00 0.00000e+00 0.00000e+00 0.00000e+00 
4.50000e+01 0.00000e+00 0.00000e+00 0.00000e+00 0.00000e+00 
4.55000e+01 0.00000e+00 0.00000e+00 0.00000e+00 0.00000e+00 
4.60000e+01 0.00000e+00 0.00000e+00 0.00000e+00 0.00000e+00 
4.65000e+01 0.00000e+00 0.00000e+00 0.00000e+00 0.00000e+00 
4.70000e+01 0.00000e+00 0.00000e+00 0.00000e+00 0.00000e+00 
4.75000e+01 0.00000e+00 0.00000e+00 0.00000e+00 0.00000e+00 
4.80000e+01 0.00000e+00 0.00000e+00 0.00000e+00 0.00000e+00 
4.85000e+01 0.00000e+00 0.00000e+00 0.00000e+00 0.00000e+00 
4.90000e+01 0.00000e+00 0.00000e+00 0.00000e+00 0.00000e+00 
4.95000e+01 0.00000e+00 0.00000e+00 0.00000e+00 0.00000e+00 
5.00000e+01 0.00000e+00 0.00000e+00 0.00000e+00 0.00000e+00 
5.05000e+01 0.00000e+00 0.00000e+00 0.00000e+00 0.00000e+00 
5.10000e+01 0.00000e+00 0.00000e+00 0.00000e+00 0.00000e+00 
5.15000e+01 0.00000e+00 0.00000e+00 0.00000e+00 0.00000e+00 
5.20000e+01 0.00000e+00 0.00000e+00 0.00000e+00 0.00000e+00 
5.25000e+01 0.00000e+00 0.00000e+00 0.00000e+00 0.00000e+00 
5.30000e+01 0.00000e+00 0.00000e+00 0.00000e+00 0.00000e+00 
5.35000e+01 0.00000e+00 0.00000e+00 0.00000e+00 0.00000e+00 
5.40000e+01 0.00000e+00 0.00000e+00 0.00000e+00 0.00000e+00 
5.45000e+01 0.00000e+00 0.00000e+00 0.00000e+00 0.00000e+00 
5.50000e+01 0.00000e+00 0.00000e+00 0.00000e+00 0.00000e+00 
5.55000e+01 0.00000e+00 0.00000e+00 0.00000e+00 0.00000e+00 
5.60000e+01 0.00000e+00 0.00000e+00 0.00000e+00 0.00000e+00 
5.65000e+01 0.00000e+00 0.00000e+00 0.00000e+00 0.00000e+00 
5.70000e+01 0.00000e+00 0.00000e+00 0.00000e+00 0.00000e+00 
5.75000e+01 0.00000e+00 0.00000e+00 0.00000e+00 0.00000e+00 
5.80000e+01 0.00000e+00 0.00000e+00 0.00000e+00 0.00000e+00 
5.85000e+01 0.00000e+00 0.00000e+00 0.00000e+00 0.00000e+00 
5.90000e+01 0.00000e+00 0.00000e+00 0.00000e+00 0.00000e+00 
5.95000e+01 0.00000e+00 0.00000e+00 0.00000e+00 0.00000e+00 
6.00000e+01 0.00000e+00 0.00000e+00 0.00000e+00 0.00000e+00 
6.05000e+01 0.00000e+00 0.00000e+00 0.00000e+00 0.00000e+00 
6.10000e+01 0.00000e+00 0.00000e+00 0.00000e+00 0.00000e+00 
6.15000e+01 0.00000e+00 0.00000e+00 0.00000e+00 0.00000e+00 
6.20000e+01 0.00000e+00 0.00000e+00 0.00000e+00 0.00000e+00 
6.25000e+01 0.00000e+00 0.00000e+00 0.00000e+00 0.00000e+00 
6.30000e+01 0.00000e+00 0.00000e+00 0.00000e+00 0.00000e+00 
6.35000e+01 0.00000e+00 0.00000e+00 0.00000e+00 0.00000e+00 
6.40000e+01 0.00000e+00 0.00000e+00 0.00000e+00 0.00000e+00 
6.45000e+01 0.00000e+00 0.00000e+00 0.00000e+00 0.00000e+00 
6.50000e+01 0.00000e+00 0.00000e+00 0.00000e+00 0.00000e+00 
6.55000e+01 0.00000e+00 0.00000e+00 0.00000e+00 0.00000e+00 
6.60000e+01 0.00000e+00 0.00000e+00 0.00000e+00 0.00000e+00 
6.65000e+01 0.00000e+00 0.00000e+00 0.00000e+00 0.00000e+00 
6.70000e+01 0.00000e+00 0.00000e+00 0.00000e+00 0.00000e+00 
6.75000e+01 0.00000e+00 0.00000e+00 0.00000e+00 0.00000e+00 
6.80000e+01 0.00000e+00 0.00000e+00 0.00000e+00 0.00000e+00 
6.85000e+01 0.00000e+00 0.00000e+00 0.00000e+00 0.00000e+00 
6.90000e+01 0.00000e+00 0.00000e+00 0.00000e+00 0.00000e+00 
6.95000e+01 0.00000e+00 0.00000e+00 0.00000e+00 0.00000e+00 
7.00000e+01 0.00000e+00 0.00000e+00 0.00000e+00 0.00000e+00 
7.05000e+01 0.00000e+00 0.00000e+00 0.00000e+00 0.00000e+00 
7.10000e+01 0.00000e+00 0.00000e+00 0.00000e+00 0.00000e+00 
7.15000e+01 0.00000e+00 0.00000e+00 0.00000e+00 0.00000e+00 
7.20000e+01 0.00000e+00 0.00000e+00 0.00000e+00 0.00000e+00 
7.25000e+01 0.00000e+00 0.00000e+00 0.00000e+00 0.00000e+00 
7.30000e+01 0.00000e+00 0.00000e+00 0.00000e+00 0.00000e+00 
7.35000e+01 0.00000e+00 0.00000e+00 0.00000e+00 0.00000e+00 
7.40000e+01 0.00000e+00 0.00000e+00 0.00000e+00 0.00000e+00 
7.45000e+01 0.00000e+00 0.00000e+00 0.00000e+00 0.00000e+00 
7.50000e+01 0.00000e+00 0.00000e+00 0.00000e+00 0.00000e+00 
7.55000e+01 0.00000e+00 0.00000e+00 0.00000e+00 0.00000e+00 
7.60000e+01 0.00000e+00 0.00000e+00 0.00000e+00 0.00000e+00 
7.65000e+01 0.00000e+00 0.00000e+00 0.00000e+00 0.00000e+00 
7.70000e+01 0.00000e+00 0.00000e+00 0.00000e+00 0.00000e+00 
7.75000e+01 0.00000e+00 0.00000e+00 0.00000e+00 0.00000e+00 
7.80000e+01 0.00000e+00 0.00000e+00 0.00000e+00 0.00000e+00 
7.85000e+01 0.00000e+00 0.00000e+00 0.00000e+00 0.00000e+00 
7.90000e+01 0.00000e+00 0.00000e+00 0.00000e+00 0.00000e+00 
7.95000e+01 0.00000e+00 0.00000e+00 0.00000e+00 0.00000e+00 
8.00000e+01 0.00000e+00 0.00000e+00 0.00000e+00 0.00000e+00 
8.05000e+01 0.00000e+00 0.00000e+00 0.00000e+00 0.00000e+00 
8.10000e+01 0.00000e+00 0.00000e+00 0.00000e+00 0.00000e+00 
8.15000e+01 0.00000e+00 0.00000e+00 0.00000e+00 0.00000e+00 
8.20000e+01 0.00000e+00 0.00000e+00 0.00000e+00 0.00000e+00 
8.25000e+01 0.00000e+00 0.00000e+00 0.00000e+00 0.00000e+00 
8.30000e+01 0.00000e+00 0.00000e+00 0.00000e+00 0.00000e+00 
8.35000e+01 0.00000e+00 0.00000e+00 0.00000e+00 0.00000e+00 
8.40000e+01 0.00000e+00 0.00000e+00 0.00000e+00 0.00000e+00 
8.45000e+01 0.00000e+00 0.00000e+00 0.00000e+00 0.00000e+00 
8.50000e+01 0.00000e+00 0.00000e+00 0.00000e+00 0.00000e+00 
8.55000e+01 0.00000e+00 0.00000e+00 0.00000e+00 0.00000e+00 
8.60000e+01 0.00000e+00 0.00000e+00 0.00000e+00 0.00000e+00 
8.65000e+01 0.00000e+00 0.00000e+00 0.00000e+00 0.00000e+00 
8.70000e+01 0.00000e+00 0.00000e+00 0.00000e+00 0.00000e+00 
8.75000e+01 0.00000e+00 0.00000e+00 0.00000e+00 0.00000e+00 
8.80000e+01 0.00000e+00 0.00000e+00 0.00000e+00 0.00000e+00 
8.85000e+01 0.00000e+00 0.00000e+00 0.00000e+00 0.00000e+00 
8.90000e+01 0.00000e+00 0.00000e+00 0.00000e+00 0.00000e+00 
8.95000e+01 0.00000e+00 0.00000e+00 0.00000e+00 0.00000e+00 
9.00000e+01 0.00000e+00 0.00000e+00 0.00000e+00 0.00000e+00 
9.05000e+01 0.00000e+00 0.00000e+00 0.00000e+00 0.00000e+00 
9.10000e+01 0.00000e+00 0.00000e+00 0.00000e+00 0.00000e+00 
9.15000e+01 0.00000e+00 0.00000e+00 0.00000e+00 0.00000e+00 
9.20000e+01 0.00000e+00 0.00000e+00 0.00000e+00 0.00000e+00 
9.25000e+01 0.00000e+00 0.00000e+00 0.00000e+00 0.00000e+00 
9.30000e+01 0.00000e+00 0.00000e+00 0.00000e+00 0.00000e+00 
9.35000e+01 0.00000e+00 0.00000e+00 0.00000e+00 0.00000e+00 
9.40000e+01 1.23358e-255 0.00000e+00 0.00000e+00 0.00000e+00 
9.45000e+01 1.45347e-107 0.00000e+00 0.00000e+00 0.00000e+00 
9.50000e+01 1.34755e-44 0.00000e+00 0.00000e+00 0.00000e+00 
9.55000e+01 4.73455e-16 0.00000e+00 0.00000e+00 0.00000e+00 
9.60000e+01 2.10225e-05 0.00000e+00 0.00000e+00 0.00000e+00 
9.65000e+01 3.48740e-02 0.00000e+00 0.00000e+00 0.00000e+00 
9.70000e+01 6.96432e-02 0.00000e+00 0.00000e+00 0.00000e+00 
9.75000e+01 8.12607e-02 0.00000e+00 0.00000e+00 0.00000e+00 
9.80000e+01 8.97817e-02 0.00000e+00 0.00000e+00 0.00000e+00 
9.85000e+01 9.72316e-02 0.00000e+00 0.00000e+00 0.00000e+00 
9.90000e+01 1.03907e-01 0.00000e+00 0.00000e+00 0.00000e+00 
9.95000e+01 1.09934e-01 0.00000e+00 0.00000e+00 0.00000e+00 
1.00000e+02 1.15323e-01 0.00000e+00 0.00000e+00 0.00000e+00 
1.00500e+02 1.19992e-01 0.00000e+00 0.00000e+00 0.00000e+00 
1.01000e+02 1.23924e-01 0.00000e+00 0.00000e+00 0.00000e+00 
1.01500e+02 1.27230e-01 0.00000e+00 0.00000e+00 0.00000e+00 
1.02000e+02 1.30098e-01 0.00000e+00 0.00000e+00 0.00000e+00 
1.02500e+02 1.32712e-01 0.00000e+00 0.00000e+00 0.00000e+00 
1.03000e+02 1.35177e-01 0.00000e+00 0.00000e+00 0.00000e+00 
1.03500e+02 1.37505e-01 0.00000e+00 0.00000e+00 0.00000e+00 
1.04000e+02 1.39660e-01 0.00000e+00 0.00000e+00 0.00000e+00 
1.04500e+02 1.41616e-01 0.00000e+00 0.00000e+00 0.00000e+00 
1.05000e+02 1.43372e-01 0.00000e+00 0.00000e+00 0.00000e+00 
1.05500e+02 1.44952e-01 0.00000e+00 0.00000e+00 0.00000e+00 
1.06000e+02 1.46390e-01 0.00000e+00 0.00000e+00 0.00000e+00 
1.06500e+02 1.47718e-01 0.00000e+00 0.00000e+00 0.00000e+00 
1.07000e+02 1.48964e-01 0.00000e+00 0.00000e+00 0.00000e+00 
1.07500e+02 1.50153e-01 0.00000e+00 0.00000e+00 0.00000e+00 
1.08000e+02 1.51301e-01 0.00000e+00 0.00000e+00 0.00000e+00 
1.08500e+02 1.52427e-01 0.00000e+00 0.00000e+00 0.00000e+00 
1.09000e+02 1.53543e-01 0.00000e+00 0.00000e+00 0.00000e+00 
1.09500e+02 1.54657e-01 0.00000e+00 0.00000e+00 0.00000e+00 
1.10000e+02 1.55766e-01 0.00000e+00 0.00000e+00 0.00000e+00 
1.10500e+02 1.56862e-01 0.00000e+00 0.00000e+00 0.00000e+00 
1.11000e+02 1.57933e-01 0.00000e+00 0.00000e+00 0.00000e+00 
1.11500e+02 1.58971e-01 0.00000e+00 0.00000e+00 0.00000e+00 
1.12000e+02 1.59971e-01 0.00000e+00 0.00000e+00 0.00000e+00 
1.12500e+02 1.60934e-01 0.00000e+00 0.00000e+00 0.00000e+00 
1.13000e+02 1.61863e-01 0.00000e+00 0.00000e+00 0.00000e+00 
1.13500e+02 1.62762e-01 0.00000e+00 0.00000e+00 0.00000e+00 
1.14000e+02 1.63636e-01 0.00000e+00 0.00000e+00 0.00000e+00 
1.14500e+02 1.64489e-01 0.00000e+00 0.00000e+00 0.00000e+00 
1.15000e+02 1.65323e-01 0.00000e+00 0.00000e+00 0.00000e+00 
1.15500e+02 1.66143e-01 0.00000e+00 0.00000e+00 0.00000e+00 
1.16000e+02 1.66949e-01 0.00000e+00 0.00000e+00 0.00000e+00 
1.16500e+02 1.67743e-01 0.00000e+00 0.00000e+00 0.00000e+00 
1.17000e+02 1.68525e-01 0.00000e+00 0.00000e+00 0.00000e+00 
1.17500e+02 1.69297e-01 0.00000e+00 0.00000e+00 0.00000e+00 
1.18000e+02 1.70060e-01 0.00000e+00 0.00000e+00 0.00000e+00 
1.18500e+02 1.70814e-01 0.00000e+00 0.00000e+00 0.00000e+00 
1.19000e+02 1.71561e-01 0.00000e+00 0.00000e+00 0.00000e+00 
1.19500e+02 1.72305e-01 0.00000e+00 0.00000e+00 0.00000e+00 
1.20000e+02 1.73047e-01 0.00000e+00 0.00000e+00 0.00000e+00 
1.20500e+02 1.73792e-01 0.00000e+00 0.00000e+00 0.00000e+00 
1.21000e+02 1.74539e-01 0.00000e+00 0.00000e+00 0.00000e+00 
1.21500e+02 1.75288e-01 0.00000e+00 0.00000e+00 0.00000e+00 
1.22000e+02 1.76038e-01 0.00000e+00 0.00000e+00 0.00000e+00 
1.22500e+02 1.76784e-01 0.00000e+00 0.00000e+00 0.00000e+00 
1.23000e+02 1.77523e-01 0.00000e+00 0.00000e+00 0.00000e+00 
1.23500e+02 1.78253e-01 0.00000e+00 0.00000e+00 0.00000e+00 
1.24000e+02 1.78974e-01 0.00000e+00 0.00000e+00 0.00000e+00 
1.24500e+02 1.79685e-01 0.00000e+00 0.00000e+00 0.00000e+00 
1.25000e+02 1.80387e-01 0.00000e+00 0.00000e+00 0.00000e+00 
1.25500e+02 1.81081e-01 0.00000e+00 0.00000e+00 0.00000e+00 
1.26000e+02 1.81768e-01 0.00000e+00 0.00000e+00 0.00000e+00 
1.26500e+02 1.82449e-01 0.00000e+00 0.00000e+00 0.00000e+00 
1.27000e+02 1.83125e-01 0.00000e+00 0.00000e+00 0.00000e+00 
1.27500e+02 1.83796e-01 0.00000e+00 0.00000e+00 0.00000e+00 
1.28000e+02 1.84464e-01 0.00000e+00 0.00000e+00 0.00000e+00 
1.28500e+02 1.85129e-01 0.00000e+00 0.00000e+00 0.00000e+00 
1.29000e+02 1.85791e-01 0.00000e+00 0.00000e+00 0.00000e+00 
1.29500e+02 1.86451e-01 0.00000e+00 0.00000e+00 0.00000e+00 
1.30000e+02 1.87110e-01 0.00000e+00 0.00000e+00 0.00000e+00 
1.30500e+02 1.87766e-01 0.00000e+00 0.00000e+00 0.00000e+00 
1.31000e+02 1.88421e-01 0.00000e+00 0.00000e+00 0.00000e+00 
1.31500e+02 1.89073e-01 0.00000e+00 0.00000e+00 0.00000e+00 
1.32000e+02 1.89725e-01 0.00000e+00 0.00000e+00 0.00000e+00 
1.32500e+02 1.90376e-01 0.00000e+00 0.00000e+00 0.00000e+00 
1.33000e+02 1.91027e-01 0.00000e+00 0.00000e+00 0.00000e+00 
1.33500e+02 1.91680e-01 0.00000e+00 0.00000e+00 0.00000e+00 
1.34000e+02 1.92334e-01 0.00000e+00 0.00000e+00 0.00000e+00 
1.34500e+02 1.92992e-01 0.00000e+00 0.00000e+00 0.00000e+00 
1.35000e+02 1.93654e-01 0.00000e+00 0.00000e+00 0.00000e+00 
1.35500e+02 1.94319e-01 0.00000e+00 0.00000e+00 0.00000e+00 
1.36000e+02 1.94988e-01 0.00000e+00 0.00000e+00 0.00000e+00 
1.36500e+02 1.95661e-01 0.00000e+00 0.00000e+00 0.00000e+00 
1.37000e+02 1.96336e-01 0.00000e+00 0.00000e+00 0.00000e+00 
1.37500e+02 1.97014e-01 0.00000e+00 0.00000e+00 0.00000e+00 
1.38000e+02 1.97692e-01 0.00000e+00 0.00000e+00 0.00000e+00 
1.38500e+02 1.98371e-01 0.00000e+00 0.00000e+00 0.00000e+00 
1.39000e+02 1.99049e-01 0.00000e+00 0.00000e+00 0.00000e+00 
1.39500e+02 1.99727e-01 0.00000e+00 0.00000e+00 0.00000e+00 
1.40000e+02 2.00405e-01 0.00000e+00 0.00000e+00 0.00000e+00 
1.40500e+02 2.01082e-01 0.00000e+00 0.00000e+00 0.00000e+00 
1.41000e+02 2.01758e-01 0.00000e+00 0.00000e+00 0.00000e+00 
1.41500e+02 2.02434e-01 0.00000e+00 0.00000e+00 0.00000e+00 
1.42000e+02 2.03109e-01 0.00000e+00 0.00000e+00 0.00000e+00 
1.42500e+02 2.03785e-01 0.00000e+00 0.00000e+00 0.00000e+00 
1.43000e+02 2.04461e-01 0.00000e+00 0.00000e+00 0.00000e+00 
1.43500e+02 2.05137e-01 0.00000e+00 0.00000e+00 0.00000e+00 
1.44000e+02 2.05813e-01 0.00000e+00 0.00000e+00 0.00000e+00 
1.44500e+02 2.06489e-01 0.00000e+00 0.00000e+00 0.00000e+00 
1.45000e+02 2.07166e-01 0.00000e+00 0.00000e+00 0.00000e+00 
1.45500e+02 2.07843e-01 0.00000e+00 0.00000e+00 0.00000e+00 
1.46000e+02 2.08520e-01 0.00000e+00 0.00000e+00 0.00000e+00 
1.46500e+02 2.09197e-01 0.00000e+00 0.00000e+00 0.00000e+00 
1.47000e+02 2.09874e-01 0.00000e+00 0.00000e+00 0.00000e+00 
1.47500e+02 2.10550e-01 0.00000e+00 0.00000e+00 0.00000e+00 
1.48000e+02 2.11225e-01 0.00000e+00 0.00000e+00 0.00000e+00 
1.48500e+02 2.11899e-01 0.00000e+00 0.00000e+00 1.19378e-302 
1.49000e+02 2.12572e-01 0.00000e+00 0.00000e+00 2.93423e-205 
1.49500e+02 2.13244e-01 0.00000e+00 0.00000e+00 1.75491e-136 
1.50000e+02 2.13913e-01 0.00000e+00 0.00000e+00 7.93214e-89 
1.50500e+02 2.14581e-01 0.00000e+00 0.00000e+00 1.81837e-56 
1.51000e+02 2.15247e-01 0.00000e+00 0.00000e+00 6.95789e-35 
1.51500e+02 2.15911e-01 0.00000e+00 0.00000e+00 1.02270e-20 
1.52000e+02 2.16573e-01 0.00000e+00 0.00000e+00 1.25058e-11 
1.52500e+02 2.17232e-01 0.00000e+00 0.00000e+00 3.68763e-06 
1.53000e+02 2.17889e-01 0.00000e+00 0.00000e+00 2.72201e-03 
1.53500e+02 2.18543e-01 0.00000e+00 0.00000e+00 3.58275e-02 
1.54000e+02 2.19197e-01 0.00000e+00 0.00000e+00 5.83621e-02 
1.54500e+02 2.19847e-01 0.00000e+00 0.00000e+00 6.61500e-02 
1.55000e+02 2.20495e-01 0.00000e+00 0.00000e+00 7.05972e-02 
1.55500e+02 2.21140e-01 0.00000e+00 0.00000e+00 7.39460e-02 
1.56000e+02 2.21781e-01 0.00000e+00 0.00000e+00 7.67570e-02 
1.56500e+02 2.22421e-01 0.00000e+00 0.00000e+00 7.91679e-02 
1.57000e+02 2.23057e-01 0.00000e+00 0.00000e+00 8.12262e-02 
1.57500e+02 2.23690e-01 0.00000e+00 0.00000e+00 8.29966e-02 
1.58000e+02 2.24320e-01 0.00000e+00 0.00000e+00 8.45592e-02 
1.58500e+02 2.24947e-01 0.00000e+00 0.00000e+00 8.59794e-02 
1.59000e+02 2.25571e-01 0.00000e+00 0.00000e+00 8.72932e-02 
1.59500e+02 2.26191e-01 0.00000e+00 0.00000e+00 8.85133e-02 
1.60000e+02 2.26808e-01 0.00000e+00 0.00000e+00 8.96439e-02 
1.60500e+02 2.27420e-01 0.00000e+00 0.00000e+00 9.06910e-02 
1.61000e+02 2.28029e-01 0.00000e+00 0.00000e+00 9.16639e-02 
1.61500e+02 2.28634e-01 0.00000e+00 0.00000e+00 9.25738e-02 
1.62000e+02 2.29234e-01 0.00000e+00 0.00000e+00 9.34318e-02 
1.62500e+02 2.29829e-01 0.00000e+00 0.00000e+00 9.42470e-02 
1.63000e+02 2.30419e-01 0.00000e+00 0.00000e+00 9.50269e-02 
1.63500e+02 2.31005e-01 0.00000e+00 0.00000e+00 9.57772e-02 
1.64000e+02 2.31584e-01 0.00000e+00 0.00000e+00 9.65025e-02 
1.64500e+02 2.32158e-01 0.00000e+00 0.00000e+00 9.72062e-02 
1.65000e+02 2.32727e-01 0.00000e+00 0.00000e+00 9.78913e-02 
1.65500e+02 2.33289e-01 0.00000e+00 0.00000e+00 9.85602e-02 
1.66000e+02 2.33845e-01 0.00000e+00 0.00000e+00 9.92151e-02 
1.66500e+02 2.34394e-01 0.00000e+00 0.00000e+00 9.98577e-02 
1.67000e+02 2.34938e-01 0.00000e+00 0.00000e+00 1.00490e-01 
1.67500e+02 2.35474e-01 0.00000e+00 0.00000e+00 1.01112e-01 
1.68000e+02 2.36004e-01 0.00000e+00 0.00000e+00 1.01726e-01 
1.68500e+02 2.36528e-01 0.00000e+00 0.00000e+00 1.02334e-01 
1.69000e+02 2.37044e-01 0.00000e+00 0.00000e+00 1.02934e-01 
1.69500e+02 2.37554e-01 0.00000e+00 0.00000e+00 1.03530e-01 
1.70000e+02 2.38058e-01 0.00000e+00 0.00000e+00 1.04120e-01 
1.70500e+02 2.38554e-01 0.00000e+00 0.00000e+00 1.04707e-01 
1.71000e+02 2.39045e-01 0.00000e+00 0.00000e+00 1.05289e-01 
1.71500e+02 2.39528e-01 0.00000e+00 0.00000e+00 1.05868e-01 
1.72000e+02 2.40006e-01 0.00000e+00 0.00000e+00 1.06445e-01 
1.72500e+02 2.40477e-01 0.00000e+00 0.00000e+00 1.07019e-01 
1.73000e+02 2.40942e-01 0.00000e+00 0.00000e+00 1.07592e-01 
1.73500e+02 2.41401e-01 0.00000e+00 0.00000e+00 1.08165e-01 
1.74000e+02 2.41855e-01 0.00000e+00 0.00000e+00 1.08737e-01 
1.74500e+02 2.42304e-01 0.00000e+00 0.00000e+00 1.09311e-01 
1.75000e+02 2.42747e-01 0.00000e+00 0.00000e+00 1.09887e-01 
1.75500e+02 2.43186e-01 0.00000e+00 0.00000e+00 1.10466e-01 
1.76000e+02 2.43620e-01 0.00000e+00 0.00000e+00 1.11048e-01 
1.76500e+02 2.44049e-01 0.00000e+00 0.00000e+00 1.11635e-01 
1.77000e+02 2.44475e-01 0.00000e+00 0.00000e+00 1.12228e-01 
1.77500e+02 2.44897e-01 0.00000e+00 0.00000e+00 1.12827e-01 
1.78000e+02 2.45316e-01 0.00000e+00 0.00000e+00 1.13434e-01 
1.78500e+02 2.45732e-01 0.00000e+00 0.00000e+00 1.14049e-01 
1.79000e+02 2.46145e-01 0.00000e+00 0.00000e+00 1.14672e-01 
1.79500e+02 2.46555e-01 0.00000e+00 0.00000e+00 1.15305e-01 
1.80000e+02 2.46964e-01 0.00000e+00 0.00000e+00 1.15948e-01 
1.80500e+02 2.47370e-01 0.00000e+00 0.00000e+00 1.16600e-01 
1.81000e+02 2.47774e-01 0.00000e+00 0.00000e+00 1.17264e-01 
1.81500e+02 2.48177e-01 0.00000e+00 0.00000e+00 1.17938e-01 
1.82000e+02 2.48579e-01 0.00000e+00 0.00000e+00 1.18623e-01 
1.82500e+02 2.48979e-01 0.00000e+00 0.00000e+00 1.19320e-01 
1.83000e+02 2.49377e-01 0.00000e+00 0.00000e+00 1.20027e-01 
1.83500e+02 2.49775e-01 0.00000e+00 0.00000e+00 1.20746e-01 
1.84000e+02 2.50171e-01 0.00000e+00 0.00000e+00 1.21476e-01 
1.84500e+02 2.50566e-01 0.00000e+00 0.00000e+00 1.22216e-01 
1.85000e+02 2.50959e-01 0.00000e+00 0.00000e+00 1.22968e-01 
1.85500e+02 2.51351e-01 0.00000e+00 0.00000e+00 1.23730e-01 
1.86000e+02 2.51742e-01 0.00000e+00 0.00000e+00 1.24502e-01 
1.86500e+02 2.52131e-01 0.00000e+00 0.00000e+00 1.25284e-01 
1.87000e+02 2.52519e-01 0.00000e+00 0.00000e+00 1.26076e-01 
1.87500e+02 2.52905e-01 0.00000e+00 0.00000e+00 1.26878e-01 
1.88000e+02 2.53289e-01 0.00000e+00 0.00000e+00 1.27689e-01 
1.88500e+02 2.53672e-01 0.00000e+00 0.00000e+00 1.28509e-01 
1.89000e+02 2.54054e-01 0.00000e+00 0.00000e+00 1.29339e-01 
1.89500e+02 2.54434e-01 0.00000e+00 0.00000e+00 1.30177e-01 
1.90000e+02 2.54813e-01 0.00000e+00 0.00000e+00 1.31025e-01 
1.90500e+02 2.55190e-01 0.00000e+00 0.00000e+00 1.31882e-01 
1.91000e+02 2.55566e-01 0.00000e+00 0.00000e+00 1.32748e-01 
1.91500e+02 2.55941e-01 0.00000e+00 0.00000e+00 1.33623e-01 
1.92000e+02 2.56315e-01 0.00000e+00 0.00000e+00 1.34507e-01 
1.92500e+02 2.56688e-01 0.00000e+00 0.00000e+00 1.35400e-01 
1.93000e+02 2.57060e-01 0.00000e+00 0.00000e+00 1.36302e-01 
1.93500e+02 2.57432e-01 0.00000e+00 0.00000e+00 1.37213e-01 
1.94000e+02 2.57802e-01 0.00000e+00 0.00000e+00 1.38132e-01 
1.94500e+02 2.58172e-01 0.00000e+00 0.00000e+00 1.39059e-01 
1.95000e+02 2.58542e-01 0.00000e+00 0.00000e+00 1.39993e-01 
1.95500e+02 2.58911e-01 0.00000e+00 0.00000e+00 1.40933e-01 
1.96000e+02 2.59280e-01 0.00000e+00 0.00000e+00 1.41879e-01 
1.96500e+02 2.59648e-01 0.00000e+00 0.00000e+00 1.42828e-01 
1.97000e+02 2.60016e-01 0.00000e+00 0.00000e+00 1.43779e-01 
1.97500e+02 2.60383e-01 0.00000e+00 0.00000e+00 1.44731e-01 
1.98000e+02 2.60751e-01 0.00000e+00 0.00000e+00 1.45683e-01 
1.98500e+02 2.61118e-01 0.00000e+00 0.00000e+00 1.46632e-01 
1.99000e+02 2.61485e-01 0.00000e+00 0.00000e+00 1.47577e-01 
1.99500e+02 2.61851e-01 0.00000e+00 0.00000e+00 1.48518e-01 
2.00000e+02 2.62218e-01 0.00000e+00 0.00000e+00 1.49452e-01 
2.00500e+02 2.62584e-01 0.00000e+00 0.00000e+00 1.50380e-01 
2.01000e+02 2.62950e-01 0.00000e+00 0.00000e+00 1.51300e-01 
2.01500e+02 2.63316e-01 0.00000e+00 0.00000e+00 1.52213e-01 
2.02000e+02 2.63681e-01 0.00000e+00 0.00000e+00 1.53118e-01 
2.02500e+02 2.64046e-01 0.00000e+00 0.00000e+00 1.54015e-01 
2.03000e+02 2.64411e-01 0.00000e+00 0.00000e+00 1.54904e-01 
2.03500e+02 2.64776e-01 0.00000e+00 0.00000e+00 1.55786e-01 
2.04000e+02 2.65141e-01 0.00000e+00 0.00000e+00 1.56660e-01 
2.04500e+02 2.65505e-01 0.00000e+00 0.00000e+00 1.57528e-01 
2.05000e+02 2.65869e-01 0.00000e+00 0.00000e+00 1.58390e-01 
2.05500e+02 2.66232e-01 0.00000e+00 0.00000e+00 1.59247e-01 
2.06000e+02 2.66596e-01 0.00000e+00 0.00000e+00 1.60098e-01 
2.06500e+02 2.66958e-01 0.00000e+00 0.00000e+00 1.60944e-01 
2.07000e+02 2.67321e-01 0.00000e+00 0.00000e+00 1.61786e-01 
2.07500e+02 2.67683e-01 0.00000e+00 0.00000e+00 1.62624e-01 
2.08000e+02 2.68044e-01 0.00000e+00 0.00000e+00 1.63458e-01 
2.08500e+02 2.68405e-01 0.00000e+00 0.00000e+00 1.64289e-01 
2.09000e+02 2.68766e-01 0.00000e+00 0.00000e+00 1.65115e-01 
2.09500e+02 2.69126e-01 0.00000e+00 0.00000e+00 1.65938e-01 
2.10000e+02 2.69485e-01 0.00000e+00 0.00000e+00 1.66757e-01 
2.10500e+02 2.69845e-01 0.00000e+00 0.00000e+00 1.67571e-01 
2.11000e+02 2.70203e-01 0.00000e+00 0.00000e+00 1.68381e-01 
2.11500e+02 2.70561e-01 0.00000e+00 0.00000e+00 1.69187e-01 
2.12000e+02 2.70919e-01 0.00000e+00 0.00000e+00 1.69987e-01 
2.12500e+02 2.71276e-01 0.00000e+00 0.00000e+00 1.70782e-01 
2.13000e+02 2.71633e-01 0.00000e+00 0.00000e+00 1.71572e-01 
2.13500e+02 2.71990e-01 0.00000e+00 0.00000e+00 1.72356e-01 
2.14000e+02 2.72346e-01 0.00000e+00 0.00000e+00 1.73133e-01 
2.14500e+02 2.72701e-01 0.00000e+00 0.00000e+00 1.73904e-01 
2.15000e+02 2.73057e-01 0.00000e+00 0.00000e+00 1.74667e-01 
2.15500e+02 2.73412e-01 0.00000e+00 0.00000e+00 1.75422e-01 
2.16000e+02 2.73767e-01 0.00000e+00 0.00000e+00 1.76169e-01 
2.16500e+02 2.74121e-01 0.00000e+00 0.00000e+00 1.76907e-01 
2.17000e+02 2.74476e-01 0.00000e+00 0.00000e+00 1.77636e-01 
2.17500e+02 2.74830e-01 0.00000e+00 0.00000e+00 1.78355e-01 
2.18000e+02 2.75184e-01 0.00000e+00 0.00000e+00 1.79064e-01 
2.18500e+02 2.75538e-01 0.00000e+00 0.00000e+00 1.79762e-01 
2.19000e+02 2.75892e-01 0.00000e+00 0.00000e+00 1.80450e-01 
2.19500e+02 2.76246e-01 0.00000e+00 0.00000e+00 1.81128e-01 
2.20000e+02 2.76599e-01 0.00000e+00 0.00000e+00 1.81795e-01 
2.20500e+02 2.76953e-01 0.00000e+00 0.00000e+00 1.82452e-01 
2.21000e+02 2.77307e-01 0.00000e+00 0.00000e+00 1.83098e-01 
2.21500e+02 2.77660e-01 0.00000e+00 0.00000e+00 1.83734e-01 
2.22000e+02 2.78014e-01 0.00000e+00 0.00000e+00 1.84360e-01 
2.22500e+02 2.78367e-01 0.00000e+00 0.00000e+00 1.84976e-01 
2.23000e+02 2.78720e-01 0.00000e+00 0.00000e+00 1.85583e-01 
2.23500e+02 2.79073e-01 0.00000e+00 0.00000e+00 1.86179e-01 
2.24000e+02 2.79426e-01 0.00000e+00 0.00000e+00 1.86765e-01 
2.24500e+02 2.79778e-01 0.00000e+00 0.00000e+00 1.87342e-01 
2.25000e+02 2.80130e-01 0.00000e+00 0.00000e+00 1.87910e-01 
2.25500e+02 2.80482e-01 0.00000e+00 0.00000e+00 1.88467e-01 
2.26000e+02 2.80833e-01 0.00000e+00 0.00000e+00 1.89015e-01 
2.26500e+02 2.81184e-01 0.00000e+00 0.00000e+00 1.89554e-01 
2.27000e+02 2.81534e-01 0.00000e+00 0.00000e+00 1.90084e-01 
2.27500e+02 2.81884e-01 0.00000e+00 0.00000e+00 1.90605e-01 
2.28000e+02 2.82233e-01 0.00000e+00 0.00000e+00 1.91117e-01 
2.28500e+02 2.82582e-01 0.00000e+00 0.00000e+00 1.91620e-01 
2.29000e+02 2.82930e-01 0.00000e+00 0.00000e+00 1.92116e-01 
2.29500e+02 2.83277e-01 0.00000e+00 0.00000e+00 1.92603e-01 
2.30000e+02 2.83623e-01 0.00000e+00 0.00000e+00 1.93084e-01 
2.30500e+02 2.83969e-01 0.00000e+00 0.00000e+00 1.93557e-01 
2.31000e+02 2.84314e-01 0.00000e+00 0.00000e+00 1.94023e-01 
2.31500e+02 2.84657e-01 0.00000e+00 0.00000e+00 1.94483e-01 
2.32000e+02 2.85000e-01 0.00000e+00 0.00000e+00 1.94937e-01 
2.32500e+02 2.85342e-01 0.00000e+00 0.00000e+00 1.95385e-01 
2.33000e+02 2.85683e-01 0.00000e+00 0.00000e+00 1.95827e-01 
2.33500e+02 2.86023e-01 0.00000e+00 0.00000e+00 1.96265e-01 
2.34000e+02 2.86363e-01 0.00000e+00 0.00000e+00 1.96698e-01 
2.34500e+02 2.86701e-01 0.00000e+00 0.00000e+00 1.97126e-01 
2.35000e+02 2.87038e-01 0.00000e+00 0.00000e+00 1.97550e-01 
2.35500e+02 2.87373e-01 0.00000e+00 0.00000e+00 1.97970e-01 
2.36000e+02 2.87708e-01 0.00000e+00 0.00000e+00 1.98387e-01 
2.36500e+02 2.88042e-01 0.00000e+00 0.00000e+00 1.98799e-01 
2.37000e+02 2.88375e-01 0.00000e+00 0.00000e+00 1.99208e-01 
2.37500e+02 2.88707e-01 0.00000e+00 0.00000e+00 1.99614e-01 
2.38000e+02 2.89037e-01 0.00000e+00 0.00000e+00 2.00017e-01 
2.38500e+02 2.89367e-01 0.00000e+00 0.00000e+00 2.00417e-01 
2.39000e+02 2.89695e-01 0.00000e+00 0.00000e+00 2.00814e-01 
2.39500e+02 2.90023e-01 0.00000e+00 0.00000e+00 2.01209e-01 
2.40000e+02 2.90349e-01 0.00000e+00 0.00000e+00 2.01601e-01 
