0.00000e+00 0.00000e+00 0.00000e+00 0.00000e+00 0.00000e+00 
5.00000e-01 0.00000e+00 0.00000e+00 0.00000e+00 0.00000e+00 
1.00000e+00 0.00000e+00 0.00000e+00 0.00000e+00 0.00000e+00 
1.50000e+00 0.00000e+00 0.00000e+00 0.00000e+00 0.00000e+00 
2.00000e+00 0.00000e+00 0.00000e+00 0.00000e+00 0.00000e+00 
2.50000e+00 0.00000e+00 0.00000e+00 0.00000e+00 0.00000e+00 
3.00000e+00 0.00000e+00 0.00000e+00 0.00000e+00 0.00000e+00 
3.50000e+00 0.00000e+00 0.00000e+00 0.00000e+00 0.00000e+00 
4.00000e+00 0.00000e+00 0.00000e+00 0.00000e+00 0.00000e+00 
4.50000e+00 0.00000e+00 0.00000e+00 0.00000e+00 0.00000e+00 
5.00000e+00 0.00000e+00 0.00000e+00 0.00000e+00 0.00000e+00 
5.50000e+00 0.00000e+00 0.00000e+00 0.00000e+00 0.00000e+00 
6.00000e+00 0.00000e+00 0.00000e+00 0.00000e+00 0.00000e+00 
6.50000e+00 0.00000e+00 0.00000e+00 0.00000e+00 0.00000e+00 
7.00000e+00 0.00000e+00 0.00000e+00 0.00000e+00 0.00000e+00 
7.50000e+00 0.00000e+00 0.00000e+00 0.00000e+00 0.00000e+00 
8.00000e+00 0.00000e+00 0.00000e+00 0.00000e+00 0.00000e+00 
8.50000e+00 0.00000e+00 0.00000e+00 0.00000e+00 0.00000e+00 
9.00000e+00 0.00000e+00 0.00000e+00 0.00000e+00 0.00000e+00 
9.50000e+00 0.00000e+00 0.00000e+00 0.00000e+00 0.00000e+00 
1.00000e+01 0.00000e+00 0.00000e+00 0.00000e+00 0.00000e+00 
1.05000e+01 0.00000e+00 0.00000e+00 0.00000e+00 0.00000e+00 
1.10000e+01 0.00000e+00 0.00000e+00 0.00000e+00 0.00000e+00 
1.15000e+01 0.00000e+00 0.00000e+00 0.00000e+00 0.00000e+00 
1.20000e+01 0.00000e+00 0.00000e+00 0.00000e+00 0.00000e+00 
1.25000e+01 0.00000e+00 0.00000e+00 0.00000e+00 0.00000e+00 
1.30000e+01 0.00000e+00 0.00000e+00 0.00000e+00 0.00000e+00 
1.35000e+01 0.00000e+00 0.00000e+00 0.00000e+00 0.00000e+00 
1.40000e+01 0.00000e+00 0.00000e+00 0.00000e+00 0.00000e+00 
1.45000e+01 0.00000e+00 0.00000e+00 0.00000e+00 0.00000e+00 
1.50000e+01 0.00000e+00 0.00000e+00 0.00000e+00 0.00000e+00 
1.55000e+01 0.00000e+00 0.00000e+00 0.00000e+00 0.00000e+00 
1.60000e+01 0.00000e+00 0.00000e+00 0.00000e+00 0.00000e+00 
1.65000e+01 0.00000e+00 0.00000e+00 0.00000e+00 0.00000e+00 
1.70000e+01 0.00000e+00 0.00000e+00 0.00000e+00 0.00000e+00 
1.75000e+01 0.00000e+00 0.00000e+00 0.00000e+00 0.00000e+00 
1.80000e+01 0.00000e+00 0.00000e+00 0.00000e+00 0.00000e+00 
1.85000e+01 0.00000e+00 0.00000e+00 0.00000e+00 0.00000e+00 
1.90000e+01 0.00000e+00 0.00000e+00 0.00000e+00 0.00000e+00 
1.95000e+01 0.00000e+00 0.00000e+00 0.00000e+00 0.00000e+00 
2.00000e+01 0.00000e+00 0.00000e+00 0.00000e+00 0.00000e+00 
2.05000e+01 0.00000e+00 0.00000e+00 0.00000e+00 0.00000e+00 
2.10000e+01 0.00000e+00 0.00000e+00 0.00000e+00 0.00000e+00 
2.15000e+01 0.00000e+00 0.00000e+00 0.00000e+00 0.00000e+00 
2.20000e+01 0.00000e+00 0.00000e+00 0.00000e+00 0.00000e+00 
2.25000e+01 0.00000e+00 0.00000e+00 0.00000e+00 0.00000e+00 
2.30000e+01 0.00000e+00 0.00000e+00 0.00000e+00 0.00000e+00 
2.35000e+01 0.00000e+00 0.00000e+00 0.00000e+00 0.00000e+00 
2.40000e+01 0.00000e+00 0.00000e+00 0.00000e+00 0.00000e+00 
2.45000e+01 0.00000e+00 0.00000e+00 0.00000e+00 0.00000e+00 
2.50000e+01 0.00000e+00 0.00000e+00 0.00000e+00 0.00000e+00 
2.55000e+01 0.00000e+00 0.00000e+00 0.00000e+00 0.00000e+00 
2.60000e+01 0.00000e+00 0.00000e+00 0.00000e+00 0.00000e+00 
2.65000e+01 0.00000e+00 0.00000e+00 0.00000e+00 0.00000e+00 
2.70000e+01 0.00000e+00 0.00000e+00 0.00000e+00 0.00000e+00 
2.75000e+01 0.00000e+00 0.00000e+00 0.00000e+00 0.00000e+00 
2.80000e+01 0.00000e+00 0.00000e+00 0.00000e+00 0.00000e+00 
2.85000e+01 0.00000e+00 0.00000e+00 0.00000e+00 0.00000e+00 
2.90000e+01 0.00000e+00 0.00000e+00 0.00000e+00 0.00000e+00 
2.95000e+01 0.00000e+00 0.00000e+00 0.00000e+00 0.00000e+00 
3.00000e+01 0.00000e+00 0.00000e+00 0.00000e+00 0.00000e+00 
3.05000e+01 0.00000e+00 0.00000e+00 0.00000e+00 0.00000e+00 
3.10000e+01 0.00000e+00 0.00000e+00 0.00000e+00 0.00000e+00 
3.15000e+01 0.00000e+00 0.00000e+00 0.00000e+00 0.00000e+00 
3.20000e+01 0.00000e+00 0.00000e+00 0.00000e+00 0.00000e+00 
3.25000e+01 0.00000e+00 0.00000e+00 0.00000e+00 0.00000e+00 
3.30000e+01 0.00000e+00 0.00000e+00 0.00000e+00 0.00000e+00 
3.35000e+01 0.00000e+00 0.00000e+00 0.00000e+00 0.00000e+00 
3.40000e+01 0.00000e+00 0.00000e+00 0.00000e+00 0.00000e+00 
3.45000e+01 0.00000e+00 0.00000e+00 0.00000e+00 0.00000e+00 
3.50000e+01 0.00000e+00 0.00000e+00 0.00000e+00 0.00000e+00 
3.55000e+01 0.00000e+00 0.00000e+00 0.00000e+00 0.00000e+00 
3.60000e+01 0.00000e+00 0.00000e+00 0.00000e+00 0.00000e+00 
3.65000e+01 0.00000e+00 0.00000e+00 0.00000e+00 0.00000e+00 
3.70000e+01 0.00000e+00 0.00000e+00 0.00000e+00 0.00000e+00 
3.75000e+01 0.00000e+00 0.00000e+00 0.00000e+00 0.00000e+00 
3.80000e+01 0.00000e+00 0.00000e+00 0.00000e+00 0.00000e+00 
3.85000e+01 0.00000e+00 0.00000e+00 0.00000e+00 0.00000e+00 
3.90000e+01 0.00000e+00 0.00000e+00 0.00000e+00 0.00000e+00 
3.95000e+01 0.00000e+00 0.00000e+00 0.00000e+00 0.00000e+00 
4.00000e+01 0.00000e+00 0.00000e+00 0.00000e+00 0.00000e+00 
4.05000e+01 0.00000e+00 0.00000e+00 0.00000e+00 0.00000e+00 
4.10000e+01 0.00000e+00 0.00000e+00 0.00000e+00 0.00000e+00 
4.15000e+01 0.00000e+00 0.00000e+00 0.00000e+00 0.00000e+00 
4.20000e+01 0.00000e+00 0.00000e+00 0.00000e+00 0.00000e+00 
4.25000e+01 0.00000e+00 0.00000e+00 0.00000e+00 0.00000e+00 
4.30000e+01 0.00000e+00 0.00000e+00 0.00000e+00 0.00000e+00 
4.35000e+01 0.00000e+00 0.00000e+00 0.00000e+00 0.00000e+00 
4.40000e+01 0.00000e+00 0.00000e+00 0.00000e+00 0.00000e+00 
4.45000e+01 0.00000e+00 0.00000e+00 0.00000e+00 0.00000e+00 
4.50000e+01 0.00000e+00 0.00000e+00 0.00000e+00 0.00000e+00 
4.55000e+01 0.00000e+00 0.00000e+00 0.00000e+00 0.00000e+00 
4.60000e+01 0.00000e+00 0.00000e+00 0.00000e+00 0.00000e+00 
4.65000e+01 0.00000e+00 0.00000e+00 0.00000e+00 0.00000e+00 
4.70000e+01 0.00000e+00 0.00000e+00 0.00000e+00 0.00000e+00 
4.75000e+01 0.00000e+00 0.00000e+00 0.00000e+00 0.00000e+00 
4.80000e+01 0.00000e+00 0.00000e+00 0.00000e+00 0.00000e+00 
4.85000e+01 0.00000e+00 0.00000e+00 0.00000e+00 0.00000e+00 
4.90000e+01 0.00000e+00 0.00000e+00 0.00000e+00 0.00000e+00 
4.95000e+01 0.00000e+00 0.00000e+00 0.00000e+00 0.00000e+00 
5.00000e+01 0.00000e+00 0.00000e+00 0.00000e+00 0.00000e+00 
5.05000e+01 0.00000e+00 0.00000e+00 0.00000e+00 0.00000e+00 
5.10000e+01 0.00000e+00 0.00000e+00 0.00000e+00 0.00000e+00 
5.15000e+01 0.00000e+00 0.00000e+00 0.00000e+00 0.00000e+00 
5.20000e+01 0.00000e+00 0.00000e+00 0.00000e+00 0.00000e+00 
5.25000e+01 0.00000e+00 0.00000e+00 0.00000e+00 0.00000e+00 
5.30000e+01 0.00000e+00 0.00000e+00 0.00000e+00 0.00000e+00 
5.35000e+01 0.00000e+00 0.00000e+00 0.00000e+00 0.00000e+00 
5.40000e+01 0.00000e+00 0.00000e+00 0.00000e+00 0.00000e+00 
5.45000e+01 0.00000e+00 0.00000e+00 0.00000e+00 0.00000e+00 
5.50000e+01 0.00000e+00 0.00000e+00 0.00000e+00 0.00000e+00 
5.55000e+01 0.00000e+00 0.00000e+00 0.00000e+00 0.00000e+00 
5.60000e+01 0.00000e+00 0.00000e+00 0.00000e+00 0.00000e+00 
5.65000e+01 0.00000e+00 0.00000e+00 0.00000e+00 0.00000e+00 
5.70000e+01 0.00000e+00 0.00000e+00 0.00000e+00 0.00000e+00 
5.75000e+01 0.00000e+00 0.00000e+00 0.00000e+00 0.00000e+00 
5.80000e+01 0.00000e+00 0.00000e+00 0.00000e+00 0.00000e+00 
5.85000e+01 0.00000e+00 0.00000e+00 0.00000e+00 0.00000e+00 
5.90000e+01 0.00000e+00 0.00000e+00 0.00000e+00 0.00000e+00 
5.95000e+01 0.00000e+00 0.00000e+00 0.00000e+00 0.00000e+00 
6.00000e+01 0.00000e+00 0.00000e+00 0.00000e+00 0.00000e+00 
6.05000e+01 0.00000e+00 0.00000e+00 0.00000e+00 0.00000e+00 
6.10000e+01 0.00000e+00 0.00000e+00 0.00000e+00 0.00000e+00 
6.15000e+01 0.00000e+00 0.00000e+00 0.00000e+00 0.00000e+00 
6.20000e+01 0.00000e+00 0.00000e+00 0.00000e+00 0.00000e+00 
6.25000e+01 0.00000e+00 0.00000e+00 0.00000e+00 0.00000e+00 
6.30000e+01 0.00000e+00 0.00000e+00 0.00000e+00 0.00000e+00 
6.35000e+01 0.00000e+00 0.00000e+00 0.00000e+00 0.00000e+00 
6.40000e+01 0.00000e+00 0.00000e+00 0.00000e+00 0.00000e+00 
6.45000e+01 0.00000e+00 0.00000e+00 0.00000e+00 0.00000e+00 
6.50000e+01 0.00000e+00 0.00000e+00 0.00000e+00 0.00000e+00 
6.55000e+01 0.00000e+00 0.00000e+00 0.00000e+00 0.00000e+00 
6.60000e+01 0.00000e+00 0.00000e+00 0.00000e+00 0.00000e+00 
6.65000e+01 0.00000e+00 0.00000e+00 0.00000e+00 0.00000e+00 
6.70000e+01 0.00000e+00 0.00000e+00 0.00000e+00 0.00000e+00 
6.75000e+01 0.00000e+00 0.00000e+00 0.00000e+00 0.00000e+00 
6.80000e+01 0.00000e+00 0.00000e+00 0.00000e+00 0.00000e+00 
6.85000e+01 0.00000e+00 0.00000e+00 0.00000e+00 0.00000e+00 
6.90000e+01 0.00000e+00 0.00000e+00 0.00000e+00 0.00000e+00 
6.95000e+01 0.00000e+00 0.00000e+00 0.00000e+00 0.00000e+00 
7.00000e+01 0.00000e+00 0.00000e+00 0.00000e+00 0.00000e+00 
7.05000e+01 0.00000e+00 0.00000e+00 0.00000e+00 0.00000e+00 
7.10000e+01 0.00000e+00 0.00000e+00 0.00000e+00 0.00000e+00 
7.15000e+01 0.00000e+00 0.00000e+00 0.00000e+00 0.00000e+00 
7.20000e+01 0.00000e+00 0.00000e+00 0.00000e+00 0.00000e+00 
7.25000e+01 0.00000e+00 0.00000e+00 0.00000e+00 0.00000e+00 
7.30000e+01 0.00000e+00 0.00000e+00 0.00000e+00 0.00000e+00 
7.35000e+01 0.00000e+00 0.00000e+00 0.00000e+00 0.00000e+00 
7.40000e+01 0.00000e+00 0.00000e+00 0.00000e+00 0.00000e+00 
7.45000e+01 0.00000e+00 0.00000e+00 0.00000e+00 0.00000e+00 
7.50000e+01 0.00000e+00 0.00000e+00 0.00000e+00 0.00000e+00 
7.55000e+01 0.00000e+00 0.00000e+00 0.00000e+00 0.00000e+00 
7.60000e+01 0.00000e+00 0.00000e+00 0.00000e+00 0.00000e+00 
7.65000e+01 0.00000e+00 0.00000e+00 0.00000e+00 0.00000e+00 
7.70000e+01 0.00000e+00 0.00000e+00 0.00000e+00 0.00000e+00 
7.75000e+01 0.00000e+00 0.00000e+00 0.00000e+00 0.00000e+00 
7.80000e+01 0.00000e+00 0.00000e+00 0.00000e+00 0.00000e+00 
7.85000e+01 0.00000e+00 0.00000e+00 0.00000e+00 0.00000e+00 
7.90000e+01 0.00000e+00 0.00000e+00 0.00000e+00 0.00000e+00 
7.95000e+01 0.00000e+00 0.00000e+00 0.00000e+00 0.00000e+00 
8.00000e+01 0.00000e+00 0.00000e+00 0.00000e+00 0.00000e+00 
8.05000e+01 0.00000e+00 0.00000e+00 0.00000e+00 0.00000e+00 
8.10000e+01 0.00000e+00 0.00000e+00 0.00000e+00 0.00000e+00 
8.15000e+01 0.00000e+00 0.00000e+00 0.00000e+00 0.00000e+00 
8.20000e+01 0.00000e+00 0.00000e+00 0.00000e+00 0.00000e+00 
8.25000e+01 0.00000e+00 0.00000e+00 0.00000e+00 0.00000e+00 
8.30000e+01 0.00000e+00 0.00000e+00 0.00000e+00 0.00000e+00 
8.35000e+01 0.00000e+00 0.00000e+00 0.00000e+00 0.00000e+00 
8.40000e+01 0.00000e+00 0.00000e+00 0.00000e+00 0.00000e+00 
8.45000e+01 0.00000e+00 0.00000e+00 0.00000e+00 0.00000e+00 
8.50000e+01 0.00000e+00 0.00000e+00 0.00000e+00 0.00000e+00 
8.55000e+01 0.00000e+00 0.00000e+00 0.00000e+00 0.00000e+00 
8.60000e+01 0.00000e+00 0.00000e+00 0.00000e+00 0.00000e+00 
8.65000e+01 0.00000e+00 0.00000e+00 0.00000e+00 0.00000e+00 
8.70000e+01 0.00000e+00 0.00000e+00 0.00000e+00 0.00000e+00 
8.75000e+01 0.00000e+00 0.00000e+00 0.00000e+00 0.00000e+00 
8.80000e+01 0.00000e+00 0.00000e+00 1.58321e-141 0.00000e+00 
8.85000e+01 0.00000e+00 0.00000e+00 3.41305e-43 0.00000e+00 
8.90000e+01 0.00000e+00 0.00000e+00 7.74358e-11 0.00000e+00 
8.95000e+01 0.00000e+00 0.00000e+00 1.14015e-02 0.00000e+00 
9.00000e+01 0.00000e+00 0.00000e+00 6.42482e-02 0.00000e+00 
9.05000e+01 0.00000e+00 0.00000e+00 7.44655e-02 0.00000e+00 
9.10000e+01 0.00000e+00 0.00000e+00 8.05804e-02 0.00000e+00 
9.15000e+01 0.00000e+00 0.00000e+00 8.54604e-02 0.00000e+00 
9.20000e+01 0.00000e+00 0.00000e+00 8.99120e-02 0.00000e+00 
9.25000e+01 0.00000e+00 0.00000e+00 9.43193e-02 0.00000e+00 
9.30000e+01 0.00000e+00 0.00000e+00 9.89839e-02 0.00000e+00 
9.35000e+01 0.00000e+00 0.00000e+00 1.04094e-01 0.00000e+00 
9.40000e+01 0.00000e+00 0.00000e+00 1.09575e-01 0.00000e+00 
9.45000e+01 0.00000e+00 0.00000e+00 1.15103e-01 0.00000e+00 
9.50000e+01 0.00000e+00 0.00000e+00 1.20232e-01 0.00000e+00 
9.55000e+01 0.00000e+00 0.00000e+00 1.24680e-01 0.00000e+00 
9.60000e+01 0.00000e+00 0.00000e+00 1.28422e-01 0.00000e+00 
9.65000e+01 0.00000e+00 0.00000e+00 1.31570e-01 0.00000e+00 
9.70000e+01 0.00000e+00 0.00000e+00 1.34262e-01 0.00000e+00 
9.75000e+01 0.00000e+00 0.00000e+00 1.36612e-01 0.00000e+00 
9.80000e+01 0.00000e+00 0.00000e+00 1.38693e-01 0.00000e+00 
9.85000e+01 0.00000e+00 0.00000e+00 1.40549e-01 0.00000e+00 
9.90000e+01 0.00000e+00 0.00000e+00 1.42217e-01 0.00000e+00 
9.95000e+01 0.00000e+00 0.00000e+00 1.43730e-01 0.00000e+00 
1.00000e+02 0.00000e+00 0.00000e+00 1.45121e-01 0.00000e+00 
1.00500e+02 0.00000e+00 0.00000e+00 1.46411e-01 0.00000e+00 
1.01000e+02 0.00000e+00 0.00000e+00 1.47615e-01 0.00000e+00 
1.01500e+02 0.00000e+00 0.00000e+00 1.48745e-01 0.00000e+00 
1.02000e+02 0.00000e+00 0.00000e+00 1.49808e-01 0.00000e+00 
1.02500e+02 0.00000e+00 0.00000e+00 1.50813e-01 0.00000e+00 
1.03000e+02 0.00000e+00 0.00000e+00 1.51770e-01 0.00000e+00 
1.03500e+02 0.00000e+00 0.00000e+00 1.52686e-01 0.00000e+00 
1.04000e+02 0.00000e+00 0.00000e+00 1.53567e-01 0.00000e+00 
1.04500e+02 0.00000e+00 0.00000e+00 1.54418e-01 0.00000e+00 
1.05000e+02 0.00000e+00 0.00000e+00 1.55243e-01 0.00000e+00 
1.05500e+02 0.00000e+00 0.00000e+00 1.56046e-01 0.00000e+00 
1.06000e+02 0.00000e+00 0.00000e+00 1.56830e-01 0.00000e+00 
1.06500e+02 0.00000e+00 0.00000e+00 1.57596e-01 0.00000e+00 
1.07000e+02 0.00000e+00 0.00000e+00 1.58346e-01 0.00000e+00 
1.07500e+02 0.00000e+00 0.00000e+00 1.59083e-01 0.00000e+00 
1.08000e+02 0.00000e+00 0.00000e+00 1.59807e-01 0.00000e+00 
1.08500e+02 0.00000e+00 0.00000e+00 1.60518e-01 0.00000e+00 
1.09000e+02 0.00000e+00 0.00000e+00 1.61219e-01 0.00000e+00 
1.09500e+02 0.00000e+00 0.00000e+00 1.61908e-01 0.00000e+00 
1.10000e+02 0.00000e+00 0.00000e+00 1.62585e-01 0.00000e+00 
1.10500e+02 0.00000e+00 0.00000e+00 1.63252e-01 0.00000e+00 
1.11000e+02 0.00000e+00 0.00000e+00 1.63906e-01 0.00000e+00 
1.11500e+02 0.00000e+00 0.00000e+00 1.64550e-01 0.00000e+00 
1.12000e+02 0.00000e+00 0.00000e+00 1.65181e-01 0.00000e+00 
1.12500e+02 0.00000e+00 0.00000e+00 1.65800e-01 0.00000e+00 
1.13000e+02 0.00000e+00 0.00000e+00 1.66408e-01 0.00000e+00 
1.13500e+02 0.00000e+00 0.00000e+00 1.67003e-01 0.00000e+00 
1.14000e+02 0.00000e+00 0.00000e+00 1.67588e-01 0.00000e+00 
1.14500e+02 0.00000e+00 0.00000e+00 1.68160e-01 0.00000e+00 
1.15000e+02 0.00000e+00 0.00000e+00 1.68722e-01 0.00000e+00 
1.15500e+02 0.00000e+00 0.00000e+00 1.69273e-01 0.00000e+00 
1.16000e+02 0.00000e+00 0.00000e+00 1.69813e-01 0.00000e+00 
1.16500e+02 0.00000e+00 0.00000e+00 1.70343e-01 0.00000e+00 
1.17000e+02 0.00000e+00 0.00000e+00 1.70864e-01 0.00000e+00 
1.17500e+02 0.00000e+00 0.00000e+00 1.71375e-01 0.00000e+00 
1.18000e+02 0.00000e+00 0.00000e+00 1.71877e-01 0.00000e+00 
1.18500e+02 0.00000e+00 0.00000e+00 1.72370e-01 0.00000e+00 
1.19000e+02 0.00000e+00 0.00000e+00 1.72855e-01 0.00000e+00 
1.19500e+02 0.00000e+00 0.00000e+00 1.73332e-01 0.00000e+00 
1.20000e+02 0.00000e+00 0.00000e+00 1.73800e-01 0.00000e+00 
1.20500e+02 0.00000e+00 0.00000e+00 1.74261e-01 0.00000e+00 
1.21000e+02 0.00000e+00 0.00000e+00 1.74714e-01 0.00000e+00 
1.21500e+02 0.00000e+00 0.00000e+00 1.75161e-01 0.00000e+00 
1.22000e+02 0.00000e+00 0.00000e+00 1.75600e-01 0.00000e+00 
1.22500e+02 0.00000e+00 0.00000e+00 1.76033e-01 0.00000e+00 
1.23000e+02 0.00000e+00 0.00000e+00 1.76459e-01 0.00000e+00 
1.23500e+02 0.00000e+00 0.00000e+00 1.76879e-01 0.00000e+00 
1.24000e+02 0.00000e+00 0.00000e+00 1.77294e-01 0.00000e+00 
1.24500e+02 0.00000e+00 0.00000e+00 1.77703e-01 0.00000e+00 
1.25000e+02 0.00000e+00 0.00000e+00 1.78106e-01 0.00000e+00 
1.25500e+02 0.00000e+00 0.00000e+00 1.78505e-01 0.00000e+00 
1.26000e+02 0.00000e+00 0.00000e+00 1.78899e-01 0.00000e+00 
1.26500e+02 0.00000e+00 0.00000e+00 1.79289e-01 0.00000e+00 
1.27000e+02 0.00000e+00 0.00000e+00 1.79676e-01 0.00000e+00 
1.27500e+02 0.00000e+00 0.00000e+00 1.80058e-01 0.00000e+00 
1.28000e+02 0.00000e+00 0.00000e+00 1.80438e-01 0.00000e+00 
1.28500e+02 0.00000e+00 0.00000e+00 1.80815e-01 0.00000e+00 
1.29000e+02 0.00000e+00 0.00000e+00 1.81189e-01 0.00000e+00 
1.29500e+02 0.00000e+00 0.00000e+00 1.81562e-01 0.00000e+00 
1.30000e+02 0.00000e+00 0.00000e+00 1.81933e-01 0.00000e+00 
1.30500e+02 0.00000e+00 0.00000e+00 1.82302e-01 0.00000e+00 
1.31000e+02 0.00000e+00 0.00000e+00 1.82671e-01 0.00000e+00 
1.31500e+02 0.00000e+00 0.00000e+00 1.83039e-01 0.00000e+00 
1.32000e+02 0.00000e+00 0.00000e+00 1.83408e-01 0.00000e+00 
1.32500e+02 0.00000e+00 0.00000e+00 1.83776e-01 0.00000e+00 
1.33000e+02 0.00000e+00 0.00000e+00 1.84145e-01 0.00000e+00 
1.33500e+02 0.00000e+00 0.00000e+00 1.84515e-01 0.00000e+00 
1.34000e+02 0.00000e+00 0.00000e+00 1.84886e-01 0.00000e+00 
1.34500e+02 0.00000e+00 0.00000e+00 1.85259e-01 0.00000e+00 
1.35000e+02 0.00000e+00 0.00000e+00 1.85633e-01 0.00000e+00 
1.35500e+02 0.00000e+00 0.00000e+00 1.86008e-01 0.00000e+00 
1.36000e+02 0.00000e+00 0.00000e+00 1.86386e-01 0.00000e+00 
1.36500e+02 0.00000e+00 0.00000e+00 1.86766e-01 0.00000e+00 
1.37000e+02 0.00000e+00 0.00000e+00 1.87149e-01 0.00000e+00 
1.37500e+02 0.00000e+00 0.00000e+00 1.87533e-01 0.00000e+00 
1.38000e+02 0.00000e+00 0.00000e+00 1.87920e-01 0.00000e+00 
1.38500e+02 0.00000e+00 0.00000e+00 1.88310e-01 0.00000e+00 
1.39000e+02 0.00000e+00 0.00000e+00 1.88702e-01 0.00000e+00 
1.39500e+02 0.00000e+00 0.00000e+00 1.89096e-01 0.00000e+00 
1.40000e+02 0.00000e+00 0.00000e+00 1.89493e-01 0.00000e+00 
1.40500e+02 0.00000e+00 0.00000e+00 1.89893e-01 0.00000e+00 
1.41000e+02 0.00000e+00 0.00000e+00 1.90294e-01 0.00000e+00 
1.41500e+02 0.00000e+00 0.00000e+00 1.90698e-01 0.00000e+00 
1.42000e+02 0.00000e+00 0.00000e+00 1.91104e-01 0.00000e+00 
1.42500e+02 0.00000e+00 0.00000e+00 1.91512e-01 0.00000e+00 
1.43000e+02 0.00000e+00 0.00000e+00 1.91921e-01 0.00000e+00 
1.43500e+02 0.00000e+00 0.00000e+00 1.92333e-01 0.00000e+00 
1.44000e+02 0.00000e+00 0.00000e+00 1.92746e-01 0.00000e+00 
1.44500e+02 0.00000e+00 0.00000e+00 1.93160e-01 0.00000e+00 
1.45000e+02 0.00000e+00 0.00000e+00 1.93575e-01 0.00000e+00 
1.45500e+02 0.00000e+00 0.00000e+00 1.93991e-01 0.00000e+00 
1.46000e+02 0.00000e+00 0.00000e+00 1.94408e-01 0.00000e+00 
1.46500e+02 0.00000e+00 0.00000e+00 1.94826e-01 0.00000e+00 
1.47000e+02 0.00000e+00 0.00000e+00 1.95244e-01 0.00000e+00 
1.47500e+02 0.00000e+00 0.00000e+00 1.95663e-01 0.00000e+00 
1.48000e+02 0.00000e+00 0.00000e+00 1.96081e-01 0.00000e+00 
1.48500e+02 0.00000e+00 0.00000e+00 1.96500e-01 0.00000e+00 
1.49000e+02 0.00000e+00 0.00000e+00 1.96919e-01 0.00000e+00 
1.49500e+02 0.00000e+00 0.00000e+00 1.97337e-01 0.00000e+00 
1.50000e+02 0.00000e+00 0.00000e+00 1.97756e-01 0.00000e+00 
1.50500e+02 0.00000e+00 0.00000e+00 1.98173e-01 0.00000e+00 
1.51000e+02 0.00000e+00 0.00000e+00 1.98591e-01 0.00000e+00 
1.51500e+02 0.00000e+00 0.00000e+00 1.99007e-01 0.00000e+00 
1.52000e+02 0.00000e+00 0.00000e+00 1.99423e-01 0.00000e+00 
1.52500e+02 0.00000e+00 0.00000e+00 1.99838e-01 0.00000e+00 
1.53000e+02 0.00000e+00 0.00000e+00 2.00253e-01 0.00000e+00 
1.53500e+02 0.00000e+00 0.00000e+00 2.00667e-01 0.00000e+00 
1.54000e+02 0.00000e+00 0.00000e+00 2.01079e-01 0.00000e+00 
1.54500e+02 0.00000e+00 0.00000e+00 2.01491e-01 0.00000e+00 
1.55000e+02 0.00000e+00 0.00000e+00 2.01902e-01 0.00000e+00 
1.55500e+02 0.00000e+00 0.00000e+00 2.02312e-01 0.00000e+00 
1.56000e+02 0.00000e+00 0.00000e+00 2.02721e-01 0.00000e+00 
1.56500e+02 0.00000e+00 0.00000e+00 2.03129e-01 0.00000e+00 
1.57000e+02 0.00000e+00 0.00000e+00 2.03536e-01 0.00000e+00 
1.57500e+02 0.00000e+00 0.00000e+00 2.03942e-01 0.00000e+00 
1.58000e+02 0.00000e+00 0.00000e+00 2.04347e-01 0.00000e+00 
1.58500e+02 0.00000e+00 0.00000e+00 2.04750e-01 0.00000e+00 
1.59000e+02 0.00000e+00 0.00000e+00 2.05153e-01 0.00000e+00 
1.59500e+02 0.00000e+00 0.00000e+00 2.05554e-01 0.00000e+00 
1.60000e+02 0.00000e+00 0.00000e+00 2.05955e-01 0.00000e+00 
1.60500e+02 0.00000e+00 0.00000e+00 2.06354e-01 0.00000e+00 
1.61000e+02 0.00000e+00 0.00000e+00 2.06752e-01 0.00000e+00 
1.61500e+02 0.00000e+00 0.00000e+00 2.07149e-01 0.00000e+00 
1.62000e+02 0.00000e+00 0.00000e+00 2.07545e-01 0.00000e+00 
1.62500e+02 0.00000e+00 0.00000e+00 2.07940e-01 0.00000e+00 
1.63000e+02 0.00000e+00 0.00000e+00 2.08333e-01 0.00000e+00 
1.63500e+02 0.00000e+00 0.00000e+00 2.08725e-01 0.00000e+00 
1.64000e+02 0.00000e+00 0.00000e+00 2.09116e-01 0.00000e+00 
1.64500e+02 0.00000e+00 0.00000e+00 2.09505e-01 0.00000e+00 
1.65000e+02 0.00000e+00 0.00000e+00 2.09894e-01 0.00000e+00 
1.65500e+02 0.00000e+00 0.00000e+00 2.10280e-01 0.00000e+00 
1.66000e+02 0.00000e+00 0.00000e+00 2.10666e-01 0.00000e+00 
1.66500e+02 0.00000e+00 0.00000e+00 2.11050e-01 0.00000e+00 
1.67000e+02 0.00000e+00 0.00000e+00 2.11433e-01 0.00000e+00 
1.67500e+02 0.00000e+00 0.00000e+00 2.11815e-01 0.00000e+00 
1.68000e+02 0.00000e+00 0.00000e+00 2.12195e-01 0.00000e+00 
1.68500e+02 0.00000e+00 0.00000e+00 2.12573e-01 0.00000e+00 
1.69000e+02 0.00000e+00 0.00000e+00 2.12951e-01 0.00000e+00 
1.69500e+02 0.00000e+00 0.00000e+00 2.13326e-01 0.00000e+00 
1.70000e+02 0.00000e+00 0.00000e+00 2.13701e-01 0.00000e+00 
1.70500e+02 0.00000e+00 0.00000e+00 2.14074e-01 0.00000e+00 
1.71000e+02 0.00000e+00 0.00000e+00 2.14445e-01 0.00000e+00 
1.71500e+02 0.00000e+00 0.00000e+00 2.14816e-01 0.00000e+00 
1.72000e+02 0.00000e+00 0.00000e+00 2.15184e-01 0.00000e+00 
1.72500e+02 0.00000e+00 0.00000e+00 2.15552e-01 0.00000e+00 
1.73000e+02 0.00000e+00 0.00000e+00 2.15917e-01 0.00000e+00 
1.73500e+02 0.00000e+00 0.00000e+00 2.16282e-01 0.00000e+00 
1.74000e+02 0.00000e+00 0.00000e+00 2.16645e-01 0.00000e+00 
1.74500e+02 0.00000e+00 0.00000e+00 2.17006e-01 0.00000e+00 
1.75000e+02 0.00000e+00 0.00000e+00 2.17366e-01 0.00000e+00 
1.75500e+02 0.00000e+00 0.00000e+00 2.17725e-01 0.00000e+00 
1.76000e+02 0.00000e+00 0.00000e+00 2.18082e-01 0.00000e+00 
1.76500e+02 0.00000e+00 0.00000e+00 2.18438e-01 0.00000e+00 
1.77000e+02 0.00000e+00 0.00000e+00 2.18793e-01 5.20242e-296 
1.77500e+02 0.00000e+00 0.00000e+00 2.19146e-01 5.57511e-219 
1.78000e+02 0.00000e+00 0.00000e+00 2.19498e-01 3.17040e-157 
1.78500e+02 0.00000e+00 0.00000e+00 2.19848e-01 3.89396e-109 
1.79000e+02 0.00000e+00 0.00000e+00 2.20197e-01 4.25791e-73 
1.79500e+02 0.00000e+00 0.00000e+00 2.20545e-01 2.89950e-47 
1.80000e+02 0.00000e+00 0.00000e+00 2.20891e-01 1.41915e-29 
1.80500e+02 0.00000e+00 0.00000e+00 2.21236e-01 6.13045e-18 
1.81000e+02 0.00000e+00 0.00000e+00 2.21579e-01 1.56714e-10 
1.81500e+02 0.00000e+00 0.00000e+00 2.21921e-01 4.92470e-06 
1.82000e+02 0.00000e+00 0.00000e+00 2.22262e-01 1.62530e-03 
1.82500e+02 0.00000e+00 0.00000e+00 2.22602e-01 2.41247e-02 
1.83000e+02 0.00000e+00 0.00000e+00 2.22941e-01 5.07213e-02 
1.83500e+02 0.00000e+00 0.00000e+00 2.23278e-01 6.08838e-02 
1.84000e+02 0.00000e+00 0.00000e+00 2.23614e-01 6.62814e-02 
1.84500e+02 0.00000e+00 0.00000e+00 2.23949e-01 7.00201e-02 
1.85000e+02 0.00000e+00 0.00000e+00 2.24281e-01 7.29093e-02 
1.85500e+02 0.00000e+00 0.00000e+00 2.24613e-01 7.52925e-02 
1.86000e+02 0.00000e+00 0.00000e+00 2.24943e-01 7.73522e-02 
1.86500e+02 0.00000e+00 0.00000e+00 2.25271e-01 7.91952e-02 
1.87000e+02 0.00000e+00 0.00000e+00 2.25598e-01 8.08875e-02 
1.87500e+02 0.00000e+00 0.00000e+00 2.25923e-01 8.24714e-02 
1.88000e+02 0.00000e+00 0.00000e+00 2.26247e-01 8.39733e-02 
1.88500e+02 0.00000e+00 0.00000e+00 2.26569e-01 8.54085e-02 
1.89000e+02 0.00000e+00 0.00000e+00 2.26890e-01 8.67847e-02 
1.89500e+02 0.00000e+00 0.00000e+00 2.27209e-01 8.81050e-02 
1.90000e+02 1.38028e-277 0.00000e+00 2.27527e-01 8.93706e-02 
1.90500e+02 1.86364e-199 0.00000e+00 2.27843e-01 9.05825e-02 
1.91000e+02 2.74093e-142 0.00000e+00 2.28157e-01 9.17430e-02 
1.91500e+02 5.98543e-101 0.00000e+00 2.28470e-01 9.28558e-02 
1.92000e+02 2.67628e-71 0.00000e+00 2.28781e-01 9.39255e-02 
1.92500e+02 4.01514e-50 0.00000e+00 2.29091e-01 9.49575e-02 
1.93000e+02 5.21503e-35 0.00000e+00 2.29400e-01 9.59575e-02 
1.93500e+02 3.47053e-24 0.00000e+00 2.29706e-01 9.69308e-02 
1.94000e+02 2.01990e-16 0.00000e+00 2.30012e-01 9.78819e-02 
1.94500e+02 6.32678e-11 0.00000e+00 2.30315e-01 9.88148e-02 
1.95000e+02 3.54434e-07 0.00000e+00 2.30618e-01 9.97322e-02 
1.95500e+02 9.64639e-05 0.00000e+00 2.30918e-01 1.00636e-01 
1.96000e+02 3.01631e-03 0.00000e+00 2.31217e-01 1.01528e-01 
1.96500e+02 1.88676e-02 0.00000e+00 2.31515e-01 1.02408e-01 
1.97000e+02 3.71615e-02 0.00000e+00 2.31812e-01 1.03277e-01 
1.97500e+02 4.63454e-02 0.00000e+00 2.32107e-01 1.04135e-01 
1.98000e+02 5.17105e-02 0.00000e+00 2.32401e-01 1.04980e-01 
1.98500e+02 5.57832e-02 0.00000e+00 2.32693e-01 1.05812e-01 
1.99000e+02 5.92671e-02 0.00000e+00 2.32983e-01 1.06632e-01 
1.99500e+02 6.24014e-02 0.00000e+00 2.33272e-01 1.07438e-01 
2.00000e+02 6.52844e-02 0.00000e+00 2.33559e-01 1.08230e-01 
2.00500e+02 6.79542e-02 0.00000e+00 2.33845e-01 1.09010e-01 
2.01000e+02 7.04160e-02 0.00000e+00 2.34129e-01 1.09776e-01 
2.01500e+02 7.26624e-02 0.00000e+00 2.34411e-01 1.10529e-01 
2.02000e+02 7.46892e-02 0.00000e+00 2.34692e-01 1.11270e-01 
2.02500e+02 7.65051e-02 0.00000e+00 2.34972e-01 1.11997e-01 
2.03000e+02 7.81317e-02 0.00000e+00 2.35250e-01 1.12713e-01 
2.03500e+02 7.95976e-02 0.00000e+00 2.35526e-01 1.13416e-01 
2.04000e+02 8.09327e-02 0.00000e+00 2.35801e-01 1.14107e-01 
2.04500e+02 8.21639e-02 0.00000e+00 2.36075e-01 1.14787e-01 
2.05000e+02 8.33142e-02 0.00000e+00 2.36346e-01 1.15455e-01 
2.05500e+02 8.44025e-02 0.00000e+00 2.36617e-01 1.16111e-01 
2.06000e+02 8.54441e-02 0.00000e+00 2.36886e-01 1.16755e-01 
2.06500e+02 8.64509e-02 0.00000e+00 2.37154e-01 1.17388e-01 
2.07000e+02 8.74322e-02 0.00000e+00 2.37420e-01 1.18010e-01 
2.07500e+02 8.83952e-02 0.00000e+00 2.37684e-01 1.18620e-01 
2.08000e+02 8.93457e-02 0.00000e+00 2.37947e-01 1.19218e-01 
2.08500e+02 9.02885e-02 0.00000e+00 2.38209e-01 1.19806e-01 
2.09000e+02 9.12277e-02 0.00000e+00 2.38470e-01 1.20382e-01 
2.09500e+02 9.21667e-02 0.00000e+00 2.38728e-01 1.20946e-01 
2.10000e+02 9.31084e-02 0.00000e+00 2.38986e-01 1.21500e-01 
2.10500e+02 9.40551e-02 0.00000e+00 2.39242e-01 1.22042e-01 
2.11000e+02 9.50080e-02 0.00000e+00 2.39496e-01 1.22574e-01 
2.11500e+02 9.59680e-02 0.00000e+00 2.39749e-01 1.23094e-01 
2.12000e+02 9.69349e-02 0.00000e+00 2.40001e-01 1.23604e-01 
2.12500e+02 9.79079e-02 0.00000e+00 2.40251e-01 1.24104e-01 
2.13000e+02 9.88858e-02 0.00000e+00 2.40500e-01 1.24592e-01 
2.13500e+02 9.98668e-02 0.00000e+00 2.40747e-01 1.25071e-01 
2.14000e+02 1.00849e-01 0.00000e+00 2.40993e-01 1.25540e-01 
2.14500e+02 1.01829e-01 0.00000e+00 2.41238e-01 1.25999e-01 
2.15000e+02 1.02806e-01 0.00000e+00 2.41481e-01 1.26449e-01 
2.15500e+02 1.03776e-01 0.00000e+00 2.41722e-01 1.26889e-01 
2.16000e+02 1.04738e-01 0.00000e+00 2.41962e-01 1.27320e-01 
2.16500e+02 1.05690e-01 0.00000e+00 2.42201e-01 1.27742e-01 
2.17000e+02 1.06629e-01 0.00000e+00 2.42438e-01 1.28156e-01 
2.17500e+02 1.07554e-01 0.00000e+00 2.42674e-01 1.28561e-01 
2.18000e+02 1.08464e-01 0.00000e+00 2.42908e-01 1.28958e-01 
2.18500e+02 1.09357e-01 0.00000e+00 2.43141e-01 1.29347e-01 
2.19000e+02 1.10234e-01 0.00000e+00 2.43373e-01 1.29728e-01 
2.19500e+02 1.11093e-01 0.00000e+00 2.43602e-01 1.30101e-01 
2.20000e+02 1.11934e-01 0.00000e+00 2.43831e-01 1.30468e-01 
2.20500e+02 1.12758e-01 0.00000e+00 2.44058e-01 1.30826e-01 
2.21000e+02 1.13564e-01 0.00000e+00 2.44283e-01 1.31178e-01 
2.21500e+02 1.14352e-01 0.00000e+00 2.44508e-01 1.31523e-01 
2.22000e+02 1.15123e-01 0.00000e+00 2.44730e-01 1.31861e-01 
2.22500e+02 1.15877e-01 0.00000e+00 2.44951e-01 1.32193e-01 
2.23000e+02 1.16613e-01 0.00000e+00 2.45171e-01 1.32519e-01 
2.23500e+02 1.17332e-01 0.00000e+00 2.45389e-01 1.32839e-01 
2.24000e+02 1.18035e-01 0.00000e+00 2.45606e-01 1.33153e-01 
2.24500e+02 1.18722e-01 0.00000e+00 2.45822e-01 1.33461e-01 
2.25000e+02 1.19393e-01 0.00000e+00 2.46036e-01 1.33764e-01 
2.25500e+02 1.20048e-01 0.00000e+00 2.46248e-01 1.34061e-01 
2.26000e+02 1.20689e-01 0.00000e+00 2.46459e-01 1.34354e-01 
2.26500e+02 1.21316e-01 0.00000e+00 2.46669e-01 1.34642e-01 
2.27000e+02 1.21929e-01 0.00000e+00 2.46878e-01 1.34925e-01 
2.27500e+02 1.22529e-01 0.00000e+00 2.47085e-01 1.35203e-01 
2.28000e+02 1.23117e-01 0.00000e+00 2.47290e-01 1.35477e-01 
2.28500e+02 1.23694e-01 7.82254e-257 2.47494e-01 1.35747e-01 
2.29000e+02 1.24259e-01 2.66323e-200 2.47697e-01 1.36013e-01 
2.29500e+02 1.24815e-01 3.19713e-155 2.47899e-01 1.36276e-01 
2.30000e+02 1.25360e-01 1.56678e-119 2.48099e-01 1.36534e-01 
2.30500e+02 1.25896e-01 1.83373e-91 2.48297e-01 1.36789e-01 
2.31000e+02 1.26424e-01 1.56291e-69 2.48495e-01 1.37041e-01 
2.31500e+02 1.26943e-01 1.64764e-52 2.48691e-01 1.37290e-01 
2.32000e+02 1.27454e-01 2.27490e-39 2.48886e-01 1.37536e-01 
2.32500e+02 1.27959e-01 2.89668e-29 2.49079e-01 1.37779e-01 
2.33000e+02 1.28456e-01 1.56885e-21 2.49271e-01 1.38020e-01 
2.33500e+02 1.28948e-01 1.20118e-15 2.49462e-01 1.38258e-01 
2.34000e+02 1.29433e-01 3.12893e-11 2.49652e-01 1.38493e-01 
2.34500e+02 1.29913e-01 5.42265e-08 2.49840e-01 1.38727e-01 
2.35000e+02 1.30387e-01 1.11240e-05 2.50027e-01 1.38958e-01 
2.35500e+02 1.30857e-01 4.49746e-04 2.50213e-01 1.39187e-01 
2.36000e+02 1.31322e-01 5.26606e-03 2.50397e-01 1.39415e-01 
2.36500e+02 1.31783e-01 2.14844e-02 2.50581e-01 1.39641e-01 
2.37000e+02 1.32240e-01 3.84742e-02 2.50763e-01 1.39866e-01 
2.37500e+02 1.32694e-01 4.77180e-02 2.50944e-01 1.40090e-01 
2.38000e+02 1.33144e-01 5.28580e-02 2.51124e-01 1.40313e-01 
2.38500e+02 1.33591e-01 5.62472e-02 2.51303e-01 1.40534e-01 
2.39000e+02 1.34034e-01 5.87771e-02 2.51481e-01 1.40756e-01 
2.39500e+02 1.34473e-01 6.08230e-02 2.51657e-01 1.40976e-01 
2.40000e+02 1.34910e-01 6.25681e-02 2.51832e-01 1.41197e-01 
