0.00000e+00 0.00000e+00 0.00000e+00 0.00000e+00 0.00000e+00 
5.00000e-01 0.00000e+00 0.00000e+00 0.00000e+00 0.00000e+00 
1.00000e+00 0.00000e+00 0.00000e+00 0.00000e+00 0.00000e+00 
1.50000e+00 0.00000e+00 0.00000e+00 0.00000e+00 0.00000e+00 
2.00000e+00 0.00000e+00 0.00000e+00 0.00000e+00 0.00000e+00 
2.50000e+00 0.00000e+00 0.00000e+00 0.00000e+00 0.00000e+00 
3.00000e+00 0.00000e+00 0.00000e+00 0.00000e+00 0.00000e+00 
3.50000e+00 0.00000e+00 0.00000e+00 0.00000e+00 0.00000e+00 
4.00000e+00 0.00000e+00 0.00000e+00 0.00000e+00 0.00000e+00 
4.50000e+00 0.00000e+00 0.00000e+00 0.00000e+00 0.00000e+00 
5.00000e+00 0.00000e+00 0.00000e+00 0.00000e+00 0.00000e+00 
5.50000e+00 0.00000e+00 0.00000e+00 0.00000e+00 0.00000e+00 
6.00000e+00 0.00000e+00 0.00000e+00 0.00000e+00 0.00000e+00 
6.50000e+00 0.00000e+00 0.00000e+00 0.00000e+00 0.00000e+00 
7.00000e+00 0.00000e+00 0.00000e+00 0.00000e+00 0.00000e+00 
7.50000e+00 0.00000e+00 0.00000e+00 0.00000e+00 0.00000e+00 
8.00000e+00 0.00000e+00 0.00000e+00 0.00000e+00 0.00000e+00 
8.50000e+00 0.00000e+00 0.00000e+00 0.00000e+00 0.00000e+00 
9.00000e+00 0.00000e+00 0.00000e+00 0.00000e+00 0.00000e+00 
9.50000e+00 0.00000e+00 0.00000e+00 0.00000e+00 0.00000e+00 
1.00000e+01 0.00000e+00 0.00000e+00 0.00000e+00 0.00000e+00 
1.05000e+01 0.00000e+00 0.00000e+00 0.00000e+00 0.00000e+00 
1.10000e+01 0.00000e+00 0.00000e+00 0.00000e+00 0.00000e+00 
1.15000e+01 0.00000e+00 0.00000e+00 0.00000e+00 0.00000e+00 
1.20000e+01 0.00000e+00 0.00000e+00 0.00000e+00 0.00000e+00 
1.25000e+01 0.00000e+00 0.00000e+00 0.00000e+00 0.00000e+00 
1.30000e+01 0.00000e+00 0.00000e+00 0.00000e+00 0.00000e+00 
1.35000e+01 0.00000e+00 0.00000e+00 0.00000e+00 0.00000e+00 
1.40000e+01 0.00000e+00 0.00000e+00 0.00000e+00 0.00000e+00 
1.45000e+01 0.00000e+00 0.00000e+00 0.00000e+00 0.00000e+00 
1.50000e+01 0.00000e+00 0.00000e+00 0.00000e+00 0.00000e+00 
1.55000e+01 0.00000e+00 0.00000e+00 0.00000e+00 0.00000e+00 
1.60000e+01 0.00000e+00 0.00000e+00 0.00000e+00 0.00000e+00 
1.65000e+01 0.00000e+00 0.00000e+00 0.00000e+00 0.00000e+00 
1.70000e+01 0.00000e+00 0.00000e+00 0.00000e+00 0.00000e+00 
1.75000e+01 0.00000e+00 0.00000e+00 0.00000e+00 0.00000e+00 
1.80000e+01 0.00000e+00 0.00000e+00 0.00000e+00 0.00000e+00 
1.85000e+01 0.00000e+00 0.00000e+00 0.00000e+00 0.00000e+00 
1.90000e+01 0.00000e+00 0.00000e+00 0.00000e+00 0.00000e+00 
1.95000e+01 0.00000e+00 0.00000e+00 0.00000e+00 0.00000e+00 
2.00000e+01 0.00000e+00 0.00000e+00 0.00000e+00 0.00000e+00 
2.05000e+01 0.00000e+00 0.00000e+00 0.00000e+00 0.00000e+00 
2.10000e+01 0.00000e+00 0.00000e+00 0.00000e+00 0.00000e+00 
2.15000e+01 0.00000e+00 0.00000e+00 0.00000e+00 0.00000e+00 
2.20000e+01 0.00000e+00 0.00000e+00 0.00000e+00 0.00000e+00 
2.25000e+01 0.00000e+00 0.00000e+00 0.00000e+00 0.00000e+00 
2.30000e+01 0.00000e+00 0.00000e+00 0.00000e+00 0.00000e+00 
2.35000e+01 0.00000e+00 0.00000e+00 0.00000e+00 0.00000e+00 
2.40000e+01 0.00000e+00 0.00000e+00 0.00000e+00 0.00000e+00 
2.45000e+01 0.00000e+00 0.00000e+00 0.00000e+00 0.00000e+00 
2.50000e+01 0.00000e+00 0.00000e+00 0.00000e+00 0.00000e+00 
2.55000e+01 0.00000e+00 0.00000e+00 0.00000e+00 0.00000e+00 
2.60000e+01 0.00000e+00 0.00000e+00 0.00000e+00 0.00000e+00 
2.65000e+01 0.00000e+00 0.00000e+00 0.00000e+00 0.00000e+00 
2.70000e+01 0.00000e+00 0.00000e+00 0.00000e+00 0.00000e+00 
2.75000e+01 0.00000e+00 0.00000e+00 0.00000e+00 0.00000e+00 
2.80000e+01 0.00000e+00 0.00000e+00 0.00000e+00 0.00000e+00 
2.85000e+01 0.00000e+00 0.00000e+00 0.00000e+00 0.00000e+00 
2.90000e+01 0.00000e+00 0.00000e+00 0.00000e+00 0.00000e+00 
2.95000e+01 0.00000e+00 0.00000e+00 0.00000e+00 0.00000e+00 
3.00000e+01 0.00000e+00 0.00000e+00 0.00000e+00 0.00000e+00 
3.05000e+01 0.00000e+00 0.00000e+00 0.00000e+00 0.00000e+00 
3.10000e+01 0.00000e+00 0.00000e+00 0.00000e+00 0.00000e+00 
3.15000e+01 0.00000e+00 0.00000e+00 0.00000e+00 0.00000e+00 
3.20000e+01 0.00000e+00 0.00000e+00 0.00000e+00 0.00000e+00 
3.25000e+01 0.00000e+00 0.00000e+00 0.00000e+00 0.00000e+00 
3.30000e+01 0.00000e+00 0.00000e+00 0.00000e+00 0.00000e+00 
3.35000e+01 0.00000e+00 0.00000e+00 0.00000e+00 0.00000e+00 
3.40000e+01 0.00000e+00 0.00000e+00 0.00000e+00 0.00000e+00 
3.45000e+01 0.00000e+00 0.00000e+00 0.00000e+00 0.00000e+00 
3.50000e+01 0.00000e+00 0.00000e+00 0.00000e+00 0.00000e+00 
3.55000e+01 0.00000e+00 0.00000e+00 0.00000e+00 0.00000e+00 
3.60000e+01 0.00000e+00 0.00000e+00 0.00000e+00 0.00000e+00 
3.65000e+01 0.00000e+00 0.00000e+00 0.00000e+00 0.00000e+00 
3.70000e+01 0.00000e+00 0.00000e+00 0.00000e+00 0.00000e+00 
3.75000e+01 0.00000e+00 0.00000e+00 0.00000e+00 0.00000e+00 
3.80000e+01 0.00000e+00 0.00000e+00 0.00000e+00 0.00000e+00 
3.85000e+01 0.00000e+00 0.00000e+00 0.00000e+00 0.00000e+00 
3.90000e+01 0.00000e+00 0.00000e+00 0.00000e+00 0.00000e+00 
3.95000e+01 0.00000e+00 0.00000e+00 0.00000e+00 0.00000e+00 
4.00000e+01 0.00000e+00 0.00000e+00 0.00000e+00 0.00000e+00 
4.05000e+01 0.00000e+00 0.00000e+00 0.00000e+00 0.00000e+00 
4.10000e+01 0.00000e+00 0.00000e+00 0.00000e+00 0.00000e+00 
4.15000e+01 0.00000e+00 0.00000e+00 0.00000e+00 0.00000e+00 
4.20000e+01 0.00000e+00 0.00000e+00 0.00000e+00 0.00000e+00 
4.25000e+01 0.00000e+00 0.00000e+00 0.00000e+00 0.00000e+00 
4.30000e+01 0.00000e+00 0.00000e+00 0.00000e+00 0.00000e+00 
4.35000e+01 0.00000e+00 0.00000e+00 0.00000e+00 0.00000e+00 
4.40000e+01 0.00000e+00 0.00000e+00 0.00000e+00 0.00000e+00 
4.45000e+01 0.00000e+00 0.00000e+00 0.00000e+00 0.00000e+00 
4.50000e+01 0.00000e+00 0.00000e+00 0.00000e+00 0.00000e+00 
4.55000e+01 0.00000e+00 0.00000e+00 0.00000e+00 0.00000e+00 
4.60000e+01 0.00000e+00 0.00000e+00 0.00000e+00 0.00000e+00 
4.65000e+01 0.00000e+00 0.00000e+00 0.00000e+00 0.00000e+00 
4.70000e+01 0.00000e+00 0.00000e+00 0.00000e+00 0.00000e+00 
4.75000e+01 0.00000e+00 0.00000e+00 0.00000e+00 0.00000e+00 
4.80000e+01 0.00000e+00 0.00000e+00 0.00000e+00 0.00000e+00 
4.85000e+01 0.00000e+00 0.00000e+00 0.00000e+00 0.00000e+00 
4.90000e+01 0.00000e+00 0.00000e+00 0.00000e+00 0.00000e+00 
4.95000e+01 0.00000e+00 0.00000e+00 0.00000e+00 0.00000e+00 
5.00000e+01 0.00000e+00 0.00000e+00 0.00000e+00 0.00000e+00 
5.05000e+01 0.00000e+00 0.00000e+00 0.00000e+00 0.00000e+00 
5.10000e+01 0.00000e+00 0.00000e+00 0.00000e+00 0.00000e+00 
5.15000e+01 0.00000e+00 0.00000e+00 0.00000e+00 0.00000e+00 
5.20000e+01 0.00000e+00 0.00000e+00 0.00000e+00 0.00000e+00 
5.25000e+01 0.00000e+00 0.00000e+00 0.00000e+00 0.00000e+00 
5.30000e+01 0.00000e+00 0.00000e+00 0.00000e+00 0.00000e+00 
5.35000e+01 0.00000e+00 0.00000e+00 0.00000e+00 0.00000e+00 
5.40000e+01 0.00000e+00 0.00000e+00 0.00000e+00 0.00000e+00 
5.45000e+01 0.00000e+00 0.00000e+00 0.00000e+00 0.00000e+00 
5.50000e+01 0.00000e+00 0.00000e+00 0.00000e+00 0.00000e+00 
5.55000e+01 0.00000e+00 0.00000e+00 0.00000e+00 0.00000e+00 
5.60000e+01 0.00000e+00 0.00000e+00 0.00000e+00 0.00000e+00 
5.65000e+01 0.00000e+00 0.00000e+00 0.00000e+00 0.00000e+00 
5.70000e+01 0.00000e+00 0.00000e+00 0.00000e+00 0.00000e+00 
5.75000e+01 0.00000e+00 0.00000e+00 0.00000e+00 0.00000e+00 
5.80000e+01 0.00000e+00 0.00000e+00 0.00000e+00 0.00000e+00 
5.85000e+01 0.00000e+00 0.00000e+00 0.00000e+00 0.00000e+00 
5.90000e+01 0.00000e+00 0.00000e+00 0.00000e+00 0.00000e+00 
5.95000e+01 0.00000e+00 0.00000e+00 0.00000e+00 0.00000e+00 
6.00000e+01 0.00000e+00 0.00000e+00 0.00000e+00 0.00000e+00 
6.05000e+01 0.00000e+00 0.00000e+00 0.00000e+00 0.00000e+00 
6.10000e+01 0.00000e+00 0.00000e+00 0.00000e+00 0.00000e+00 
6.15000e+01 0.00000e+00 0.00000e+00 0.00000e+00 0.00000e+00 
6.20000e+01 0.00000e+00 0.00000e+00 0.00000e+00 0.00000e+00 
6.25000e+01 0.00000e+00 0.00000e+00 0.00000e+00 0.00000e+00 
6.30000e+01 0.00000e+00 0.00000e+00 0.00000e+00 0.00000e+00 
6.35000e+01 0.00000e+00 0.00000e+00 0.00000e+00 0.00000e+00 
6.40000e+01 0.00000e+00 0.00000e+00 0.00000e+00 0.00000e+00 
6.45000e+01 0.00000e+00 0.00000e+00 0.00000e+00 0.00000e+00 
6.50000e+01 0.00000e+00 0.00000e+00 0.00000e+00 0.00000e+00 
6.55000e+01 0.00000e+00 0.00000e+00 0.00000e+00 0.00000e+00 
6.60000e+01 0.00000e+00 0.00000e+00 0.00000e+00 0.00000e+00 
6.65000e+01 0.00000e+00 0.00000e+00 0.00000e+00 0.00000e+00 
6.70000e+01 0.00000e+00 0.00000e+00 0.00000e+00 0.00000e+00 
6.75000e+01 0.00000e+00 0.00000e+00 0.00000e+00 0.00000e+00 
6.80000e+01 0.00000e+00 0.00000e+00 0.00000e+00 0.00000e+00 
6.85000e+01 0.00000e+00 0.00000e+00 0.00000e+00 0.00000e+00 
6.90000e+01 0.00000e+00 0.00000e+00 0.00000e+00 0.00000e+00 
6.95000e+01 0.00000e+00 0.00000e+00 0.00000e+00 0.00000e+00 
7.00000e+01 0.00000e+00 0.00000e+00 0.00000e+00 0.00000e+00 
7.05000e+01 0.00000e+00 0.00000e+00 0.00000e+00 0.00000e+00 
7.10000e+01 0.00000e+00 0.00000e+00 0.00000e+00 0.00000e+00 
7.15000e+01 0.00000e+00 0.00000e+00 0.00000e+00 0.00000e+00 
7.20000e+01 0.00000e+00 0.00000e+00 0.00000e+00 0.00000e+00 
7.25000e+01 0.00000e+00 0.00000e+00 0.00000e+00 0.00000e+00 
7.30000e+01 0.00000e+00 0.00000e+00 0.00000e+00 0.00000e+00 
7.35000e+01 0.00000e+00 0.00000e+00 0.00000e+00 0.00000e+00 
7.40000e+01 0.00000e+00 0.00000e+00 0.00000e+00 0.00000e+00 
7.45000e+01 0.00000e+00 0.00000e+00 0.00000e+00 0.00000e+00 
7.50000e+01 0.00000e+00 0.00000e+00 0.00000e+00 0.00000e+00 
7.55000e+01 0.00000e+00 0.00000e+00 0.00000e+00 0.00000e+00 
7.60000e+01 0.00000e+00 0.00000e+00 0.00000e+00 0.00000e+00 
7.65000e+01 0.00000e+00 0.00000e+00 0.00000e+00 0.00000e+00 
7.70000e+01 0.00000e+00 0.00000e+00 0.00000e+00 0.00000e+00 
7.75000e+01 0.00000e+00 0.00000e+00 0.00000e+00 0.00000e+00 
7.80000e+01 0.00000e+00 0.00000e+00 0.00000e+00 0.00000e+00 
7.85000e+01 0.00000e+00 0.00000e+00 0.00000e+00 0.00000e+00 
7.90000e+01 0.00000e+00 0.00000e+00 0.00000e+00 0.00000e+00 
7.95000e+01 0.00000e+00 0.00000e+00 0.00000e+00 0.00000e+00 
8.00000e+01 0.00000e+00 0.00000e+00 0.00000e+00 0.00000e+00 
8.05000e+01 0.00000e+00 0.00000e+00 0.00000e+00 0.00000e+00 
8.10000e+01 0.00000e+00 0.00000e+00 0.00000e+00 0.00000e+00 
8.15000e+01 0.00000e+00 0.00000e+00 0.00000e+00 0.00000e+00 
8.20000e+01 0.00000e+00 0.00000e+00 0.00000e+00 0.00000e+00 
8.25000e+01 0.00000e+00 0.00000e+00 0.00000e+00 0.00000e+00 
8.30000e+01 0.00000e+00 0.00000e+00 0.00000e+00 0.00000e+00 
8.35000e+01 0.00000e+00 0.00000e+00 0.00000e+00 0.00000e+00 
8.40000e+01 0.00000e+00 0.00000e+00 0.00000e+00 0.00000e+00 
8.45000e+01 0.00000e+00 0.00000e+00 0.00000e+00 0.00000e+00 
8.50000e+01 0.00000e+00 0.00000e+00 0.00000e+00 0.00000e+00 
8.55000e+01 0.00000e+00 0.00000e+00 0.00000e+00 0.00000e+00 
8.60000e+01 0.00000e+00 0.00000e+00 0.00000e+00 0.00000e+00 
8.65000e+01 0.00000e+00 0.00000e+00 0.00000e+00 0.00000e+00 
8.70000e+01 0.00000e+00 0.00000e+00 0.00000e+00 0.00000e+00 
8.75000e+01 0.00000e+00 0.00000e+00 0.00000e+00 0.00000e+00 
8.80000e+01 0.00000e+00 0.00000e+00 0.00000e+00 0.00000e+00 
8.85000e+01 0.00000e+00 0.00000e+00 0.00000e+00 0.00000e+00 
8.90000e+01 0.00000e+00 0.00000e+00 0.00000e+00 0.00000e+00 
8.95000e+01 0.00000e+00 0.00000e+00 0.00000e+00 0.00000e+00 
9.00000e+01 0.00000e+00 0.00000e+00 0.00000e+00 0.00000e+00 
9.05000e+01 0.00000e+00 0.00000e+00 0.00000e+00 0.00000e+00 
9.10000e+01 0.00000e+00 0.00000e+00 0.00000e+00 0.00000e+00 
9.15000e+01 0.00000e+00 0.00000e+00 0.00000e+00 0.00000e+00 
9.20000e+01 0.00000e+00 0.00000e+00 0.00000e+00 0.00000e+00 
9.25000e+01 0.00000e+00 0.00000e+00 0.00000e+00 0.00000e+00 
9.30000e+01 0.00000e+00 0.00000e+00 0.00000e+00 0.00000e+00 
9.35000e+01 0.00000e+00 0.00000e+00 0.00000e+00 0.00000e+00 
9.40000e+01 0.00000e+00 0.00000e+00 0.00000e+00 0.00000e+00 
9.45000e+01 0.00000e+00 0.00000e+00 0.00000e+00 0.00000e+00 
9.50000e+01 0.00000e+00 0.00000e+00 0.00000e+00 0.00000e+00 
9.55000e+01 4.44270e-166 0.00000e+00 0.00000e+00 0.00000e+00 
9.60000e+01 2.18314e-46 0.00000e+00 0.00000e+00 0.00000e+00 
9.65000e+01 8.31972e-12 0.00000e+00 0.00000e+00 0.00000e+00 
9.70000e+01 6.04410e-03 0.00000e+00 0.00000e+00 0.00000e+00 
9.75000e+01 6.44043e-02 0.00000e+00 0.00000e+00 0.00000e+00 
9.80000e+01 7.53888e-02 0.00000e+00 0.00000e+00 0.00000e+00 
9.85000e+01 8.17364e-02 0.00000e+00 0.00000e+00 0.00000e+00 
9.90000e+01 8.63913e-02 0.00000e+00 0.00000e+00 0.00000e+00 
9.95000e+01 8.99041e-02 0.00000e+00 0.00000e+00 0.00000e+00 
1.00000e+02 9.27226e-02 0.00000e+00 0.00000e+00 0.00000e+00 
1.00500e+02 9.51005e-02 0.00000e+00 0.00000e+00 0.00000e+00 
1.01000e+02 9.71859e-02 0.00000e+00 0.00000e+00 0.00000e+00 
1.01500e+02 9.90768e-02 0.00000e+00 0.00000e+00 0.00000e+00 
1.02000e+02 1.00838e-01 0.00000e+00 0.00000e+00 0.00000e+00 
1.02500e+02 1.02505e-01 0.00000e+00 0.00000e+00 0.00000e+00 
1.03000e+02 1.04096e-01 0.00000e+00 0.00000e+00 0.00000e+00 
1.03500e+02 1.05613e-01 0.00000e+00 0.00000e+00 0.00000e+00 
1.04000e+02 1.07057e-01 0.00000e+00 0.00000e+00 0.00000e+00 
1.04500e+02 1.08431e-01 0.00000e+00 0.00000e+00 0.00000e+00 
1.05000e+02 1.09741e-01 0.00000e+00 0.00000e+00 0.00000e+00 
1.05500e+02 1.11001e-01 0.00000e+00 0.00000e+00 0.00000e+00 
1.06000e+02 1.12223e-01 0.00000e+00 0.00000e+00 0.00000e+00 
1.06500e+02 1.13423e-01 0.00000e+00 0.00000e+00 0.00000e+00 
1.07000e+02 1.14611e-01 0.00000e+00 0.00000e+00 0.00000e+00 
1.07500e+02 1.15795e-01 0.00000e+00 0.00000e+00 0.00000e+00 
1.08000e+02 1.16978e-01 0.00000e+00 0.00000e+00 0.00000e+00 
1.08500e+02 1.18161e-01 0.00000e+00 0.00000e+00 0.00000e+00 
1.09000e+02 1.19344e-01 0.00000e+00 0.00000e+00 0.00000e+00 
1.09500e+02 1.20527e-01 0.00000e+00 0.00000e+00 0.00000e+00 
1.10000e+02 1.21711e-01 0.00000e+00 0.00000e+00 0.00000e+00 
1.10500e+02 1.22896e-01 0.00000e+00 0.00000e+00 0.00000e+00 
1.11000e+02 1.24083e-01 0.00000e+00 0.00000e+00 0.00000e+00 
1.11500e+02 1.25272e-01 0.00000e+00 0.00000e+00 0.00000e+00 
1.12000e+02 1.26469e-01 0.00000e+00 0.00000e+00 0.00000e+00 
1.12500e+02 1.27677e-01 0.00000e+00 0.00000e+00 0.00000e+00 
1.13000e+02 1.28895e-01 0.00000e+00 0.00000e+00 0.00000e+00 
1.13500e+02 1.30115e-01 0.00000e+00 0.00000e+00 0.00000e+00 
1.14000e+02 1.31322e-01 0.00000e+00 0.00000e+00 0.00000e+00 
1.14500e+02 1.32503e-01 0.00000e+00 0.00000e+00 0.00000e+00 
1.15000e+02 1.33648e-01 0.00000e+00 0.00000e+00 0.00000e+00 
1.15500e+02 1.34751e-01 0.00000e+00 0.00000e+00 0.00000e+00 
1.16000e+02 1.35815e-01 0.00000e+00 0.00000e+00 0.00000e+00 
1.16500e+02 1.36842e-01 0.00000e+00 0.00000e+00 0.00000e+00 
1.17000e+02 1.37839e-01 0.00000e+00 0.00000e+00 0.00000e+00 
1.17500e+02 1.38810e-01 0.00000e+00 0.00000e+00 0.00000e+00 
1.18000e+02 1.39757e-01 0.00000e+00 0.00000e+00 0.00000e+00 
1.18500e+02 1.40681e-01 0.00000e+00 0.00000e+00 0.00000e+00 
1.19000e+02 1.41581e-01 0.00000e+00 0.00000e+00 0.00000e+00 
1.19500e+02 1.42455e-01 0.00000e+00 0.00000e+00 0.00000e+00 
1.20000e+02 1.43305e-01 0.00000e+00 0.00000e+00 0.00000e+00 
1.20500e+02 1.44131e-01 0.00000e+00 0.00000e+00 0.00000e+00 
1.21000e+02 1.44934e-01 0.00000e+00 0.00000e+00 0.00000e+00 
1.21500e+02 1.45717e-01 0.00000e+00 0.00000e+00 0.00000e+00 
1.22000e+02 1.46484e-01 0.00000e+00 0.00000e+00 0.00000e+00 
1.22500e+02 1.47237e-01 0.00000e+00 0.00000e+00 0.00000e+00 
1.23000e+02 1.47979e-01 0.00000e+00 0.00000e+00 0.00000e+00 
1.23500e+02 1.48713e-01 0.00000e+00 0.00000e+00 0.00000e+00 
1.24000e+02 1.49440e-01 0.00000e+00 0.00000e+00 0.00000e+00 
1.24500e+02 1.50164e-01 0.00000e+00 0.00000e+00 0.00000e+00 
1.25000e+02 1.50886e-01 0.00000e+00 0.00000e+00 0.00000e+00 
1.25500e+02 1.51611e-01 0.00000e+00 0.00000e+00 0.00000e+00 
1.26000e+02 1.52342e-01 0.00000e+00 0.00000e+00 0.00000e+00 
1.26500e+02 1.53085e-01 0.00000e+00 0.00000e+00 0.00000e+00 
1.27000e+02 1.53848e-01 0.00000e+00 0.00000e+00 0.00000e+00 
1.27500e+02 1.54636e-01 0.00000e+00 0.00000e+00 0.00000e+00 
1.28000e+02 1.55458e-01 0.00000e+00 0.00000e+00 0.00000e+00 
1.28500e+02 1.56321e-01 0.00000e+00 0.00000e+00 0.00000e+00 
1.29000e+02 1.57227e-01 0.00000e+00 0.00000e+00 0.00000e+00 
1.29500e+02 1.58181e-01 0.00000e+00 0.00000e+00 0.00000e+00 
1.30000e+02 1.59182e-01 0.00000e+00 0.00000e+00 0.00000e+00 
1.30500e+02 1.60228e-01 0.00000e+00 1.12355e-206 0.00000e+00 
1.31000e+02 1.61318e-01 0.00000e+00 5.73939e-125 0.00000e+00 
1.31500e+02 1.62447e-01 0.00000e+00 1.72589e-73 0.00000e+00 
1.32000e+02 1.63610e-01 0.00000e+00 1.99111e-41 0.00000e+00 
1.32500e+02 1.64801e-01 0.00000e+00 5.19986e-22 0.00000e+00 
1.33000e+02 1.66014e-01 0.00000e+00 6.72120e-11 0.00000e+00 
1.33500e+02 1.67244e-01 0.00000e+00 4.53400e-05 0.00000e+00 
1.34000e+02 1.68484e-01 0.00000e+00 1.42825e-02 0.00000e+00 
1.34500e+02 1.69732e-01 0.00000e+00 5.04318e-02 0.00000e+00 
1.35000e+02 1.70979e-01 0.00000e+00 6.19474e-02 0.00000e+00 
1.35500e+02 1.72218e-01 0.00000e+00 6.81692e-02 0.00000e+00 
1.36000e+02 1.73444e-01 0.00000e+00 7.27363e-02 0.00000e+00 
1.36500e+02 1.74652e-01 0.00000e+00 7.64954e-02 0.00000e+00 
1.37000e+02 1.75839e-01 0.00000e+00 7.97455e-02 0.00000e+00 
1.37500e+02 1.77002e-01 0.00000e+00 8.26339e-02 0.00000e+00 
1.38000e+02 1.78138e-01 0.00000e+00 8.52567e-02 0.00000e+00 
1.38500e+02 1.79245e-01 0.00000e+00 8.76809e-02 0.00000e+00 
1.39000e+02 1.80323e-01 0.00000e+00 8.99527e-02 0.00000e+00 
1.39500e+02 1.81371e-01 0.00000e+00 9.21042e-02 0.00000e+00 
1.40000e+02 1.82390e-01 0.00000e+00 9.41589e-02 0.00000e+00 
1.40500e+02 1.83379e-01 0.00000e+00 9.61353e-02 0.00000e+00 
1.41000e+02 1.84341e-01 0.00000e+00 9.80481e-02 0.00000e+00 
1.41500e+02 1.85278e-01 0.00000e+00 9.99070e-02 0.00000e+00 
1.42000e+02 1.86189e-01 0.00000e+00 1.01718e-01 0.00000e+00 
1.42500e+02 1.87078e-01 0.00000e+00 1.03485e-01 0.00000e+00 
1.43000e+02 1.87946e-01 0.00000e+00 1.05212e-01 0.00000e+00 
1.43500e+02 1.88794e-01 0.00000e+00 1.06908e-01 0.00000e+00 
1.44000e+02 1.89625e-01 0.00000e+00 1.08579e-01 0.00000e+00 
1.44500e+02 1.90439e-01 0.00000e+00 1.10229e-01 0.00000e+00 
1.45000e+02 1.91237e-01 0.00000e+00 1.11851e-01 0.00000e+00 
1.45500e+02 1.92021e-01 0.00000e+00 1.13431e-01 0.00000e+00 
1.46000e+02 1.92792e-01 0.00000e+00 1.14953e-01 0.00000e+00 
1.46500e+02 1.93549e-01 0.00000e+00 1.16405e-01 0.00000e+00 
1.47000e+02 1.94293e-01 0.00000e+00 1.17780e-01 0.00000e+00 
1.47500e+02 1.95025e-01 0.00000e+00 1.19074e-01 0.00000e+00 
1.48000e+02 1.95746e-01 0.00000e+00 1.20289e-01 0.00000e+00 
1.48500e+02 1.96455e-01 0.00000e+00 1.21430e-01 0.00000e+00 
1.49000e+02 1.97153e-01 0.00000e+00 1.22504e-01 0.00000e+00 
1.49500e+02 1.97840e-01 0.00000e+00 1.23519e-01 0.00000e+00 
1.50000e+02 1.98516e-01 0.00000e+00 1.24484e-01 0.00000e+00 
1.50500e+02 1.99183e-01 0.00000e+00 1.25407e-01 0.00000e+00 
1.51000e+02 1.99840e-01 0.00000e+00 1.26296e-01 0.00000e+00 
1.51500e+02 2.00488e-01 0.00000e+00 1.27154e-01 0.00000e+00 
1.52000e+02 2.01127e-01 0.00000e+00 1.27989e-01 0.00000e+00 
1.52500e+02 2.01758e-01 0.00000e+00 1.28804e-01 0.00000e+00 
1.53000e+02 2.02381e-01 0.00000e+00 1.29601e-01 0.00000e+00 
1.53500e+02 2.02997e-01 0.00000e+00 1.30384e-01 0.00000e+00 
1.54000e+02 2.03605e-01 0.00000e+00 1.31155e-01 0.00000e+00 
1.54500e+02 2.04207e-01 0.00000e+00 1.31916e-01 0.00000e+00 
1.55000e+02 2.04803e-01 0.00000e+00 1.32668e-01 0.00000e+00 
1.55500e+02 2.05394e-01 0.00000e+00 1.33412e-01 0.00000e+00 
1.56000e+02 2.05980e-01 0.00000e+00 1.34150e-01 0.00000e+00 
1.56500e+02 2.06563e-01 0.00000e+00 1.34881e-01 0.00000e+00 
1.57000e+02 2.07142e-01 0.00000e+00 1.35605e-01 0.00000e+00 
1.57500e+02 2.07720e-01 0.00000e+00 1.36322e-01 0.00000e+00 
1.58000e+02 2.08297e-01 0.00000e+00 1.37032e-01 0.00000e+00 
1.58500e+02 2.08874e-01 0.00000e+00 1.37734e-01 0.00000e+00 
1.59000e+02 2.09454e-01 0.00000e+00 1.38428e-01 0.00000e+00 
1.59500e+02 2.10038e-01 0.00000e+00 1.39112e-01 0.00000e+00 
1.60000e+02 2.10628e-01 0.00000e+00 1.39788e-01 0.00000e+00 
1.60500e+02 2.11225e-01 0.00000e+00 1.40454e-01 0.00000e+00 
1.61000e+02 2.11830e-01 0.00000e+00 1.41111e-01 0.00000e+00 
1.61500e+02 2.12445e-01 0.00000e+00 1.41758e-01 0.00000e+00 
1.62000e+02 2.13071e-01 0.00000e+00 1.42398e-01 0.00000e+00 
1.62500e+02 2.13709e-01 0.00000e+00 1.43028e-01 0.00000e+00 
1.63000e+02 2.14359e-01 0.00000e+00 1.43651e-01 0.00000e+00 
1.63500e+02 2.15020e-01 0.00000e+00 1.44267e-01 0.00000e+00 
1.64000e+02 2.15692e-01 0.00000e+00 1.44875e-01 0.00000e+00 
1.64500e+02 2.16376e-01 0.00000e+00 1.45477e-01 0.00000e+00 
1.65000e+02 2.17069e-01 0.00000e+00 1.46072e-01 0.00000e+00 
1.65500e+02 2.17770e-01 0.00000e+00 1.46661e-01 0.00000e+00 
1.66000e+02 2.18478e-01 0.00000e+00 1.47245e-01 0.00000e+00 
1.66500e+02 2.19192e-01 0.00000e+00 1.47823e-01 0.00000e+00 
1.67000e+02 2.19910e-01 0.00000e+00 1.48396e-01 0.00000e+00 
1.67500e+02 2.20630e-01 0.00000e+00 1.48964e-01 0.00000e+00 
1.68000e+02 2.21351e-01 0.00000e+00 1.49527e-01 0.00000e+00 
1.68500e+02 2.22072e-01 0.00000e+00 1.50086e-01 0.00000e+00 
1.69000e+02 2.22790e-01 0.00000e+00 1.50640e-01 0.00000e+00 
1.69500e+02 2.23504e-01 0.00000e+00 1.51189e-01 0.00000e+00 
1.70000e+02 2.24214e-01 0.00000e+00 1.51735e-01 0.00000e+00 
1.70500e+02 2.24918e-01 0.00000e+00 1.52276e-01 0.00000e+00 
1.71000e+02 2.25615e-01 0.00000e+00 1.52813e-01 0.00000e+00 
1.71500e+02 2.26305e-01 0.00000e+00 1.53346e-01 0.00000e+00 
1.72000e+02 2.26986e-01 0.00000e+00 1.53875e-01 0.00000e+00 
1.72500e+02 2.27659e-01 0.00000e+00 1.54401e-01 0.00000e+00 
1.73000e+02 2.28322e-01 0.00000e+00 1.54923e-01 0.00000e+00 
1.73500e+02 2.28977e-01 0.00000e+00 1.55441e-01 0.00000e+00 
1.74000e+02 2.29621e-01 0.00000e+00 1.55956e-01 0.00000e+00 
1.74500e+02 2.30256e-01 0.00000e+00 1.56467e-01 0.00000e+00 
1.75000e+02 2.30881e-01 0.00000e+00 1.56976e-01 0.00000e+00 
1.75500e+02 2.31496e-01 0.00000e+00 1.57481e-01 0.00000e+00 
1.76000e+02 2.32102e-01 0.00000e+00 1.57983e-01 0.00000e+00 
1.76500e+02 2.32699e-01 0.00000e+00 1.58482e-01 0.00000e+00 
1.77000e+02 2.33287e-01 0.00000e+00 1.58978e-01 0.00000e+00 
1.77500e+02 2.33866e-01 0.00000e+00 1.59472e-01 0.00000e+00 
1.78000e+02 2.34437e-01 0.00000e+00 1.59963e-01 0.00000e+00 
1.78500e+02 2.35000e-01 0.00000e+00 1.60451e-01 0.00000e+00 
1.79000e+02 2.35554e-01 0.00000e+00 1.60938e-01 0.00000e+00 
1.79500e+02 2.36101e-01 0.00000e+00 1.61421e-01 0.00000e+00 
1.80000e+02 2.36641e-01 0.00000e+00 1.61903e-01 0.00000e+00 
1.80500e+02 2.37173e-01 0.00000e+00 1.62383e-01 0.00000e+00 
1.81000e+02 2.37698e-01 0.00000e+00 1.62860e-01 0.00000e+00 
1.81500e+02 2.38217e-01 0.00000e+00 1.63336e-01 0.00000e+00 
1.82000e+02 2.38729e-01 0.00000e+00 1.63811e-01 0.00000e+00 
1.82500e+02 2.39235e-01 0.00000e+00 1.64284e-01 0.00000e+00 
1.83000e+02 2.39734e-01 0.00000e+00 1.64755e-01 0.00000e+00 
1.83500e+02 2.40227e-01 0.00000e+00 1.65226e-01 0.00000e+00 
1.84000e+02 2.40715e-01 0.00000e+00 1.65696e-01 4.13004e-270 
1.84500e+02 2.41196e-01 0.00000e+00 1.66164e-01 1.65627e-152 
1.85000e+02 2.41672e-01 0.00000e+00 1.66633e-01 4.58381e-84 
1.85500e+02 2.42142e-01 0.00000e+00 1.67100e-01 7.46701e-45 
1.86000e+02 2.42606e-01 0.00000e+00 1.67567e-01 6.75093e-23 
1.86500e+02 2.43065e-01 0.00000e+00 1.68034e-01 6.52135e-11 
1.87000e+02 2.43519e-01 0.00000e+00 1.68501e-01 6.98322e-05 
1.87500e+02 2.43967e-01 0.00000e+00 1.68967e-01 2.17520e-02 
1.88000e+02 2.44411e-01 0.00000e+00 1.69434e-01 6.65141e-02 
1.88500e+02 2.44850e-01 0.00000e+00 1.69901e-01 7.97442e-02 
1.89000e+02 2.45283e-01 0.00000e+00 1.70366e-01 8.74009e-02 
1.89500e+02 2.45712e-01 0.00000e+00 1.70831e-01 9.31779e-02 
1.90000e+02 2.46135e-01 0.00000e+00 1.71295e-01 9.76348e-02 
1.90500e+02 2.46554e-01 0.00000e+00 1.71759e-01 1.01196e-01 
1.91000e+02 2.46968e-01 0.00000e+00 1.72221e-01 1.04194e-01 
1.91500e+02 2.47378e-01 0.00000e+00 1.72681e-01 1.06820e-01 
1.92000e+02 2.47784e-01 0.00000e+00 1.73141e-01 1.09170e-01 
1.92500e+02 2.48186e-01 0.00000e+00 1.73599e-01 1.11295e-01 
1.93000e+02 2.48584e-01 0.00000e+00 1.74056e-01 1.13227e-01 
1.93500e+02 2.48979e-01 0.00000e+00 1.74511e-01 1.14990e-01 
1.94000e+02 2.49370e-01 0.00000e+00 1.74965e-01 1.16608e-01 
1.94500e+02 2.49758e-01 0.00000e+00 1.75416e-01 1.18101e-01 
1.95000e+02 2.50142e-01 0.00000e+00 1.75866e-01 1.19490e-01 
1.95500e+02 2.50524e-01 0.00000e+00 1.76315e-01 1.20794e-01 
1.96000e+02 2.50903e-01 0.00000e+00 1.76761e-01 1.22025e-01 
1.96500e+02 2.51279e-01 0.00000e+00 1.77205e-01 1.23197e-01 
1.97000e+02 2.51653e-01 0.00000e+00 1.77648e-01 1.24316e-01 
1.97500e+02 2.52024e-01 0.00000e+00 1.78088e-01 1.25389e-01 
1.98000e+02 2.52393e-01 0.00000e+00 1.78527e-01 1.26418e-01 
1.98500e+02 2.52759e-01 0.00000e+00 1.78964e-01 1.27406e-01 
1.99000e+02 2.53123e-01 0.00000e+00 1.79398e-01 1.28356e-01 
1.99500e+02 2.53485e-01 0.00000e+00 1.79831e-01 1.29270e-01 
2.00000e+02 2.53845e-01 0.00000e+00 1.80262e-01 1.30150e-01 
2.00500e+02 2.54203e-01 0.00000e+00 1.80691e-01 1.30998e-01 
2.01000e+02 2.54559e-01 0.00000e+00 1.81118e-01 1.31818e-01 
2.01500e+02 2.54912e-01 0.00000e+00 1.81544e-01 1.32612e-01 
2.02000e+02 2.55264e-01 0.00000e+00 1.81967e-01 1.33382e-01 
2.02500e+02 2.55613e-01 0.00000e+00 1.82389e-01 1.34131e-01 
2.03000e+02 2.55961e-01 0.00000e+00 1.82809e-01 1.34862e-01 
2.03500e+02 2.56306e-01 0.00000e+00 1.83227e-01 1.35576e-01 
2.04000e+02 2.56650e-01 0.00000e+00 1.83643e-01 1.36276e-01 
2.04500e+02 2.56991e-01 0.00000e+00 1.84058e-01 1.36964e-01 
2.05000e+02 2.57331e-01 0.00000e+00 1.84471e-01 1.37642e-01 
2.05500e+02 2.57668e-01 0.00000e+00 1.84882e-01 1.38311e-01 
2.06000e+02 2.58004e-01 0.00000e+00 1.85292e-01 1.38971e-01 
2.06500e+02 2.58337e-01 0.00000e+00 1.85700e-01 1.39623e-01 
2.07000e+02 2.58668e-01 0.00000e+00 1.86106e-01 1.40265e-01 
2.07500e+02 2.58998e-01 0.00000e+00 1.86511e-01 1.40898e-01 
2.08000e+02 2.59325e-01 0.00000e+00 1.86915e-01 1.41521e-01 
2.08500e+02 2.59650e-01 0.00000e+00 1.87317e-01 1.42132e-01 
2.09000e+02 2.59973e-01 0.00000e+00 1.87718e-01 1.42731e-01 
2.09500e+02 2.60295e-01 0.00000e+00 1.88117e-01 1.43317e-01 
2.10000e+02 2.60614e-01 0.00000e+00 1.88514e-01 1.43891e-01 
2.10500e+02 2.60932e-01 0.00000e+00 1.88911e-01 1.44453e-01 
2.11000e+02 2.61247e-01 0.00000e+00 1.89306e-01 1.45002e-01 
2.11500e+02 2.61561e-01 0.00000e+00 1.89700e-01 1.45541e-01 
2.12000e+02 2.61872e-01 0.00000e+00 1.90092e-01 1.46068e-01 
2.12500e+02 2.62182e-01 0.00000e+00 1.90484e-01 1.46585e-01 
2.13000e+02 2.62490e-01 0.00000e+00 1.90874e-01 1.47092e-01 
2.13500e+02 2.62796e-01 0.00000e+00 1.91263e-01 1.47591e-01 
2.14000e+02 2.63100e-01 0.00000e+00 1.91651e-01 1.48080e-01 
2.14500e+02 2.63403e-01 0.00000e+00 1.92038e-01 1.48562e-01 
2.15000e+02 2.63703e-01 0.00000e+00 1.92424e-01 1.49036e-01 
2.15500e+02 2.64002e-01 0.00000e+00 1.92808e-01 1.49503e-01 
2.16000e+02 2.64299e-01 0.00000e+00 1.93192e-01 1.49964e-01 
2.16500e+02 2.64594e-01 0.00000e+00 1.93575e-01 1.50417e-01 
2.17000e+02 2.64887e-01 0.00000e+00 1.93957e-01 1.50865e-01 
2.17500e+02 2.65179e-01 0.00000e+00 1.94337e-01 1.51307e-01 
2.18000e+02 2.65469e-01 0.00000e+00 1.94717e-01 1.51743e-01 
2.18500e+02 2.65757e-01 0.00000e+00 1.95096e-01 1.52173e-01 
2.19000e+02 2.66043e-01 0.00000e+00 1.95474e-01 1.52598e-01 
2.19500e+02 2.66328e-01 0.00000e+00 1.95852e-01 1.53018e-01 
2.20000e+02 2.66611e-01 0.00000e+00 1.96228e-01 1.53433e-01 
2.20500e+02 2.66892e-01 0.00000e+00 1.96603e-01 1.53844e-01 
2.21000e+02 2.67171e-01 0.00000e+00 1.96978e-01 1.54249e-01 
2.21500e+02 2.67449e-01 0.00000e+00 1.97351e-01 1.54651e-01 
2.22000e+02 2.67726e-01 0.00000e+00 1.97724e-01 1.55048e-01 
2.22500e+02 2.68001e-01 0.00000e+00 1.98096e-01 1.55440e-01 
2.23000e+02 2.68274e-01 0.00000e+00 1.98467e-01 1.55829e-01 
2.23500e+02 2.68545e-01 0.00000e+00 1.98837e-01 1.56214e-01 
2.24000e+02 2.68815e-01 0.00000e+00 1.99207e-01 1.56595e-01 
2.24500e+02 2.69084e-01 0.00000e+00 1.99575e-01 1.56973e-01 
2.25000e+02 2.69351e-01 0.00000e+00 1.99943e-01 1.57347e-01 
2.25500e+02 2.69617e-01 0.00000e+00 2.00309e-01 1.57717e-01 
2.26000e+02 2.69881e-01 0.00000e+00 2.00675e-01 1.58085e-01 
2.26500e+02 2.70144e-01 0.00000e+00 2.01040e-01 1.58449e-01 
2.27000e+02 2.70405e-01 0.00000e+00 2.01404e-01 1.58810e-01 
2.27500e+02 2.70665e-01 0.00000e+00 2.01767e-01 1.59169e-01 
2.28000e+02 2.70924e-01 0.00000e+00 2.02129e-01 1.59524e-01 
2.28500e+02 2.71181e-01 0.00000e+00 2.02491e-01 1.59877e-01 
2.29000e+02 2.71437e-01 0.00000e+00 2.02851e-01 1.60227e-01 
2.29500e+02 2.71692e-01 0.00000e+00 2.03211e-01 1.60575e-01 
2.30000e+02 2.71946e-01 0.00000e+00 2.03569e-01 1.60920e-01 
2.30500e+02 2.72198e-01 0.00000e+00 2.03927e-01 1.61263e-01 
2.31000e+02 2.72449e-01 0.00000e+00 2.04283e-01 1.61604e-01 
2.31500e+02 2.72699e-01 0.00000e+00 2.04639e-01 1.61943e-01 
2.32000e+02 2.72948e-01 0.00000e+00 2.04994e-01 1.62279e-01 
2.32500e+02 2.73196e-01 0.00000e+00 2.05347e-01 1.62614e-01 
2.33000e+02 2.73442e-01 0.00000e+00 2.05700e-01 1.62947e-01 
2.33500e+02 2.73688e-01 0.00000e+00 2.06051e-01 1.63277e-01 
2.34000e+02 2.73932e-01 0.00000e+00 2.06402e-01 1.63606e-01 
2.34500e+02 2.74175e-01 0.00000e+00 2.06752e-01 1.63933e-01 
2.35000e+02 2.74417e-01 0.00000e+00 2.07100e-01 1.64259e-01 
2.35500e+02 2.74659e-01 0.00000e+00 2.07447e-01 1.64582e-01 
2.36000e+02 2.74899e-01 0.00000e+00 2.07793e-01 1.64904e-01 
2.36500e+02 2.75138e-01 0.00000e+00 2.08139e-01 1.65225e-01 
2.37000e+02 2.75376e-01 0.00000e+00 2.08482e-01 1.65543e-01 
2.37500e+02 2.75613e-01 0.00000e+00 2.08825e-01 1.65861e-01 
2.38000e+02 2.75849e-01 0.00000e+00 2.09167e-01 1.66177e-01 
2.38500e+02 2.76085e-01 0.00000e+00 2.09507e-01 1.66491e-01 
2.39000e+02 2.76319e-01 0.00000e+00 2.09846e-01 1.66804e-01 
2.39500e+02 2.76553e-01 0.00000e+00 2.10184e-01 1.67115e-01 
2.40000e+02 2.76785e-01 0.00000e+00 2.10521e-01 1.67425e-01 
