0.00000e+00 0.00000e+00 0.00000e+00 0.00000e+00 0.00000e+00 
5.00000e-01 0.00000e+00 0.00000e+00 0.00000e+00 0.00000e+00 
1.00000e+00 0.00000e+00 0.00000e+00 0.00000e+00 0.00000e+00 
1.50000e+00 0.00000e+00 0.00000e+00 0.00000e+00 0.00000e+00 
2.00000e+00 0.00000e+00 0.00000e+00 0.00000e+00 0.00000e+00 
2.50000e+00 0.00000e+00 0.00000e+00 0.00000e+00 0.00000e+00 
3.00000e+00 0.00000e+00 0.00000e+00 0.00000e+00 0.00000e+00 
3.50000e+00 0.00000e+00 0.00000e+00 0.00000e+00 0.00000e+00 
4.00000e+00 0.00000e+00 0.00000e+00 0.00000e+00 0.00000e+00 
4.50000e+00 0.00000e+00 0.00000e+00 0.00000e+00 0.00000e+00 
5.00000e+00 0.00000e+00 0.00000e+00 0.00000e+00 0.00000e+00 
5.50000e+00 0.00000e+00 0.00000e+00 0.00000e+00 0.00000e+00 
6.00000e+00 0.00000e+00 0.00000e+00 0.00000e+00 0.00000e+00 
6.50000e+00 0.00000e+00 0.00000e+00 0.00000e+00 0.00000e+00 
7.00000e+00 0.00000e+00 0.00000e+00 0.00000e+00 0.00000e+00 
7.50000e+00 0.00000e+00 0.00000e+00 0.00000e+00 0.00000e+00 
8.00000e+00 0.00000e+00 0.00000e+00 0.00000e+00 0.00000e+00 
8.50000e+00 0.00000e+00 0.00000e+00 0.00000e+00 0.00000e+00 
9.00000e+00 0.00000e+00 0.00000e+00 0.00000e+00 0.00000e+00 
9.50000e+00 0.00000e+00 0.00000e+00 0.00000e+00 0.00000e+00 
1.00000e+01 0.00000e+00 0.00000e+00 0.00000e+00 0.00000e+00 
1.05000e+01 0.00000e+00 0.00000e+00 0.00000e+00 0.00000e+00 
1.10000e+01 0.00000e+00 0.00000e+00 0.00000e+00 0.00000e+00 
1.15000e+01 0.00000e+00 0.00000e+00 0.00000e+00 0.00000e+00 
1.20000e+01 0.00000e+00 0.00000e+00 0.00000e+00 0.00000e+00 
1.25000e+01 0.00000e+00 0.00000e+00 0.00000e+00 0.00000e+00 
1.30000e+01 0.00000e+00 0.00000e+00 0.00000e+00 0.00000e+00 
1.35000e+01 0.00000e+00 0.00000e+00 0.00000e+00 0.00000e+00 
1.40000e+01 0.00000e+00 0.00000e+00 0.00000e+00 0.00000e+00 
1.45000e+01 0.00000e+00 0.00000e+00 0.00000e+00 0.00000e+00 
1.50000e+01 0.00000e+00 0.00000e+00 0.00000e+00 0.00000e+00 
1.55000e+01 0.00000e+00 0.00000e+00 0.00000e+00 0.00000e+00 
1.60000e+01 0.00000e+00 0.00000e+00 0.00000e+00 0.00000e+00 
1.65000e+01 0.00000e+00 0.00000e+00 0.00000e+00 0.00000e+00 
1.70000e+01 0.00000e+00 0.00000e+00 0.00000e+00 0.00000e+00 
1.75000e+01 0.00000e+00 0.00000e+00 0.00000e+00 0.00000e+00 
1.80000e+01 0.00000e+00 0.00000e+00 0.00000e+00 0.00000e+00 
1.85000e+01 0.00000e+00 0.00000e+00 0.00000e+00 0.00000e+00 
1.90000e+01 0.00000e+00 0.00000e+00 0.00000e+00 0.00000e+00 
1.95000e+01 0.00000e+00 0.00000e+00 0.00000e+00 0.00000e+00 
2.00000e+01 0.00000e+00 0.00000e+00 0.00000e+00 0.00000e+00 
2.05000e+01 0.00000e+00 0.00000e+00 0.00000e+00 0.00000e+00 
2.10000e+01 0.00000e+00 0.00000e+00 0.00000e+00 0.00000e+00 
2.15000e+01 0.00000e+00 0.00000e+00 0.00000e+00 0.00000e+00 
2.20000e+01 0.00000e+00 0.00000e+00 0.00000e+00 0.00000e+00 
2.25000e+01 0.00000e+00 0.00000e+00 0.00000e+00 0.00000e+00 
2.30000e+01 0.00000e+00 0.00000e+00 0.00000e+00 0.00000e+00 
2.35000e+01 0.00000e+00 0.00000e+00 0.00000e+00 0.00000e+00 
2.40000e+01 0.00000e+00 0.00000e+00 0.00000e+00 0.00000e+00 
2.45000e+01 0.00000e+00 0.00000e+00 0.00000e+00 0.00000e+00 
2.50000e+01 0.00000e+00 0.00000e+00 0.00000e+00 0.00000e+00 
2.55000e+01 0.00000e+00 0.00000e+00 0.00000e+00 0.00000e+00 
2.60000e+01 0.00000e+00 0.00000e+00 0.00000e+00 0.00000e+00 
2.65000e+01 0.00000e+00 0.00000e+00 0.00000e+00 0.00000e+00 
2.70000e+01 0.00000e+00 0.00000e+00 0.00000e+00 0.00000e+00 
2.75000e+01 0.00000e+00 0.00000e+00 0.00000e+00 0.00000e+00 
2.80000e+01 0.00000e+00 0.00000e+00 0.00000e+00 0.00000e+00 
2.85000e+01 0.00000e+00 0.00000e+00 0.00000e+00 0.00000e+00 
2.90000e+01 0.00000e+00 0.00000e+00 0.00000e+00 0.00000e+00 
2.95000e+01 0.00000e+00 0.00000e+00 0.00000e+00 0.00000e+00 
3.00000e+01 0.00000e+00 0.00000e+00 0.00000e+00 0.00000e+00 
3.05000e+01 0.00000e+00 0.00000e+00 0.00000e+00 0.00000e+00 
3.10000e+01 0.00000e+00 0.00000e+00 0.00000e+00 0.00000e+00 
3.15000e+01 0.00000e+00 0.00000e+00 0.00000e+00 0.00000e+00 
3.20000e+01 0.00000e+00 0.00000e+00 0.00000e+00 0.00000e+00 
3.25000e+01 0.00000e+00 0.00000e+00 0.00000e+00 0.00000e+00 
3.30000e+01 0.00000e+00 0.00000e+00 0.00000e+00 0.00000e+00 
3.35000e+01 0.00000e+00 0.00000e+00 0.00000e+00 0.00000e+00 
3.40000e+01 0.00000e+00 0.00000e+00 0.00000e+00 0.00000e+00 
3.45000e+01 0.00000e+00 0.00000e+00 0.00000e+00 0.00000e+00 
3.50000e+01 0.00000e+00 0.00000e+00 0.00000e+00 0.00000e+00 
3.55000e+01 0.00000e+00 0.00000e+00 0.00000e+00 0.00000e+00 
3.60000e+01 0.00000e+00 0.00000e+00 0.00000e+00 0.00000e+00 
3.65000e+01 0.00000e+00 0.00000e+00 0.00000e+00 0.00000e+00 
3.70000e+01 0.00000e+00 0.00000e+00 0.00000e+00 0.00000e+00 
3.75000e+01 0.00000e+00 0.00000e+00 0.00000e+00 0.00000e+00 
3.80000e+01 0.00000e+00 0.00000e+00 0.00000e+00 0.00000e+00 
3.85000e+01 0.00000e+00 0.00000e+00 0.00000e+00 0.00000e+00 
3.90000e+01 0.00000e+00 0.00000e+00 0.00000e+00 0.00000e+00 
3.95000e+01 0.00000e+00 0.00000e+00 0.00000e+00 0.00000e+00 
4.00000e+01 0.00000e+00 0.00000e+00 0.00000e+00 0.00000e+00 
4.05000e+01 0.00000e+00 0.00000e+00 0.00000e+00 0.00000e+00 
4.10000e+01 0.00000e+00 0.00000e+00 0.00000e+00 0.00000e+00 
4.15000e+01 0.00000e+00 0.00000e+00 0.00000e+00 0.00000e+00 
4.20000e+01 0.00000e+00 0.00000e+00 0.00000e+00 0.00000e+00 
4.25000e+01 0.00000e+00 0.00000e+00 0.00000e+00 0.00000e+00 
4.30000e+01 0.00000e+00 0.00000e+00 0.00000e+00 0.00000e+00 
4.35000e+01 0.00000e+00 0.00000e+00 0.00000e+00 0.00000e+00 
4.40000e+01 0.00000e+00 0.00000e+00 0.00000e+00 0.00000e+00 
4.45000e+01 0.00000e+00 0.00000e+00 0.00000e+00 0.00000e+00 
4.50000e+01 0.00000e+00 0.00000e+00 0.00000e+00 0.00000e+00 
4.55000e+01 0.00000e+00 0.00000e+00 0.00000e+00 0.00000e+00 
4.60000e+01 0.00000e+00 0.00000e+00 0.00000e+00 0.00000e+00 
4.65000e+01 0.00000e+00 0.00000e+00 0.00000e+00 0.00000e+00 
4.70000e+01 0.00000e+00 0.00000e+00 0.00000e+00 0.00000e+00 
4.75000e+01 0.00000e+00 0.00000e+00 0.00000e+00 0.00000e+00 
4.80000e+01 0.00000e+00 0.00000e+00 0.00000e+00 0.00000e+00 
4.85000e+01 0.00000e+00 0.00000e+00 0.00000e+00 0.00000e+00 
4.90000e+01 0.00000e+00 0.00000e+00 0.00000e+00 0.00000e+00 
4.95000e+01 0.00000e+00 0.00000e+00 0.00000e+00 0.00000e+00 
5.00000e+01 0.00000e+00 0.00000e+00 0.00000e+00 0.00000e+00 
5.05000e+01 0.00000e+00 0.00000e+00 0.00000e+00 0.00000e+00 
5.10000e+01 0.00000e+00 0.00000e+00 0.00000e+00 0.00000e+00 
5.15000e+01 0.00000e+00 0.00000e+00 0.00000e+00 0.00000e+00 
5.20000e+01 0.00000e+00 0.00000e+00 0.00000e+00 0.00000e+00 
5.25000e+01 0.00000e+00 0.00000e+00 0.00000e+00 0.00000e+00 
5.30000e+01 0.00000e+00 0.00000e+00 0.00000e+00 0.00000e+00 
5.35000e+01 0.00000e+00 0.00000e+00 0.00000e+00 0.00000e+00 
5.40000e+01 0.00000e+00 0.00000e+00 0.00000e+00 0.00000e+00 
5.45000e+01 0.00000e+00 0.00000e+00 0.00000e+00 0.00000e+00 
5.50000e+01 0.00000e+00 0.00000e+00 0.00000e+00 0.00000e+00 
5.55000e+01 0.00000e+00 0.00000e+00 0.00000e+00 0.00000e+00 
5.60000e+01 0.00000e+00 0.00000e+00 0.00000e+00 0.00000e+00 
5.65000e+01 0.00000e+00 0.00000e+00 0.00000e+00 0.00000e+00 
5.70000e+01 0.00000e+00 0.00000e+00 0.00000e+00 0.00000e+00 
5.75000e+01 0.00000e+00 0.00000e+00 0.00000e+00 0.00000e+00 
5.80000e+01 0.00000e+00 0.00000e+00 0.00000e+00 0.00000e+00 
5.85000e+01 0.00000e+00 0.00000e+00 0.00000e+00 0.00000e+00 
5.90000e+01 0.00000e+00 0.00000e+00 0.00000e+00 0.00000e+00 
5.95000e+01 0.00000e+00 0.00000e+00 0.00000e+00 0.00000e+00 
6.00000e+01 0.00000e+00 0.00000e+00 0.00000e+00 0.00000e+00 
6.05000e+01 0.00000e+00 0.00000e+00 0.00000e+00 0.00000e+00 
6.10000e+01 0.00000e+00 0.00000e+00 0.00000e+00 0.00000e+00 
6.15000e+01 0.00000e+00 0.00000e+00 0.00000e+00 0.00000e+00 
6.20000e+01 0.00000e+00 0.00000e+00 0.00000e+00 0.00000e+00 
6.25000e+01 0.00000e+00 0.00000e+00 0.00000e+00 0.00000e+00 
6.30000e+01 0.00000e+00 0.00000e+00 0.00000e+00 0.00000e+00 
6.35000e+01 0.00000e+00 0.00000e+00 0.00000e+00 0.00000e+00 
6.40000e+01 0.00000e+00 0.00000e+00 0.00000e+00 0.00000e+00 
6.45000e+01 0.00000e+00 0.00000e+00 0.00000e+00 0.00000e+00 
6.50000e+01 0.00000e+00 0.00000e+00 0.00000e+00 0.00000e+00 
6.55000e+01 0.00000e+00 0.00000e+00 0.00000e+00 0.00000e+00 
6.60000e+01 0.00000e+00 0.00000e+00 0.00000e+00 0.00000e+00 
6.65000e+01 0.00000e+00 0.00000e+00 0.00000e+00 0.00000e+00 
6.70000e+01 0.00000e+00 0.00000e+00 0.00000e+00 0.00000e+00 
6.75000e+01 0.00000e+00 0.00000e+00 0.00000e+00 0.00000e+00 
6.80000e+01 0.00000e+00 0.00000e+00 0.00000e+00 0.00000e+00 
6.85000e+01 0.00000e+00 0.00000e+00 0.00000e+00 0.00000e+00 
6.90000e+01 0.00000e+00 0.00000e+00 0.00000e+00 0.00000e+00 
6.95000e+01 0.00000e+00 0.00000e+00 0.00000e+00 0.00000e+00 
7.00000e+01 0.00000e+00 0.00000e+00 0.00000e+00 0.00000e+00 
7.05000e+01 0.00000e+00 0.00000e+00 0.00000e+00 0.00000e+00 
7.10000e+01 0.00000e+00 0.00000e+00 0.00000e+00 0.00000e+00 
7.15000e+01 0.00000e+00 0.00000e+00 0.00000e+00 0.00000e+00 
7.20000e+01 0.00000e+00 0.00000e+00 0.00000e+00 0.00000e+00 
7.25000e+01 0.00000e+00 0.00000e+00 0.00000e+00 0.00000e+00 
7.30000e+01 0.00000e+00 0.00000e+00 0.00000e+00 0.00000e+00 
7.35000e+01 0.00000e+00 0.00000e+00 0.00000e+00 0.00000e+00 
7.40000e+01 0.00000e+00 0.00000e+00 0.00000e+00 0.00000e+00 
7.45000e+01 0.00000e+00 0.00000e+00 0.00000e+00 0.00000e+00 
7.50000e+01 0.00000e+00 0.00000e+00 0.00000e+00 0.00000e+00 
7.55000e+01 0.00000e+00 0.00000e+00 0.00000e+00 0.00000e+00 
7.60000e+01 0.00000e+00 0.00000e+00 0.00000e+00 0.00000e+00 
7.65000e+01 0.00000e+00 0.00000e+00 0.00000e+00 0.00000e+00 
7.70000e+01 0.00000e+00 0.00000e+00 0.00000e+00 0.00000e+00 
7.75000e+01 0.00000e+00 0.00000e+00 0.00000e+00 0.00000e+00 
7.80000e+01 0.00000e+00 0.00000e+00 0.00000e+00 0.00000e+00 
7.85000e+01 0.00000e+00 0.00000e+00 0.00000e+00 0.00000e+00 
7.90000e+01 0.00000e+00 0.00000e+00 0.00000e+00 0.00000e+00 
7.95000e+01 0.00000e+00 0.00000e+00 0.00000e+00 0.00000e+00 
8.00000e+01 0.00000e+00 0.00000e+00 0.00000e+00 0.00000e+00 
8.05000e+01 0.00000e+00 0.00000e+00 0.00000e+00 0.00000e+00 
8.10000e+01 0.00000e+00 0.00000e+00 0.00000e+00 0.00000e+00 
8.15000e+01 0.00000e+00 0.00000e+00 0.00000e+00 0.00000e+00 
8.20000e+01 0.00000e+00 0.00000e+00 0.00000e+00 0.00000e+00 
8.25000e+01 0.00000e+00 0.00000e+00 0.00000e+00 0.00000e+00 
8.30000e+01 0.00000e+00 0.00000e+00 0.00000e+00 0.00000e+00 
8.35000e+01 0.00000e+00 0.00000e+00 0.00000e+00 0.00000e+00 
8.40000e+01 0.00000e+00 0.00000e+00 0.00000e+00 0.00000e+00 
8.45000e+01 0.00000e+00 0.00000e+00 0.00000e+00 0.00000e+00 
8.50000e+01 0.00000e+00 0.00000e+00 0.00000e+00 0.00000e+00 
8.55000e+01 0.00000e+00 0.00000e+00 0.00000e+00 0.00000e+00 
8.60000e+01 0.00000e+00 0.00000e+00 0.00000e+00 0.00000e+00 
8.65000e+01 0.00000e+00 0.00000e+00 0.00000e+00 0.00000e+00 
8.70000e+01 0.00000e+00 0.00000e+00 0.00000e+00 0.00000e+00 
8.75000e+01 0.00000e+00 0.00000e+00 0.00000e+00 0.00000e+00 
8.80000e+01 0.00000e+00 0.00000e+00 0.00000e+00 0.00000e+00 
8.85000e+01 0.00000e+00 0.00000e+00 0.00000e+00 0.00000e+00 
8.90000e+01 0.00000e+00 0.00000e+00 0.00000e+00 0.00000e+00 
8.95000e+01 0.00000e+00 0.00000e+00 0.00000e+00 0.00000e+00 
9.00000e+01 0.00000e+00 0.00000e+00 0.00000e+00 0.00000e+00 
9.05000e+01 0.00000e+00 0.00000e+00 0.00000e+00 0.00000e+00 
9.10000e+01 0.00000e+00 0.00000e+00 0.00000e+00 0.00000e+00 
9.15000e+01 0.00000e+00 0.00000e+00 0.00000e+00 0.00000e+00 
9.20000e+01 0.00000e+00 0.00000e+00 0.00000e+00 0.00000e+00 
9.25000e+01 0.00000e+00 0.00000e+00 0.00000e+00 0.00000e+00 
9.30000e+01 0.00000e+00 0.00000e+00 0.00000e+00 0.00000e+00 
9.35000e+01 0.00000e+00 0.00000e+00 0.00000e+00 0.00000e+00 
9.40000e+01 0.00000e+00 0.00000e+00 0.00000e+00 0.00000e+00 
9.45000e+01 0.00000e+00 0.00000e+00 0.00000e+00 0.00000e+00 
9.50000e+01 0.00000e+00 0.00000e+00 0.00000e+00 0.00000e+00 
9.55000e+01 0.00000e+00 0.00000e+00 0.00000e+00 0.00000e+00 
9.60000e+01 0.00000e+00 0.00000e+00 0.00000e+00 0.00000e+00 
9.65000e+01 0.00000e+00 0.00000e+00 0.00000e+00 0.00000e+00 
9.70000e+01 0.00000e+00 0.00000e+00 0.00000e+00 0.00000e+00 
9.75000e+01 0.00000e+00 0.00000e+00 0.00000e+00 0.00000e+00 
9.80000e+01 0.00000e+00 0.00000e+00 0.00000e+00 0.00000e+00 
9.85000e+01 0.00000e+00 0.00000e+00 0.00000e+00 0.00000e+00 
9.90000e+01 0.00000e+00 0.00000e+00 0.00000e+00 0.00000e+00 
9.95000e+01 0.00000e+00 0.00000e+00 0.00000e+00 0.00000e+00 
1.00000e+02 0.00000e+00 0.00000e+00 0.00000e+00 0.00000e+00 
1.00500e+02 0.00000e+00 0.00000e+00 0.00000e+00 0.00000e+00 
1.01000e+02 0.00000e+00 0.00000e+00 0.00000e+00 0.00000e+00 
1.01500e+02 0.00000e+00 0.00000e+00 0.00000e+00 0.00000e+00 
1.02000e+02 0.00000e+00 0.00000e+00 0.00000e+00 0.00000e+00 
1.02500e+02 0.00000e+00 0.00000e+00 0.00000e+00 0.00000e+00 
1.03000e+02 0.00000e+00 0.00000e+00 0.00000e+00 0.00000e+00 
1.03500e+02 0.00000e+00 0.00000e+00 0.00000e+00 0.00000e+00 
1.04000e+02 0.00000e+00 0.00000e+00 0.00000e+00 0.00000e+00 
1.04500e+02 0.00000e+00 0.00000e+00 0.00000e+00 0.00000e+00 
1.05000e+02 0.00000e+00 0.00000e+00 0.00000e+00 2.38241e-310 
1.05500e+02 0.00000e+00 0.00000e+00 0.00000e+00 5.82885e-127 
1.06000e+02 0.00000e+00 0.00000e+00 0.00000e+00 3.00730e-50 
1.06500e+02 0.00000e+00 0.00000e+00 0.00000e+00 3.63495e-19 
1.07000e+02 0.00000e+00 0.00000e+00 0.00000e+00 1.45406e-06 
1.07500e+02 0.00000e+00 0.00000e+00 0.00000e+00 2.64692e-02 
1.08000e+02 0.00000e+00 0.00000e+00 0.00000e+00 6.07313e-02 
1.08500e+02 0.00000e+00 0.00000e+00 0.00000e+00 6.90443e-02 
1.09000e+02 0.00000e+00 0.00000e+00 0.00000e+00 7.41561e-02 
1.09500e+02 0.00000e+00 0.00000e+00 0.00000e+00 7.80384e-02 
1.10000e+02 0.00000e+00 0.00000e+00 0.00000e+00 8.12338e-02 
1.10500e+02 0.00000e+00 0.00000e+00 0.00000e+00 8.40079e-02 
1.11000e+02 0.00000e+00 0.00000e+00 0.00000e+00 8.65623e-02 
1.11500e+02 0.00000e+00 0.00000e+00 0.00000e+00 8.90062e-02 
1.12000e+02 0.00000e+00 0.00000e+00 0.00000e+00 9.13488e-02 
1.12500e+02 0.00000e+00 0.00000e+00 0.00000e+00 9.35618e-02 
1.13000e+02 0.00000e+00 0.00000e+00 0.00000e+00 9.56332e-02 
1.13500e+02 0.00000e+00 0.00000e+00 0.00000e+00 9.75731e-02 
1.14000e+02 0.00000e+00 0.00000e+00 0.00000e+00 9.94045e-02 
1.14500e+02 0.00000e+00 0.00000e+00 0.00000e+00 1.01166e-01 
1.15000e+02 0.00000e+00 0.00000e+00 0.00000e+00 1.02907e-01 
1.15500e+02 0.00000e+00 0.00000e+00 0.00000e+00 1.04671e-01 
1.16000e+02 0.00000e+00 0.00000e+00 0.00000e+00 1.06457e-01 
1.16500e+02 0.00000e+00 0.00000e+00 0.00000e+00 1.08234e-01 
1.17000e+02 0.00000e+00 0.00000e+00 0.00000e+00 1.09976e-01 
1.17500e+02 0.00000e+00 0.00000e+00 0.00000e+00 1.11676e-01 
1.18000e+02 0.00000e+00 0.00000e+00 0.00000e+00 1.13346e-01 
1.18500e+02 0.00000e+00 0.00000e+00 0.00000e+00 1.15001e-01 
1.19000e+02 0.00000e+00 0.00000e+00 0.00000e+00 1.16654e-01 
1.19500e+02 0.00000e+00 0.00000e+00 0.00000e+00 1.18316e-01 
1.20000e+02 0.00000e+00 0.00000e+00 0.00000e+00 1.19991e-01 
1.20500e+02 0.00000e+00 0.00000e+00 0.00000e+00 1.21683e-01 
1.21000e+02 0.00000e+00 0.00000e+00 0.00000e+00 1.23392e-01 
1.21500e+02 0.00000e+00 0.00000e+00 0.00000e+00 1.25112e-01 
1.22000e+02 0.00000e+00 0.00000e+00 0.00000e+00 1.26832e-01 
1.22500e+02 0.00000e+00 0.00000e+00 0.00000e+00 1.28539e-01 
1.23000e+02 0.00000e+00 0.00000e+00 0.00000e+00 1.30223e-01 
1.23500e+02 0.00000e+00 0.00000e+00 0.00000e+00 1.31873e-01 
1.24000e+02 0.00000e+00 0.00000e+00 0.00000e+00 1.33483e-01 
1.24500e+02 0.00000e+00 0.00000e+00 0.00000e+00 1.35050e-01 
1.25000e+02 0.00000e+00 0.00000e+00 0.00000e+00 1.36573e-01 
1.25500e+02 0.00000e+00 0.00000e+00 0.00000e+00 1.38051e-01 
1.26000e+02 0.00000e+00 0.00000e+00 0.00000e+00 1.39485e-01 
1.26500e+02 0.00000e+00 0.00000e+00 0.00000e+00 1.40877e-01 
1.27000e+02 0.00000e+00 0.00000e+00 0.00000e+00 1.42225e-01 
1.27500e+02 0.00000e+00 0.00000e+00 0.00000e+00 1.43533e-01 
1.28000e+02 0.00000e+00 0.00000e+00 0.00000e+00 1.44800e-01 
1.28500e+02 0.00000e+00 0.00000e+00 0.00000e+00 1.46027e-01 
1.29000e+02 0.00000e+00 0.00000e+00 0.00000e+00 1.47215e-01 
1.29500e+02 0.00000e+00 0.00000e+00 0.00000e+00 1.48365e-01 
1.30000e+02 0.00000e+00 0.00000e+00 0.00000e+00 1.49478e-01 
1.30500e+02 0.00000e+00 0.00000e+00 0.00000e+00 1.50556e-01 
1.31000e+02 0.00000e+00 0.00000e+00 0.00000e+00 1.51598e-01 
1.31500e+02 0.00000e+00 0.00000e+00 0.00000e+00 1.52608e-01 
1.32000e+02 0.00000e+00 0.00000e+00 0.00000e+00 1.53585e-01 
1.32500e+02 0.00000e+00 0.00000e+00 0.00000e+00 1.54533e-01 
1.33000e+02 0.00000e+00 0.00000e+00 0.00000e+00 1.55451e-01 
1.33500e+02 0.00000e+00 0.00000e+00 0.00000e+00 1.56343e-01 
1.34000e+02 0.00000e+00 0.00000e+00 0.00000e+00 1.57209e-01 
1.34500e+02 0.00000e+00 0.00000e+00 0.00000e+00 1.58051e-01 
1.35000e+02 0.00000e+00 0.00000e+00 0.00000e+00 1.58871e-01 
1.35500e+02 0.00000e+00 0.00000e+00 0.00000e+00 1.59669e-01 
1.36000e+02 0.00000e+00 0.00000e+00 0.00000e+00 1.60448e-01 
1.36500e+02 0.00000e+00 0.00000e+00 0.00000e+00 1.61208e-01 
1.37000e+02 0.00000e+00 0.00000e+00 0.00000e+00 1.61950e-01 
1.37500e+02 0.00000e+00 0.00000e+00 0.00000e+00 1.62675e-01 
1.38000e+02 0.00000e+00 1.66854e-208 0.00000e+00 1.63385e-01 
1.38500e+02 0.00000e+00 1.38621e-120 0.00000e+00 1.64081e-01 
1.39000e+02 0.00000e+00 5.38905e-69 0.00000e+00 1.64762e-01 
1.39500e+02 0.00000e+00 2.20315e-39 0.00000e+00 1.65430e-01 
1.40000e+02 0.00000e+00 4.24081e-22 0.00000e+00 1.66086e-01 
1.40500e+02 0.00000e+00 7.03991e-12 0.00000e+00 1.66730e-01 
1.41000e+02 0.00000e+00 3.45684e-06 0.00000e+00 1.67363e-01 
1.41500e+02 0.00000e+00 2.49373e-03 0.00000e+00 1.67986e-01 
1.42000e+02 0.00000e+00 3.05570e-02 0.00000e+00 1.68599e-01 
1.42500e+02 0.00000e+00 4.80659e-02 0.00000e+00 1.69203e-01 
1.43000e+02 0.00000e+00 5.49340e-02 0.00000e+00 1.69799e-01 
1.43500e+02 0.00000e+00 5.97198e-02 0.00000e+00 1.70385e-01 
1.44000e+02 0.00000e+00 6.35509e-02 0.00000e+00 1.70962e-01 
1.44500e+02 0.00000e+00 6.65190e-02 0.00000e+00 1.71531e-01 
1.45000e+02 0.00000e+00 6.87776e-02 0.00000e+00 1.72092e-01 
1.45500e+02 0.00000e+00 7.05772e-02 0.00000e+00 1.72645e-01 
1.46000e+02 0.00000e+00 7.21242e-02 0.00000e+00 1.73190e-01 
1.46500e+02 0.00000e+00 7.35502e-02 0.00000e+00 1.73729e-01 
1.47000e+02 0.00000e+00 7.49395e-02 0.00000e+00 1.74261e-01 
1.47500e+02 0.00000e+00 7.63460e-02 0.00000e+00 1.74786e-01 
1.48000e+02 0.00000e+00 7.77963e-02 0.00000e+00 1.75304e-01 
1.48500e+02 0.00000e+00 7.92892e-02 0.00000e+00 1.75816e-01 
1.49000e+02 0.00000e+00 8.08008e-02 0.00000e+00 1.76322e-01 
1.49500e+02 0.00000e+00 8.22961e-02 0.00000e+00 1.76822e-01 
1.50000e+02 0.00000e+00 8.37403e-02 0.00000e+00 1.77316e-01 
1.50500e+02 0.00000e+00 8.51065e-02 0.00000e+00 1.77804e-01 
1.51000e+02 0.00000e+00 8.63785e-02 0.00000e+00 1.78287e-01 
1.51500e+02 0.00000e+00 8.75503e-02 0.00000e+00 1.78765e-01 
1.52000e+02 0.00000e+00 8.86227e-02 0.00000e+00 1.79237e-01 
1.52500e+02 0.00000e+00 8.96012e-02 0.00000e+00 1.79705e-01 
1.53000e+02 0.00000e+00 9.04950e-02 0.00000e+00 1.80167e-01 
1.53500e+02 0.00000e+00 9.13151e-02 0.00000e+00 1.80625e-01 
1.54000e+02 0.00000e+00 9.20733e-02 0.00000e+00 1.81078e-01 
1.54500e+02 0.00000e+00 9.27808e-02 0.00000e+00 1.81527e-01 
1.55000e+02 0.00000e+00 9.34475e-02 0.00000e+00 1.81972e-01 
1.55500e+02 0.00000e+00 9.40819e-02 0.00000e+00 1.82412e-01 
1.56000e+02 0.00000e+00 9.46912e-02 0.00000e+00 1.82849e-01 
1.56500e+02 0.00000e+00 9.52819e-02 0.00000e+00 1.83281e-01 
1.57000e+02 0.00000e+00 9.58592e-02 0.00000e+00 1.83709e-01 
1.57500e+02 0.00000e+00 9.64279e-02 0.00000e+00 1.84133e-01 
1.58000e+02 0.00000e+00 9.69919e-02 0.00000e+00 1.84553e-01 
1.58500e+02 0.00000e+00 9.75549e-02 0.00000e+00 1.84970e-01 
1.59000e+02 0.00000e+00 9.81198e-02 0.00000e+00 1.85383e-01 
1.59500e+02 0.00000e+00 9.86895e-02 0.00000e+00 1.85792e-01 
1.60000e+02 0.00000e+00 9.92664e-02 0.00000e+00 1.86198e-01 
1.60500e+02 0.00000e+00 9.98529e-02 0.00000e+00 1.86601e-01 
1.61000e+02 0.00000e+00 1.00452e-01 0.00000e+00 1.86999e-01 
1.61500e+02 0.00000e+00 1.01065e-01 0.00000e+00 1.87395e-01 
1.62000e+02 0.00000e+00 1.01695e-01 0.00000e+00 1.87787e-01 
1.62500e+02 0.00000e+00 1.02346e-01 0.00000e+00 1.88176e-01 
1.63000e+02 0.00000e+00 1.03020e-01 0.00000e+00 1.88561e-01 
1.63500e+02 0.00000e+00 1.03718e-01 0.00000e+00 1.88943e-01 
1.64000e+02 0.00000e+00 1.04442e-01 0.00000e+00 1.89322e-01 
1.64500e+02 0.00000e+00 1.05193e-01 0.00000e+00 1.89697e-01 
1.65000e+02 0.00000e+00 1.05971e-01 0.00000e+00 1.90068e-01 
1.65500e+02 0.00000e+00 1.06773e-01 0.00000e+00 1.90437e-01 
1.66000e+02 0.00000e+00 1.07598e-01 0.00000e+00 1.90802e-01 
1.66500e+02 0.00000e+00 1.08441e-01 0.00000e+00 1.91163e-01 
1.67000e+02 0.00000e+00 1.09295e-01 0.00000e+00 1.91522e-01 
1.67500e+02 0.00000e+00 1.10158e-01 0.00000e+00 1.91877e-01 
1.68000e+02 0.00000e+00 1.11024e-01 0.00000e+00 1.92229e-01 
1.68500e+02 0.00000e+00 1.11893e-01 0.00000e+00 1.92578e-01 
1.69000e+02 0.00000e+00 1.12762e-01 0.00000e+00 1.92924e-01 
1.69500e+02 0.00000e+00 1.13633e-01 0.00000e+00 1.93267e-01 
1.70000e+02 0.00000e+00 1.14507e-01 0.00000e+00 1.93606e-01 
1.70500e+02 0.00000e+00 1.15386e-01 0.00000e+00 1.93942e-01 
1.71000e+02 0.00000e+00 1.16272e-01 0.00000e+00 1.94275e-01 
1.71500e+02 3.48085e-270 1.17165e-01 0.00000e+00 1.94605e-01 
1.72000e+02 7.87561e-169 1.18065e-01 0.00000e+00 1.94931e-01 
1.72500e+02 7.94050e-103 1.18972e-01 0.00000e+00 1.95254e-01 
1.73000e+02 8.71377e-61 1.19884e-01 0.00000e+00 1.95573e-01 
1.73500e+02 8.88790e-35 1.20798e-01 0.00000e+00 1.95890e-01 
1.74000e+02 6.66549e-19 1.21714e-01 0.00000e+00 1.96203e-01 
1.74500e+02 1.49397e-09 1.22628e-01 0.00000e+00 1.96514e-01 
1.75000e+02 1.32362e-04 1.23538e-01 0.00000e+00 1.96821e-01 
1.75500e+02 1.57967e-02 1.24441e-01 0.00000e+00 1.97126e-01 
1.76000e+02 4.51993e-02 1.25337e-01 0.00000e+00 1.97428e-01 
1.76500e+02 5.35357e-02 1.26224e-01 0.00000e+00 1.97727e-01 
1.77000e+02 5.84046e-02 1.27099e-01 0.00000e+00 1.98023e-01 
1.77500e+02 6.24697e-02 1.27962e-01 0.00000e+00 1.98317e-01 
1.78000e+02 6.58075e-02 1.28813e-01 0.00000e+00 1.98608e-01 
1.78500e+02 6.85055e-02 1.29651e-01 0.00000e+00 1.98896e-01 
1.79000e+02 7.07566e-02 1.30475e-01 0.00000e+00 1.99182e-01 
1.79500e+02 7.26958e-02 1.31286e-01 0.00000e+00 1.99464e-01 
1.80000e+02 7.44008e-02 1.32084e-01 0.00000e+00 1.99745e-01 
1.80500e+02 7.59216e-02 1.32867e-01 0.00000e+00 2.00023e-01 
1.81000e+02 7.72933e-02 1.33637e-01 0.00000e+00 2.00298e-01 
1.81500e+02 7.85410e-02 1.34394e-01 0.00000e+00 2.00572e-01 
1.82000e+02 7.96839e-02 1.35137e-01 0.00000e+00 2.00843e-01 
1.82500e+02 8.07378e-02 1.35869e-01 0.00000e+00 2.01112e-01 
1.83000e+02 8.17170e-02 1.36588e-01 0.00000e+00 2.01379e-01 
1.83500e+02 8.26334e-02 1.37296e-01 0.00000e+00 2.01643e-01 
1.84000e+02 8.34973e-02 1.37994e-01 0.00000e+00 2.01904e-01 
1.84500e+02 8.43167e-02 1.38681e-01 0.00000e+00 2.02163e-01 
1.85000e+02 8.50979e-02 1.39359e-01 0.00000e+00 2.02419e-01 
1.85500e+02 8.58459e-02 1.40027e-01 0.00000e+00 2.02672e-01 
1.86000e+02 8.65643e-02 1.40686e-01 0.00000e+00 2.02923e-01 
1.86500e+02 8.72561e-02 1.41335e-01 0.00000e+00 2.03172e-01 
1.87000e+02 8.79234e-02 1.41976e-01 0.00000e+00 2.03417e-01 
1.87500e+02 8.85681e-02 1.42608e-01 0.00000e+00 2.03660e-01 
1.88000e+02 8.91916e-02 1.43232e-01 0.00000e+00 2.03899e-01 
1.88500e+02 8.97953e-02 1.43846e-01 0.00000e+00 2.04135e-01 
1.89000e+02 9.03804e-02 1.44453e-01 0.00000e+00 2.04367e-01 
1.89500e+02 9.09479e-02 1.45050e-01 0.00000e+00 2.04595e-01 
1.90000e+02 9.14990e-02 1.45640e-01 0.00000e+00 2.04819e-01 
1.90500e+02 9.20348e-02 1.46222e-01 0.00000e+00 2.05040e-01 
1.91000e+02 9.25567e-02 1.46797e-01 0.00000e+00 2.05257e-01 
1.91500e+02 9.30660e-02 1.47365e-01 0.00000e+00 2.05470e-01 
1.92000e+02 9.35641e-02 1.47927e-01 0.00000e+00 2.05678e-01 
1.92500e+02 9.40528e-02 1.48484e-01 0.00000e+00 2.05882e-01 
1.93000e+02 9.45334e-02 1.49037e-01 0.00000e+00 2.06081e-01 
1.93500e+02 9.50077e-02 1.49587e-01 0.00000e+00 2.06275e-01 
1.94000e+02 9.54773e-02 1.50135e-01 0.00000e+00 2.06463e-01 
1.94500e+02 9.59445e-02 1.50682e-01 0.00000e+00 2.06647e-01 
1.95000e+02 9.64124e-02 1.51232e-01 0.00000e+00 2.06824e-01 
1.95500e+02 9.68858e-02 1.51784e-01 0.00000e+00 2.06995e-01 
1.96000e+02 9.73708e-02 1.52342e-01 0.00000e+00 2.07162e-01 
1.96500e+02 9.78744e-02 1.52908e-01 0.00000e+00 2.07325e-01 
1.97000e+02 9.84050e-02 1.53484e-01 0.00000e+00 2.07486e-01 
1.97500e+02 9.89726e-02 1.54072e-01 0.00000e+00 2.07646e-01 
1.98000e+02 9.95910e-02 1.54674e-01 0.00000e+00 2.07802e-01 
1.98500e+02 1.00283e-01 1.55294e-01 0.00000e+00 2.07955e-01 
1.99000e+02 1.01091e-01 1.55932e-01 0.00000e+00 2.08107e-01 
1.99500e+02 1.02097e-01 1.56589e-01 0.00000e+00 2.08256e-01 
2.00000e+02 1.03445e-01 1.57268e-01 0.00000e+00 2.08401e-01 
2.00500e+02 1.05335e-01 1.57967e-01 0.00000e+00 2.08542e-01 
2.01000e+02 1.07903e-01 1.58686e-01 0.00000e+00 2.08680e-01 
2.01500e+02 1.11057e-01 1.59424e-01 0.00000e+00 2.08808e-01 
2.02000e+02 1.14474e-01 1.60177e-01 0.00000e+00 2.08925e-01 
2.02500e+02 1.17792e-01 1.60944e-01 0.00000e+00 2.09031e-01 
2.03000e+02 1.20778e-01 1.61722e-01 0.00000e+00 2.09139e-01 
2.03500e+02 1.23367e-01 1.62506e-01 0.00000e+00 2.09313e-01 
2.04000e+02 1.25588e-01 1.63295e-01 0.00000e+00 2.09741e-01 
2.04500e+02 1.27501e-01 1.64084e-01 0.00000e+00 2.10804e-01 
2.05000e+02 1.29170e-01 1.64870e-01 0.00000e+00 2.13209e-01 
2.05500e+02 1.30648e-01 1.65650e-01 0.00000e+00 2.16597e-01 
2.06000e+02 1.31982e-01 1.66423e-01 0.00000e+00 2.19492e-01 
2.06500e+02 1.33205e-01 1.67186e-01 0.00000e+00 2.21492e-01 
2.07000e+02 1.34340e-01 1.67939e-01 0.00000e+00 2.22874e-01 
2.07500e+02 1.35407e-01 1.68682e-01 0.00000e+00 2.23924e-01 
2.08000e+02 1.36417e-01 1.69414e-01 0.00000e+00 2.24812e-01 
2.08500e+02 1.37381e-01 1.70134e-01 0.00000e+00 2.25623e-01 
2.09000e+02 1.38308e-01 1.70843e-01 0.00000e+00 2.26394e-01 
2.09500e+02 1.39204e-01 1.71540e-01 0.00000e+00 2.27137e-01 
2.10000e+02 1.40076e-01 1.72224e-01 0.00000e+00 2.27849e-01 
2.10500e+02 1.40928e-01 1.72897e-01 0.00000e+00 2.28527e-01 
2.11000e+02 1.41764e-01 1.73558e-01 0.00000e+00 2.29167e-01 
2.11500e+02 1.42586e-01 1.74207e-01 0.00000e+00 2.29769e-01 
2.12000e+02 1.43397e-01 1.74845e-01 0.00000e+00 2.30337e-01 
2.12500e+02 1.44196e-01 1.75472e-01 0.00000e+00 2.30876e-01 
2.13000e+02 1.44984e-01 1.76090e-01 0.00000e+00 2.31393e-01 
2.13500e+02 1.45761e-01 1.76699e-01 0.00000e+00 2.31896e-01 
2.14000e+02 1.46527e-01 1.77299e-01 0.00000e+00 2.32390e-01 
2.14500e+02 1.47281e-01 1.77893e-01 0.00000e+00 2.32882e-01 
2.15000e+02 1.48023e-01 1.78481e-01 0.00000e+00 2.33377e-01 
2.15500e+02 1.48754e-01 1.79063e-01 0.00000e+00 2.33877e-01 
2.16000e+02 1.49475e-01 1.79641e-01 0.00000e+00 2.34383e-01 
2.16500e+02 1.50186e-01 1.80215e-01 0.00000e+00 2.34895e-01 
2.17000e+02 1.50887e-01 1.80785e-01 0.00000e+00 2.35412e-01 
2.17500e+02 1.51580e-01 1.81351e-01 0.00000e+00 2.35930e-01 
2.18000e+02 1.52266e-01 1.81914e-01 0.00000e+00 2.36446e-01 
2.18500e+02 1.52945e-01 1.82472e-01 0.00000e+00 2.36957e-01 
2.19000e+02 1.53617e-01 1.83026e-01 0.00000e+00 2.37460e-01 
2.19500e+02 1.54284e-01 1.83576e-01 0.00000e+00 2.37952e-01 
2.20000e+02 1.54946e-01 1.84120e-01 0.00000e+00 2.38432e-01 
2.20500e+02 1.55602e-01 1.84658e-01 0.00000e+00 2.38899e-01 
2.21000e+02 1.56254e-01 1.85191e-01 0.00000e+00 2.39354e-01 
2.21500e+02 1.56901e-01 1.85717e-01 0.00000e+00 2.39795e-01 
2.22000e+02 1.57543e-01 1.86237e-01 0.00000e+00 2.40224e-01 
2.22500e+02 1.58180e-01 1.86750e-01 0.00000e+00 2.40641e-01 
2.23000e+02 1.58811e-01 1.87257e-01 0.00000e+00 2.41048e-01 
2.23500e+02 1.59437e-01 1.87759e-01 0.00000e+00 2.41445e-01 
2.24000e+02 1.60056e-01 1.88254e-01 0.00000e+00 2.41833e-01 
2.24500e+02 1.60669e-01 1.88743e-01 0.00000e+00 2.42213e-01 
2.25000e+02 1.61276e-01 1.89228e-01 0.00000e+00 2.42587e-01 
2.25500e+02 1.61875e-01 1.89707e-01 0.00000e+00 2.42953e-01 
2.26000e+02 1.62467e-01 1.90181e-01 0.00000e+00 2.43315e-01 
2.26500e+02 1.63051e-01 1.90650e-01 0.00000e+00 2.43671e-01 
2.27000e+02 1.63627e-01 1.91115e-01 0.00000e+00 2.44022e-01 
2.27500e+02 1.64196e-01 1.91575e-01 0.00000e+00 2.44370e-01 
2.28000e+02 1.64757e-01 1.92030e-01 0.00000e+00 2.44714e-01 
2.28500e+02 1.65309e-01 1.92482e-01 0.00000e+00 2.45055e-01 
2.29000e+02 1.65854e-01 1.92928e-01 0.00000e+00 2.45393e-01 
2.29500e+02 1.66391e-01 1.93371e-01 0.00000e+00 2.45728e-01 
2.30000e+02 1.66920e-01 1.93809e-01 0.00000e+00 2.46062e-01 
2.30500e+02 1.67441e-01 1.94244e-01 0.00000e+00 2.46393e-01 
2.31000e+02 1.67955e-01 1.94674e-01 0.00000e+00 2.46723e-01 
2.31500e+02 1.68461e-01 1.95100e-01 0.00000e+00 2.47051e-01 
2.32000e+02 1.68960e-01 1.95521e-01 0.00000e+00 2.47378e-01 
2.32500e+02 1.69451e-01 1.95938e-01 0.00000e+00 2.47704e-01 
2.33000e+02 1.69936e-01 1.96351e-01 0.00000e+00 2.48029e-01 
2.33500e+02 1.70413e-01 1.96758e-01 0.00000e+00 2.48354e-01 
2.34000e+02 1.70884e-01 1.97161e-01 0.00000e+00 2.48678e-01 
2.34500e+02 1.71349e-01 1.97559e-01 0.00000e+00 2.49002e-01 
2.35000e+02 1.71807e-01 1.97952e-01 0.00000e+00 2.49325e-01 
2.35500e+02 1.72259e-01 1.98340e-01 0.00000e+00 2.49649e-01 
2.36000e+02 1.72705e-01 1.98723e-01 0.00000e+00 2.49972e-01 
2.36500e+02 1.73145e-01 1.99101e-01 0.00000e+00 2.50295e-01 
2.37000e+02 1.73580e-01 1.99475e-01 0.00000e+00 2.50618e-01 
2.37500e+02 1.74010e-01 1.99843e-01 0.00000e+00 2.50942e-01 
2.38000e+02 1.74434e-01 2.00207e-01 0.00000e+00 2.51265e-01 
2.38500e+02 1.74853e-01 2.00567e-01 0.00000e+00 2.51589e-01 
2.39000e+02 1.75268e-01 2.00922e-01 0.00000e+00 2.51912e-01 
2.39500e+02 1.75679e-01 2.01274e-01 0.00000e+00 2.52236e-01 
2.40000e+02 1.76084e-01 2.01622e-01 0.00000e+00 2.52560e-01 
