0.00000e+00 0.00000e+00 0.00000e+00 0.00000e+00 0.00000e+00 
5.00000e-01 0.00000e+00 0.00000e+00 0.00000e+00 0.00000e+00 
1.00000e+00 0.00000e+00 0.00000e+00 0.00000e+00 0.00000e+00 
1.50000e+00 0.00000e+00 0.00000e+00 0.00000e+00 0.00000e+00 
2.00000e+00 0.00000e+00 0.00000e+00 0.00000e+00 0.00000e+00 
2.50000e+00 0.00000e+00 0.00000e+00 0.00000e+00 0.00000e+00 
3.00000e+00 0.00000e+00 0.00000e+00 0.00000e+00 0.00000e+00 
3.50000e+00 0.00000e+00 0.00000e+00 0.00000e+00 0.00000e+00 
4.00000e+00 0.00000e+00 0.00000e+00 0.00000e+00 0.00000e+00 
4.50000e+00 0.00000e+00 0.00000e+00 0.00000e+00 0.00000e+00 
5.00000e+00 0.00000e+00 0.00000e+00 0.00000e+00 0.00000e+00 
5.50000e+00 0.00000e+00 0.00000e+00 0.00000e+00 0.00000e+00 
6.00000e+00 0.00000e+00 0.00000e+00 0.00000e+00 0.00000e+00 
6.50000e+00 0.00000e+00 0.00000e+00 0.00000e+00 0.00000e+00 
7.00000e+00 0.00000e+00 0.00000e+00 0.00000e+00 0.00000e+00 
7.50000e+00 0.00000e+00 0.00000e+00 0.00000e+00 0.00000e+00 
8.00000e+00 0.00000e+00 0.00000e+00 0.00000e+00 0.00000e+00 
8.50000e+00 0.00000e+00 0.00000e+00 0.00000e+00 0.00000e+00 
9.00000e+00 0.00000e+00 0.00000e+00 0.00000e+00 0.00000e+00 
9.50000e+00 0.00000e+00 0.00000e+00 0.00000e+00 0.00000e+00 
1.00000e+01 0.00000e+00 0.00000e+00 0.00000e+00 0.00000e+00 
1.05000e+01 0.00000e+00 0.00000e+00 0.00000e+00 0.00000e+00 
1.10000e+01 0.00000e+00 0.00000e+00 0.00000e+00 0.00000e+00 
1.15000e+01 0.00000e+00 0.00000e+00 0.00000e+00 0.00000e+00 
1.20000e+01 0.00000e+00 0.00000e+00 0.00000e+00 0.00000e+00 
1.25000e+01 0.00000e+00 0.00000e+00 0.00000e+00 0.00000e+00 
1.30000e+01 0.00000e+00 0.00000e+00 0.00000e+00 0.00000e+00 
1.35000e+01 0.00000e+00 0.00000e+00 0.00000e+00 0.00000e+00 
1.40000e+01 0.00000e+00 0.00000e+00 0.00000e+00 0.00000e+00 
1.45000e+01 0.00000e+00 0.00000e+00 0.00000e+00 0.00000e+00 
1.50000e+01 0.00000e+00 0.00000e+00 0.00000e+00 0.00000e+00 
1.55000e+01 0.00000e+00 0.00000e+00 0.00000e+00 0.00000e+00 
1.60000e+01 0.00000e+00 0.00000e+00 0.00000e+00 0.00000e+00 
1.65000e+01 0.00000e+00 0.00000e+00 0.00000e+00 0.00000e+00 
1.70000e+01 0.00000e+00 0.00000e+00 0.00000e+00 0.00000e+00 
1.75000e+01 0.00000e+00 0.00000e+00 0.00000e+00 0.00000e+00 
1.80000e+01 0.00000e+00 0.00000e+00 0.00000e+00 0.00000e+00 
1.85000e+01 0.00000e+00 0.00000e+00 0.00000e+00 0.00000e+00 
1.90000e+01 0.00000e+00 0.00000e+00 0.00000e+00 0.00000e+00 
1.95000e+01 0.00000e+00 0.00000e+00 0.00000e+00 0.00000e+00 
2.00000e+01 0.00000e+00 0.00000e+00 0.00000e+00 0.00000e+00 
2.05000e+01 0.00000e+00 0.00000e+00 0.00000e+00 0.00000e+00 
2.10000e+01 0.00000e+00 0.00000e+00 0.00000e+00 0.00000e+00 
2.15000e+01 0.00000e+00 0.00000e+00 0.00000e+00 0.00000e+00 
2.20000e+01 0.00000e+00 0.00000e+00 0.00000e+00 0.00000e+00 
2.25000e+01 0.00000e+00 0.00000e+00 0.00000e+00 0.00000e+00 
2.30000e+01 0.00000e+00 0.00000e+00 0.00000e+00 0.00000e+00 
2.35000e+01 0.00000e+00 0.00000e+00 0.00000e+00 0.00000e+00 
2.40000e+01 0.00000e+00 0.00000e+00 0.00000e+00 0.00000e+00 
2.45000e+01 0.00000e+00 0.00000e+00 0.00000e+00 0.00000e+00 
2.50000e+01 0.00000e+00 0.00000e+00 0.00000e+00 0.00000e+00 
2.55000e+01 0.00000e+00 0.00000e+00 0.00000e+00 0.00000e+00 
2.60000e+01 0.00000e+00 0.00000e+00 0.00000e+00 0.00000e+00 
2.65000e+01 0.00000e+00 0.00000e+00 0.00000e+00 0.00000e+00 
2.70000e+01 0.00000e+00 0.00000e+00 0.00000e+00 0.00000e+00 
2.75000e+01 0.00000e+00 0.00000e+00 0.00000e+00 0.00000e+00 
2.80000e+01 0.00000e+00 0.00000e+00 0.00000e+00 0.00000e+00 
2.85000e+01 0.00000e+00 0.00000e+00 0.00000e+00 0.00000e+00 
2.90000e+01 0.00000e+00 0.00000e+00 0.00000e+00 0.00000e+00 
2.95000e+01 0.00000e+00 0.00000e+00 0.00000e+00 0.00000e+00 
3.00000e+01 0.00000e+00 0.00000e+00 0.00000e+00 0.00000e+00 
3.05000e+01 0.00000e+00 0.00000e+00 0.00000e+00 0.00000e+00 
3.10000e+01 0.00000e+00 0.00000e+00 0.00000e+00 0.00000e+00 
3.15000e+01 0.00000e+00 0.00000e+00 0.00000e+00 0.00000e+00 
3.20000e+01 0.00000e+00 0.00000e+00 0.00000e+00 0.00000e+00 
3.25000e+01 0.00000e+00 0.00000e+00 0.00000e+00 0.00000e+00 
3.30000e+01 0.00000e+00 0.00000e+00 0.00000e+00 0.00000e+00 
3.35000e+01 0.00000e+00 0.00000e+00 0.00000e+00 0.00000e+00 
3.40000e+01 0.00000e+00 0.00000e+00 0.00000e+00 0.00000e+00 
3.45000e+01 0.00000e+00 0.00000e+00 0.00000e+00 0.00000e+00 
3.50000e+01 0.00000e+00 0.00000e+00 0.00000e+00 0.00000e+00 
3.55000e+01 0.00000e+00 0.00000e+00 0.00000e+00 0.00000e+00 
3.60000e+01 0.00000e+00 0.00000e+00 0.00000e+00 0.00000e+00 
3.65000e+01 0.00000e+00 0.00000e+00 0.00000e+00 0.00000e+00 
3.70000e+01 0.00000e+00 0.00000e+00 0.00000e+00 0.00000e+00 
3.75000e+01 0.00000e+00 0.00000e+00 0.00000e+00 0.00000e+00 
3.80000e+01 0.00000e+00 0.00000e+00 0.00000e+00 0.00000e+00 
3.85000e+01 0.00000e+00 0.00000e+00 0.00000e+00 0.00000e+00 
3.90000e+01 0.00000e+00 0.00000e+00 0.00000e+00 0.00000e+00 
3.95000e+01 0.00000e+00 0.00000e+00 0.00000e+00 0.00000e+00 
4.00000e+01 0.00000e+00 0.00000e+00 0.00000e+00 0.00000e+00 
4.05000e+01 0.00000e+00 0.00000e+00 0.00000e+00 0.00000e+00 
4.10000e+01 0.00000e+00 0.00000e+00 0.00000e+00 0.00000e+00 
4.15000e+01 0.00000e+00 0.00000e+00 0.00000e+00 0.00000e+00 
4.20000e+01 0.00000e+00 0.00000e+00 0.00000e+00 0.00000e+00 
4.25000e+01 0.00000e+00 0.00000e+00 0.00000e+00 0.00000e+00 
4.30000e+01 0.00000e+00 0.00000e+00 0.00000e+00 0.00000e+00 
4.35000e+01 0.00000e+00 0.00000e+00 0.00000e+00 0.00000e+00 
4.40000e+01 0.00000e+00 0.00000e+00 0.00000e+00 0.00000e+00 
4.45000e+01 0.00000e+00 0.00000e+00 0.00000e+00 0.00000e+00 
4.50000e+01 0.00000e+00 0.00000e+00 0.00000e+00 0.00000e+00 
4.55000e+01 0.00000e+00 0.00000e+00 0.00000e+00 0.00000e+00 
4.60000e+01 0.00000e+00 0.00000e+00 0.00000e+00 0.00000e+00 
4.65000e+01 0.00000e+00 0.00000e+00 0.00000e+00 0.00000e+00 
4.70000e+01 0.00000e+00 0.00000e+00 0.00000e+00 0.00000e+00 
4.75000e+01 0.00000e+00 0.00000e+00 0.00000e+00 0.00000e+00 
4.80000e+01 0.00000e+00 0.00000e+00 0.00000e+00 0.00000e+00 
4.85000e+01 0.00000e+00 0.00000e+00 0.00000e+00 0.00000e+00 
4.90000e+01 0.00000e+00 0.00000e+00 0.00000e+00 0.00000e+00 
4.95000e+01 0.00000e+00 0.00000e+00 0.00000e+00 0.00000e+00 
5.00000e+01 0.00000e+00 0.00000e+00 0.00000e+00 0.00000e+00 
5.05000e+01 0.00000e+00 0.00000e+00 0.00000e+00 0.00000e+00 
5.10000e+01 0.00000e+00 0.00000e+00 0.00000e+00 0.00000e+00 
5.15000e+01 0.00000e+00 0.00000e+00 0.00000e+00 0.00000e+00 
5.20000e+01 0.00000e+00 0.00000e+00 0.00000e+00 0.00000e+00 
5.25000e+01 0.00000e+00 0.00000e+00 0.00000e+00 0.00000e+00 
5.30000e+01 0.00000e+00 0.00000e+00 0.00000e+00 0.00000e+00 
5.35000e+01 0.00000e+00 0.00000e+00 0.00000e+00 0.00000e+00 
5.40000e+01 0.00000e+00 0.00000e+00 0.00000e+00 0.00000e+00 
5.45000e+01 0.00000e+00 0.00000e+00 0.00000e+00 0.00000e+00 
5.50000e+01 0.00000e+00 0.00000e+00 0.00000e+00 0.00000e+00 
5.55000e+01 0.00000e+00 0.00000e+00 0.00000e+00 0.00000e+00 
5.60000e+01 0.00000e+00 0.00000e+00 0.00000e+00 0.00000e+00 
5.65000e+01 0.00000e+00 0.00000e+00 0.00000e+00 0.00000e+00 
5.70000e+01 0.00000e+00 0.00000e+00 0.00000e+00 0.00000e+00 
5.75000e+01 0.00000e+00 0.00000e+00 0.00000e+00 0.00000e+00 
5.80000e+01 0.00000e+00 0.00000e+00 0.00000e+00 0.00000e+00 
5.85000e+01 0.00000e+00 0.00000e+00 0.00000e+00 0.00000e+00 
5.90000e+01 0.00000e+00 0.00000e+00 0.00000e+00 0.00000e+00 
5.95000e+01 0.00000e+00 0.00000e+00 0.00000e+00 0.00000e+00 
6.00000e+01 0.00000e+00 0.00000e+00 0.00000e+00 0.00000e+00 
6.05000e+01 0.00000e+00 0.00000e+00 0.00000e+00 0.00000e+00 
6.10000e+01 0.00000e+00 0.00000e+00 0.00000e+00 0.00000e+00 
6.15000e+01 0.00000e+00 0.00000e+00 0.00000e+00 0.00000e+00 
6.20000e+01 0.00000e+00 0.00000e+00 0.00000e+00 0.00000e+00 
6.25000e+01 0.00000e+00 0.00000e+00 0.00000e+00 0.00000e+00 
6.30000e+01 0.00000e+00 0.00000e+00 0.00000e+00 0.00000e+00 
6.35000e+01 0.00000e+00 0.00000e+00 0.00000e+00 0.00000e+00 
6.40000e+01 0.00000e+00 0.00000e+00 0.00000e+00 0.00000e+00 
6.45000e+01 0.00000e+00 0.00000e+00 0.00000e+00 0.00000e+00 
6.50000e+01 0.00000e+00 0.00000e+00 0.00000e+00 0.00000e+00 
6.55000e+01 0.00000e+00 0.00000e+00 0.00000e+00 0.00000e+00 
6.60000e+01 0.00000e+00 0.00000e+00 0.00000e+00 0.00000e+00 
6.65000e+01 0.00000e+00 0.00000e+00 0.00000e+00 0.00000e+00 
6.70000e+01 0.00000e+00 0.00000e+00 0.00000e+00 0.00000e+00 
6.75000e+01 0.00000e+00 0.00000e+00 0.00000e+00 0.00000e+00 
6.80000e+01 0.00000e+00 0.00000e+00 0.00000e+00 0.00000e+00 
6.85000e+01 0.00000e+00 0.00000e+00 0.00000e+00 0.00000e+00 
6.90000e+01 0.00000e+00 0.00000e+00 0.00000e+00 0.00000e+00 
6.95000e+01 0.00000e+00 0.00000e+00 0.00000e+00 0.00000e+00 
7.00000e+01 0.00000e+00 0.00000e+00 0.00000e+00 0.00000e+00 
7.05000e+01 0.00000e+00 0.00000e+00 0.00000e+00 0.00000e+00 
7.10000e+01 0.00000e+00 0.00000e+00 0.00000e+00 0.00000e+00 
7.15000e+01 0.00000e+00 0.00000e+00 0.00000e+00 0.00000e+00 
7.20000e+01 0.00000e+00 0.00000e+00 0.00000e+00 0.00000e+00 
7.25000e+01 0.00000e+00 0.00000e+00 0.00000e+00 0.00000e+00 
7.30000e+01 0.00000e+00 0.00000e+00 0.00000e+00 0.00000e+00 
7.35000e+01 0.00000e+00 0.00000e+00 0.00000e+00 0.00000e+00 
7.40000e+01 0.00000e+00 0.00000e+00 0.00000e+00 0.00000e+00 
7.45000e+01 0.00000e+00 0.00000e+00 0.00000e+00 0.00000e+00 
7.50000e+01 0.00000e+00 0.00000e+00 0.00000e+00 0.00000e+00 
7.55000e+01 0.00000e+00 0.00000e+00 0.00000e+00 0.00000e+00 
7.60000e+01 0.00000e+00 0.00000e+00 0.00000e+00 0.00000e+00 
7.65000e+01 0.00000e+00 0.00000e+00 0.00000e+00 0.00000e+00 
7.70000e+01 0.00000e+00 0.00000e+00 0.00000e+00 0.00000e+00 
7.75000e+01 0.00000e+00 0.00000e+00 0.00000e+00 0.00000e+00 
7.80000e+01 0.00000e+00 0.00000e+00 0.00000e+00 0.00000e+00 
7.85000e+01 0.00000e+00 0.00000e+00 0.00000e+00 0.00000e+00 
7.90000e+01 0.00000e+00 0.00000e+00 0.00000e+00 0.00000e+00 
7.95000e+01 0.00000e+00 0.00000e+00 0.00000e+00 0.00000e+00 
8.00000e+01 0.00000e+00 0.00000e+00 0.00000e+00 0.00000e+00 
8.05000e+01 0.00000e+00 0.00000e+00 0.00000e+00 0.00000e+00 
8.10000e+01 0.00000e+00 0.00000e+00 0.00000e+00 0.00000e+00 
8.15000e+01 0.00000e+00 0.00000e+00 0.00000e+00 0.00000e+00 
8.20000e+01 0.00000e+00 0.00000e+00 0.00000e+00 0.00000e+00 
8.25000e+01 0.00000e+00 0.00000e+00 0.00000e+00 0.00000e+00 
8.30000e+01 0.00000e+00 0.00000e+00 0.00000e+00 0.00000e+00 
8.35000e+01 0.00000e+00 0.00000e+00 0.00000e+00 0.00000e+00 
8.40000e+01 0.00000e+00 0.00000e+00 0.00000e+00 0.00000e+00 
8.45000e+01 0.00000e+00 0.00000e+00 0.00000e+00 0.00000e+00 
8.50000e+01 0.00000e+00 0.00000e+00 0.00000e+00 0.00000e+00 
8.55000e+01 0.00000e+00 0.00000e+00 0.00000e+00 0.00000e+00 
8.60000e+01 0.00000e+00 0.00000e+00 0.00000e+00 0.00000e+00 
8.65000e+01 0.00000e+00 0.00000e+00 0.00000e+00 0.00000e+00 
8.70000e+01 0.00000e+00 0.00000e+00 0.00000e+00 0.00000e+00 
8.75000e+01 0.00000e+00 0.00000e+00 0.00000e+00 0.00000e+00 
8.80000e+01 0.00000e+00 0.00000e+00 0.00000e+00 0.00000e+00 
8.85000e+01 0.00000e+00 0.00000e+00 0.00000e+00 0.00000e+00 
8.90000e+01 0.00000e+00 0.00000e+00 0.00000e+00 0.00000e+00 
8.95000e+01 0.00000e+00 0.00000e+00 0.00000e+00 0.00000e+00 
9.00000e+01 0.00000e+00 0.00000e+00 0.00000e+00 0.00000e+00 
9.05000e+01 0.00000e+00 0.00000e+00 0.00000e+00 0.00000e+00 
9.10000e+01 0.00000e+00 0.00000e+00 0.00000e+00 0.00000e+00 
9.15000e+01 0.00000e+00 0.00000e+00 0.00000e+00 0.00000e+00 
9.20000e+01 0.00000e+00 0.00000e+00 0.00000e+00 0.00000e+00 
9.25000e+01 0.00000e+00 0.00000e+00 0.00000e+00 0.00000e+00 
9.30000e+01 0.00000e+00 0.00000e+00 0.00000e+00 0.00000e+00 
9.35000e+01 0.00000e+00 0.00000e+00 0.00000e+00 0.00000e+00 
9.40000e+01 0.00000e+00 0.00000e+00 0.00000e+00 0.00000e+00 
9.45000e+01 0.00000e+00 0.00000e+00 0.00000e+00 0.00000e+00 
9.50000e+01 0.00000e+00 0.00000e+00 0.00000e+00 0.00000e+00 
9.55000e+01 0.00000e+00 0.00000e+00 0.00000e+00 0.00000e+00 
9.60000e+01 0.00000e+00 0.00000e+00 0.00000e+00 0.00000e+00 
9.65000e+01 0.00000e+00 0.00000e+00 0.00000e+00 0.00000e+00 
9.70000e+01 0.00000e+00 0.00000e+00 0.00000e+00 0.00000e+00 
9.75000e+01 0.00000e+00 0.00000e+00 0.00000e+00 0.00000e+00 
9.80000e+01 0.00000e+00 0.00000e+00 0.00000e+00 0.00000e+00 
9.85000e+01 0.00000e+00 0.00000e+00 0.00000e+00 0.00000e+00 
9.90000e+01 0.00000e+00 0.00000e+00 0.00000e+00 0.00000e+00 
9.95000e+01 0.00000e+00 0.00000e+00 0.00000e+00 0.00000e+00 
1.00000e+02 0.00000e+00 0.00000e+00 0.00000e+00 0.00000e+00 
1.00500e+02 0.00000e+00 0.00000e+00 0.00000e+00 0.00000e+00 
1.01000e+02 0.00000e+00 0.00000e+00 0.00000e+00 0.00000e+00 
1.01500e+02 0.00000e+00 0.00000e+00 0.00000e+00 0.00000e+00 
1.02000e+02 0.00000e+00 0.00000e+00 0.00000e+00 0.00000e+00 
1.02500e+02 0.00000e+00 0.00000e+00 0.00000e+00 0.00000e+00 
1.03000e+02 0.00000e+00 0.00000e+00 0.00000e+00 0.00000e+00 
1.03500e+02 0.00000e+00 0.00000e+00 0.00000e+00 0.00000e+00 
1.04000e+02 0.00000e+00 0.00000e+00 0.00000e+00 0.00000e+00 
1.04500e+02 0.00000e+00 0.00000e+00 0.00000e+00 0.00000e+00 
1.05000e+02 0.00000e+00 0.00000e+00 0.00000e+00 0.00000e+00 
1.05500e+02 0.00000e+00 0.00000e+00 0.00000e+00 0.00000e+00 
1.06000e+02 0.00000e+00 0.00000e+00 0.00000e+00 0.00000e+00 
1.06500e+02 0.00000e+00 0.00000e+00 0.00000e+00 0.00000e+00 
1.07000e+02 0.00000e+00 0.00000e+00 0.00000e+00 0.00000e+00 
1.07500e+02 0.00000e+00 0.00000e+00 0.00000e+00 0.00000e+00 
1.08000e+02 0.00000e+00 0.00000e+00 0.00000e+00 0.00000e+00 
1.08500e+02 0.00000e+00 0.00000e+00 0.00000e+00 0.00000e+00 
1.09000e+02 0.00000e+00 0.00000e+00 0.00000e+00 0.00000e+00 
1.09500e+02 0.00000e+00 0.00000e+00 0.00000e+00 0.00000e+00 
1.10000e+02 0.00000e+00 0.00000e+00 0.00000e+00 0.00000e+00 
1.10500e+02 0.00000e+00 0.00000e+00 0.00000e+00 0.00000e+00 
1.11000e+02 0.00000e+00 0.00000e+00 0.00000e+00 0.00000e+00 
1.11500e+02 0.00000e+00 0.00000e+00 0.00000e+00 0.00000e+00 
1.12000e+02 0.00000e+00 0.00000e+00 0.00000e+00 0.00000e+00 
1.12500e+02 0.00000e+00 0.00000e+00 0.00000e+00 0.00000e+00 
1.13000e+02 0.00000e+00 0.00000e+00 0.00000e+00 0.00000e+00 
1.13500e+02 0.00000e+00 0.00000e+00 0.00000e+00 0.00000e+00 
1.14000e+02 0.00000e+00 0.00000e+00 0.00000e+00 0.00000e+00 
1.14500e+02 0.00000e+00 0.00000e+00 0.00000e+00 0.00000e+00 
1.15000e+02 0.00000e+00 6.61064e-181 0.00000e+00 0.00000e+00 
1.15500e+02 0.00000e+00 1.19321e-75 0.00000e+00 0.00000e+00 
1.16000e+02 0.00000e+00 7.43739e-30 0.00000e+00 0.00000e+00 
1.16500e+02 0.00000e+00 5.58407e-13 0.00000e+00 9.66799e-296 
1.17000e+02 0.00000e+00 5.60038e-05 0.00000e+00 3.98360e-123 
1.17500e+02 0.00000e+00 2.98544e-02 0.00000e+00 7.88414e-50 
1.18000e+02 0.00000e+00 6.61921e-02 0.00000e+00 3.62005e-19 
1.18500e+02 0.00000e+00 7.60078e-02 0.00000e+00 6.11317e-07 
1.19000e+02 0.00000e+00 8.17225e-02 0.00000e+00 1.49401e-02 
1.19500e+02 0.00000e+00 8.60518e-02 0.00000e+00 6.35537e-02 
1.20000e+02 0.00000e+00 8.96740e-02 0.00000e+00 7.46857e-02 
1.20500e+02 0.00000e+00 9.28461e-02 0.00000e+00 8.06670e-02 
1.21000e+02 0.00000e+00 9.57127e-02 0.00000e+00 8.50099e-02 
1.21500e+02 0.00000e+00 9.83196e-02 0.00000e+00 8.85635e-02 
1.22000e+02 0.00000e+00 1.00682e-01 0.00000e+00 9.16492e-02 
1.22500e+02 0.00000e+00 1.02834e-01 0.00000e+00 9.44153e-02 
1.23000e+02 0.00000e+00 1.04826e-01 0.00000e+00 9.69397e-02 
1.23500e+02 0.00000e+00 1.06700e-01 0.00000e+00 9.92691e-02 
1.24000e+02 0.00000e+00 1.08487e-01 0.00000e+00 1.01436e-01 
1.24500e+02 0.00000e+00 1.10204e-01 0.00000e+00 1.03467e-01 
1.25000e+02 0.00000e+00 1.11861e-01 0.00000e+00 1.05388e-01 
1.25500e+02 0.00000e+00 1.13464e-01 0.00000e+00 1.07228e-01 
1.26000e+02 0.00000e+00 1.15016e-01 0.00000e+00 1.09025e-01 
1.26500e+02 0.00000e+00 1.16521e-01 0.00000e+00 1.10823e-01 
1.27000e+02 0.00000e+00 1.17983e-01 0.00000e+00 1.12658e-01 
1.27500e+02 0.00000e+00 1.19403e-01 0.00000e+00 1.14544e-01 
1.28000e+02 0.00000e+00 1.20784e-01 0.00000e+00 1.16456e-01 
1.28500e+02 0.00000e+00 1.22125e-01 0.00000e+00 1.18351e-01 
1.29000e+02 0.00000e+00 1.23424e-01 0.00000e+00 1.20184e-01 
1.29500e+02 0.00000e+00 1.24680e-01 0.00000e+00 1.21930e-01 
1.30000e+02 0.00000e+00 1.25892e-01 0.00000e+00 1.23584e-01 
1.30500e+02 0.00000e+00 1.27059e-01 0.00000e+00 1.25154e-01 
1.31000e+02 0.00000e+00 1.28181e-01 0.00000e+00 1.26660e-01 
1.31500e+02 0.00000e+00 1.29260e-01 0.00000e+00 1.28125e-01 
1.32000e+02 0.00000e+00 1.30299e-01 0.00000e+00 1.29574e-01 
1.32500e+02 0.00000e+00 1.31302e-01 0.00000e+00 1.31020e-01 
1.33000e+02 0.00000e+00 1.32274e-01 0.00000e+00 1.32475e-01 
1.33500e+02 0.00000e+00 1.33219e-01 0.00000e+00 1.33962e-01 
1.34000e+02 0.00000e+00 1.34142e-01 0.00000e+00 1.35520e-01 
1.34500e+02 0.00000e+00 1.35050e-01 0.00000e+00 1.37178e-01 
1.35000e+02 0.00000e+00 1.35948e-01 0.00000e+00 1.38900e-01 
1.35500e+02 0.00000e+00 1.36838e-01 0.00000e+00 1.40600e-01 
1.36000e+02 0.00000e+00 1.37726e-01 0.00000e+00 1.42203e-01 
1.36500e+02 0.00000e+00 1.38615e-01 0.00000e+00 1.43682e-01 
1.37000e+02 0.00000e+00 1.39506e-01 0.00000e+00 1.45042e-01 
1.37500e+02 0.00000e+00 1.40402e-01 0.00000e+00 1.46306e-01 
1.38000e+02 0.00000e+00 1.41303e-01 0.00000e+00 1.47495e-01 
1.38500e+02 0.00000e+00 1.42210e-01 0.00000e+00 1.48629e-01 
1.39000e+02 0.00000e+00 1.43123e-01 0.00000e+00 1.49718e-01 
1.39500e+02 0.00000e+00 1.44041e-01 0.00000e+00 1.50775e-01 
1.40000e+02 0.00000e+00 1.44963e-01 0.00000e+00 1.51805e-01 
1.40500e+02 0.00000e+00 1.45889e-01 0.00000e+00 1.52814e-01 
1.41000e+02 0.00000e+00 1.46817e-01 0.00000e+00 1.53805e-01 
1.41500e+02 0.00000e+00 1.47746e-01 0.00000e+00 1.54782e-01 
1.42000e+02 0.00000e+00 1.48675e-01 0.00000e+00 1.55747e-01 
1.42500e+02 0.00000e+00 1.49603e-01 0.00000e+00 1.56702e-01 
1.43000e+02 0.00000e+00 1.50529e-01 0.00000e+00 1.57647e-01 
1.43500e+02 0.00000e+00 1.51453e-01 0.00000e+00 1.58583e-01 
1.44000e+02 0.00000e+00 1.52374e-01 0.00000e+00 1.59510e-01 
1.44500e+02 0.00000e+00 1.53292e-01 6.36618e-299 1.60427e-01 
1.45000e+02 0.00000e+00 1.54206e-01 4.93060e-188 1.61333e-01 
1.45500e+02 0.00000e+00 1.55116e-01 2.56354e-115 1.62228e-01 
1.46000e+02 0.00000e+00 1.56023e-01 1.24374e-68 1.63110e-01 
1.46500e+02 0.00000e+00 1.56926e-01 1.68427e-39 1.63978e-01 
1.47000e+02 0.00000e+00 1.57826e-01 1.06932e-21 1.64831e-01 
1.47500e+02 0.00000e+00 1.58723e-01 3.63432e-11 1.65668e-01 
1.48000e+02 0.00000e+00 1.59616e-01 1.86997e-05 1.66489e-01 
1.48500e+02 0.00000e+00 1.60506e-01 8.60068e-03 1.67294e-01 
1.49000e+02 0.00000e+00 1.61395e-01 4.94542e-02 1.68083e-01 
1.49500e+02 0.00000e+00 1.62281e-01 6.46859e-02 1.68856e-01 
1.50000e+02 0.00000e+00 1.63162e-01 7.20579e-02 1.69613e-01 
1.50500e+02 0.00000e+00 1.64040e-01 7.70571e-02 1.70353e-01 
1.51000e+02 0.00000e+00 1.64913e-01 8.08374e-02 1.71079e-01 
1.51500e+02 0.00000e+00 1.65782e-01 8.38929e-02 1.71790e-01 
1.52000e+02 0.00000e+00 1.66646e-01 8.64711e-02 1.72488e-01 
1.52500e+02 0.00000e+00 1.67505e-01 8.87030e-02 1.73174e-01 
1.53000e+02 0.00000e+00 1.68360e-01 9.06683e-02 1.73848e-01 
1.53500e+02 0.00000e+00 1.69210e-01 9.24250e-02 1.74512e-01 
1.54000e+02 0.00000e+00 1.70055e-01 9.40181e-02 1.75165e-01 
1.54500e+02 0.00000e+00 1.70894e-01 9.54827e-02 1.75809e-01 
1.55000e+02 0.00000e+00 1.71728e-01 9.68449e-02 1.76443e-01 
1.55500e+02 0.00000e+00 1.72555e-01 9.81245e-02 1.77070e-01 
1.56000e+02 0.00000e+00 1.73376e-01 9.93363e-02 1.77688e-01 
1.56500e+02 0.00000e+00 1.74191e-01 1.00492e-01 1.78299e-01 
1.57000e+02 0.00000e+00 1.74998e-01 1.01602e-01 1.78904e-01 
1.57500e+02 0.00000e+00 1.75798e-01 1.02673e-01 1.79501e-01 
1.58000e+02 0.00000e+00 1.76590e-01 1.03712e-01 1.80093e-01 
1.58500e+02 0.00000e+00 1.77374e-01 1.04726e-01 1.80679e-01 
1.59000e+02 0.00000e+00 1.78150e-01 1.05718e-01 1.81259e-01 
1.59500e+02 0.00000e+00 1.78917e-01 1.06693e-01 1.81834e-01 
1.60000e+02 0.00000e+00 1.79675e-01 1.07654e-01 1.82404e-01 
1.60500e+02 0.00000e+00 1.80425e-01 1.08602e-01 1.82970e-01 
1.61000e+02 0.00000e+00 1.81166e-01 1.09538e-01 1.83531e-01 
1.61500e+02 0.00000e+00 1.81897e-01 1.10464e-01 1.84087e-01 
1.62000e+02 0.00000e+00 1.82620e-01 1.11379e-01 1.84640e-01 
1.62500e+02 0.00000e+00 1.83333e-01 1.12282e-01 1.85189e-01 
1.63000e+02 0.00000e+00 1.84037e-01 1.13174e-01 1.85734e-01 
1.63500e+02 0.00000e+00 1.84732e-01 1.14053e-01 1.86276e-01 
1.64000e+02 0.00000e+00 1.85418e-01 1.14918e-01 1.86815e-01 
1.64500e+02 0.00000e+00 1.86095e-01 1.15770e-01 1.87350e-01 
1.65000e+02 0.00000e+00 1.86763e-01 1.16608e-01 1.87882e-01 
1.65500e+02 0.00000e+00 1.87423e-01 1.17432e-01 1.88411e-01 
1.66000e+02 0.00000e+00 1.88074e-01 1.18242e-01 1.88936e-01 
1.66500e+02 0.00000e+00 1.88717e-01 1.19039e-01 1.89457e-01 
1.67000e+02 0.00000e+00 1.89351e-01 1.19824e-01 1.89975e-01 
1.67500e+02 0.00000e+00 1.89978e-01 1.20597e-01 1.90489e-01 
1.68000e+02 0.00000e+00 1.90597e-01 1.21360e-01 1.90999e-01 
1.68500e+02 0.00000e+00 1.91208e-01 1.22112e-01 1.91504e-01 
1.69000e+02 0.00000e+00 1.91811e-01 1.22855e-01 1.92006e-01 
1.69500e+02 0.00000e+00 1.92408e-01 1.23590e-01 1.92503e-01 
1.70000e+02 0.00000e+00 1.92997e-01 1.24317e-01 1.92996e-01 
1.70500e+02 0.00000e+00 1.93579e-01 1.25037e-01 1.93484e-01 
1.71000e+02 0.00000e+00 1.94155e-01 1.25751e-01 1.93968e-01 
1.71500e+02 0.00000e+00 1.94724e-01 1.26460e-01 1.94448e-01 
1.72000e+02 0.00000e+00 1.95286e-01 1.27163e-01 1.94924e-01 
1.72500e+02 0.00000e+00 1.95842e-01 1.27861e-01 1.95396e-01 
1.73000e+02 0.00000e+00 1.96392e-01 1.28555e-01 1.95864e-01 
1.73500e+02 0.00000e+00 1.96936e-01 1.29244e-01 1.96327e-01 
1.74000e+02 0.00000e+00 1.97474e-01 1.29930e-01 1.96787e-01 
1.74500e+02 0.00000e+00 1.98005e-01 1.30611e-01 1.97243e-01 
1.75000e+02 0.00000e+00 1.98531e-01 1.31289e-01 1.97695e-01 
1.75500e+02 0.00000e+00 1.99052e-01 1.31963e-01 1.98144e-01 
1.76000e+02 0.00000e+00 1.99566e-01 1.32633e-01 1.98589e-01 
1.76500e+02 0.00000e+00 2.00075e-01 1.33299e-01 1.99031e-01 
1.77000e+02 0.00000e+00 2.00579e-01 1.33961e-01 1.99469e-01 
1.77500e+02 0.00000e+00 2.01077e-01 1.34618e-01 1.99904e-01 
1.78000e+02 0.00000e+00 2.01570e-01 1.35271e-01 2.00336e-01 
1.78500e+02 0.00000e+00 2.02057e-01 1.35919e-01 2.00764e-01 
1.79000e+02 0.00000e+00 2.02540e-01 1.36562e-01 2.01190e-01 
1.79500e+02 0.00000e+00 2.03017e-01 1.37201e-01 2.01613e-01 
1.80000e+02 0.00000e+00 2.03489e-01 1.37834e-01 2.02032e-01 
1.80500e+02 0.00000e+00 2.03957e-01 1.38462e-01 2.02449e-01 
1.81000e+02 0.00000e+00 2.04420e-01 1.39084e-01 2.02863e-01 
1.81500e+02 0.00000e+00 2.04878e-01 1.39702e-01 2.03275e-01 
1.82000e+02 0.00000e+00 2.05331e-01 1.40315e-01 2.03683e-01 
1.82500e+02 0.00000e+00 2.05780e-01 1.40924e-01 2.04089e-01 
1.83000e+02 0.00000e+00 2.06225e-01 1.41528e-01 2.04493e-01 
1.83500e+02 0.00000e+00 2.06665e-01 1.42129e-01 2.04894e-01 
1.84000e+02 0.00000e+00 2.07101e-01 1.42726e-01 2.05292e-01 
1.84500e+02 0.00000e+00 2.07533e-01 1.43322e-01 2.05688e-01 
1.85000e+02 0.00000e+00 2.07962e-01 1.43916e-01 2.06082e-01 
1.85500e+02 0.00000e+00 2.08386e-01 1.44509e-01 2.06473e-01 
1.86000e+02 0.00000e+00 2.08807e-01 1.45103e-01 2.06862e-01 
1.86500e+02 0.00000e+00 2.09224e-01 1.45698e-01 2.07248e-01 
1.87000e+02 0.00000e+00 2.09638e-01 1.46296e-01 2.07632e-01 
1.87500e+02 0.00000e+00 2.10049e-01 1.46897e-01 2.08014e-01 
1.88000e+02 0.00000e+00 2.10456e-01 1.47502e-01 2.08394e-01 
1.88500e+02 0.00000e+00 2.10860e-01 1.48113e-01 2.08771e-01 
1.89000e+02 0.00000e+00 2.11262e-01 1.48730e-01 2.09146e-01 
1.89500e+02 0.00000e+00 2.11660e-01 1.49354e-01 2.09519e-01 
1.90000e+02 0.00000e+00 2.12055e-01 1.49987e-01 2.09889e-01 
1.90500e+02 0.00000e+00 2.12448e-01 1.50629e-01 2.10258e-01 
1.91000e+02 0.00000e+00 2.12838e-01 1.51280e-01 2.10624e-01 
1.91500e+02 0.00000e+00 2.13225e-01 1.51941e-01 2.10988e-01 
1.92000e+02 0.00000e+00 2.13610e-01 1.52612e-01 2.11350e-01 
1.92500e+02 0.00000e+00 2.13993e-01 1.53294e-01 2.11709e-01 
1.93000e+02 0.00000e+00 2.14372e-01 1.53986e-01 2.12067e-01 
1.93500e+02 0.00000e+00 2.14750e-01 1.54688e-01 2.12422e-01 
1.94000e+02 0.00000e+00 2.15125e-01 1.55400e-01 2.12775e-01 
1.94500e+02 0.00000e+00 2.15498e-01 1.56121e-01 2.13127e-01 
1.95000e+02 0.00000e+00 2.15868e-01 1.56850e-01 2.13476e-01 
1.95500e+02 0.00000e+00 2.16236e-01 1.57586e-01 2.13823e-01 
1.96000e+02 0.00000e+00 2.16602e-01 1.58327e-01 2.14168e-01 
1.96500e+02 0.00000e+00 2.16965e-01 1.59072e-01 2.14511e-01 
1.97000e+02 0.00000e+00 2.17327e-01 1.59820e-01 2.14852e-01 
1.97500e+02 0.00000e+00 2.17686e-01 1.60567e-01 2.15192e-01 
1.98000e+02 0.00000e+00 2.18043e-01 1.61314e-01 2.15529e-01 
1.98500e+02 0.00000e+00 2.18398e-01 1.62057e-01 2.15864e-01 
1.99000e+02 0.00000e+00 2.18750e-01 1.62795e-01 2.16198e-01 
1.99500e+02 0.00000e+00 2.19101e-01 1.63526e-01 2.16530e-01 
2.00000e+02 0.00000e+00 2.19449e-01 1.64249e-01 2.16860e-01 
2.00500e+02 0.00000e+00 2.19796e-01 1.64961e-01 2.17188e-01 
2.01000e+02 0.00000e+00 2.20140e-01 1.65662e-01 2.17515e-01 
2.01500e+02 0.00000e+00 2.20482e-01 1.66351e-01 2.17840e-01 
2.02000e+02 0.00000e+00 2.20823e-01 1.67026e-01 2.18163e-01 
2.02500e+02 0.00000e+00 2.21162e-01 1.67688e-01 2.18485e-01 
2.03000e+02 0.00000e+00 2.21498e-01 1.68335e-01 2.18805e-01 
2.03500e+02 0.00000e+00 2.21833e-01 1.68968e-01 2.19123e-01 
2.04000e+02 0.00000e+00 2.22167e-01 1.69586e-01 2.19440e-01 
2.04500e+02 0.00000e+00 2.22498e-01 1.70190e-01 2.19756e-01 
2.05000e+02 0.00000e+00 2.22829e-01 1.70780e-01 2.20070e-01 
2.05500e+02 0.00000e+00 2.23157e-01 1.71356e-01 2.20382e-01 
2.06000e+02 0.00000e+00 2.23484e-01 1.71919e-01 2.20693e-01 
2.06500e+02 0.00000e+00 2.23810e-01 1.72470e-01 2.21003e-01 
2.07000e+02 0.00000e+00 2.24134e-01 1.73008e-01 2.21312e-01 
2.07500e+02 0.00000e+00 2.24458e-01 1.73536e-01 2.21619e-01 
2.08000e+02 0.00000e+00 2.24779e-01 1.74052e-01 2.21925e-01 
2.08500e+02 0.00000e+00 2.25100e-01 1.74559e-01 2.22229e-01 
2.09000e+02 0.00000e+00 2.25420e-01 1.75056e-01 2.22532e-01 
2.09500e+02 0.00000e+00 2.25739e-01 1.75543e-01 2.22835e-01 
2.10000e+02 0.00000e+00 2.26056e-01 1.76022e-01 2.23136e-01 
2.10500e+02 0.00000e+00 2.26373e-01 1.76493e-01 2.23436e-01 
2.11000e+02 0.00000e+00 2.26689e-01 1.76956e-01 2.23734e-01 
2.11500e+02 0.00000e+00 2.27003e-01 1.77411e-01 2.24032e-01 
2.12000e+02 0.00000e+00 2.27317e-01 1.77858e-01 2.24329e-01 
2.12500e+02 0.00000e+00 2.27631e-01 1.78299e-01 2.24625e-01 
2.13000e+02 0.00000e+00 2.27943e-01 1.78732e-01 2.24920e-01 
2.13500e+02 0.00000e+00 2.28254e-01 1.79159e-01 2.25214e-01 
2.14000e+02 0.00000e+00 2.28565e-01 1.79579e-01 2.25507e-01 
2.14500e+02 0.00000e+00 2.28875e-01 1.79993e-01 2.25799e-01 
2.15000e+02 0.00000e+00 2.29184e-01 1.80400e-01 2.26091e-01 
2.15500e+02 0.00000e+00 2.29492e-01 1.80801e-01 2.26382e-01 
2.16000e+02 0.00000e+00 2.29800e-01 1.81196e-01 2.26672e-01 
2.16500e+02 0.00000e+00 2.30106e-01 1.81585e-01 2.26961e-01 
2.17000e+02 0.00000e+00 2.30412e-01 1.81969e-01 2.27250e-01 
2.17500e+02 0.00000e+00 2.30718e-01 1.82346e-01 2.27538e-01 
2.18000e+02 0.00000e+00 2.31022e-01 1.82719e-01 2.27826e-01 
2.18500e+02 0.00000e+00 2.31326e-01 1.83086e-01 2.28113e-01 
2.19000e+02 0.00000e+00 2.31628e-01 1.83448e-01 2.28400e-01 
2.19500e+02 0.00000e+00 2.31930e-01 1.83805e-01 2.28686e-01 
2.20000e+02 0.00000e+00 2.32232e-01 1.84157e-01 2.28972e-01 
2.20500e+02 0.00000e+00 2.32532e-01 1.84505e-01 2.29258e-01 
2.21000e+02 0.00000e+00 2.32832e-01 1.84849e-01 2.29543e-01 
2.21500e+02 0.00000e+00 2.33130e-01 1.85188e-01 2.29829e-01 
2.22000e+02 0.00000e+00 2.33429e-01 1.85524e-01 2.30113e-01 
2.22500e+02 0.00000e+00 2.33726e-01 1.85857e-01 2.30398e-01 
2.23000e+02 0.00000e+00 2.34022e-01 1.86186e-01 2.30683e-01 
2.23500e+02 0.00000e+00 2.34318e-01 1.86511e-01 2.30967e-01 
2.24000e+02 0.00000e+00 2.34613e-01 1.86834e-01 2.31251e-01 
2.24500e+02 0.00000e+00 2.34907e-01 1.87155e-01 2.31535e-01 
2.25000e+02 0.00000e+00 2.35200e-01 1.87473e-01 2.31819e-01 
2.25500e+02 0.00000e+00 2.35493e-01 1.87789e-01 2.32103e-01 
2.26000e+02 0.00000e+00 2.35785e-01 1.88103e-01 2.32387e-01 
2.26500e+02 0.00000e+00 2.36076e-01 1.88415e-01 2.32670e-01 
2.27000e+02 0.00000e+00 2.36366e-01 1.88726e-01 2.32954e-01 
2.27500e+02 0.00000e+00 2.36655e-01 1.89035e-01 2.33238e-01 
2.28000e+02 0.00000e+00 2.36944e-01 1.89344e-01 2.33521e-01 
2.28500e+02 0.00000e+00 2.37232e-01 1.89652e-01 2.33805e-01 
2.29000e+02 0.00000e+00 2.37519e-01 1.89960e-01 2.34088e-01 
2.29500e+02 0.00000e+00 2.37806e-01 1.90267e-01 2.34372e-01 
2.30000e+02 0.00000e+00 2.38092e-01 1.90574e-01 2.34655e-01 
2.30500e+02 0.00000e+00 2.38377e-01 1.90881e-01 2.34939e-01 
2.31000e+02 0.00000e+00 2.38661e-01 1.91189e-01 2.35222e-01 
2.31500e+02 0.00000e+00 2.38945e-01 1.91497e-01 2.35505e-01 
2.32000e+02 0.00000e+00 2.39227e-01 1.91807e-01 2.35788e-01 
2.32500e+02 0.00000e+00 2.39510e-01 1.92117e-01 2.36071e-01 
2.33000e+02 0.00000e+00 2.39791e-01 1.92428e-01 2.36353e-01 
2.33500e+02 0.00000e+00 2.40072e-01 1.92741e-01 2.36636e-01 
2.34000e+02 0.00000e+00 2.40352e-01 1.93056e-01 2.36918e-01 
2.34500e+02 0.00000e+00 2.40631e-01 1.93372e-01 2.37200e-01 
2.35000e+02 0.00000e+00 2.40910e-01 1.93691e-01 2.37481e-01 
2.35500e+02 0.00000e+00 2.41188e-01 1.94011e-01 2.37763e-01 
2.36000e+02 0.00000e+00 2.41465e-01 1.94334e-01 2.38044e-01 
2.36500e+02 0.00000e+00 2.41742e-01 1.94659e-01 2.38324e-01 
2.37000e+02 0.00000e+00 2.42018e-01 1.94987e-01 2.38604e-01 
2.37500e+02 0.00000e+00 2.42294e-01 1.95317e-01 2.38884e-01 
2.38000e+02 0.00000e+00 2.42568e-01 1.95650e-01 2.39163e-01 
2.38500e+02 0.00000e+00 2.42843e-01 1.95985e-01 2.39442e-01 
2.39000e+02 0.00000e+00 2.43116e-01 1.96323e-01 2.39720e-01 
2.39500e+02 0.00000e+00 2.43389e-01 1.96664e-01 2.39998e-01 
2.40000e+02 0.00000e+00 2.43661e-01 1.97008e-01 2.40275e-01 
