0.00000e+00 0.00000e+00 0.00000e+00 0.00000e+00 0.00000e+00 
5.00000e-01 0.00000e+00 0.00000e+00 0.00000e+00 0.00000e+00 
1.00000e+00 0.00000e+00 0.00000e+00 0.00000e+00 0.00000e+00 
1.50000e+00 0.00000e+00 0.00000e+00 0.00000e+00 0.00000e+00 
2.00000e+00 0.00000e+00 0.00000e+00 0.00000e+00 0.00000e+00 
2.50000e+00 0.00000e+00 0.00000e+00 0.00000e+00 0.00000e+00 
3.00000e+00 0.00000e+00 0.00000e+00 0.00000e+00 0.00000e+00 
3.50000e+00 0.00000e+00 0.00000e+00 0.00000e+00 0.00000e+00 
4.00000e+00 0.00000e+00 0.00000e+00 0.00000e+00 0.00000e+00 
4.50000e+00 0.00000e+00 0.00000e+00 0.00000e+00 0.00000e+00 
5.00000e+00 0.00000e+00 0.00000e+00 0.00000e+00 0.00000e+00 
5.50000e+00 0.00000e+00 0.00000e+00 0.00000e+00 0.00000e+00 
6.00000e+00 0.00000e+00 0.00000e+00 0.00000e+00 0.00000e+00 
6.50000e+00 0.00000e+00 0.00000e+00 0.00000e+00 0.00000e+00 
7.00000e+00 0.00000e+00 0.00000e+00 0.00000e+00 0.00000e+00 
7.50000e+00 0.00000e+00 0.00000e+00 0.00000e+00 0.00000e+00 
8.00000e+00 0.00000e+00 0.00000e+00 0.00000e+00 0.00000e+00 
8.50000e+00 0.00000e+00 0.00000e+00 0.00000e+00 0.00000e+00 
9.00000e+00 0.00000e+00 0.00000e+00 0.00000e+00 0.00000e+00 
9.50000e+00 0.00000e+00 0.00000e+00 0.00000e+00 0.00000e+00 
1.00000e+01 0.00000e+00 0.00000e+00 0.00000e+00 0.00000e+00 
1.05000e+01 0.00000e+00 0.00000e+00 0.00000e+00 0.00000e+00 
1.10000e+01 0.00000e+00 0.00000e+00 0.00000e+00 0.00000e+00 
1.15000e+01 0.00000e+00 0.00000e+00 0.00000e+00 0.00000e+00 
1.20000e+01 0.00000e+00 0.00000e+00 0.00000e+00 0.00000e+00 
1.25000e+01 0.00000e+00 0.00000e+00 0.00000e+00 0.00000e+00 
1.30000e+01 0.00000e+00 0.00000e+00 0.00000e+00 0.00000e+00 
1.35000e+01 0.00000e+00 0.00000e+00 0.00000e+00 0.00000e+00 
1.40000e+01 0.00000e+00 0.00000e+00 0.00000e+00 0.00000e+00 
1.45000e+01 0.00000e+00 0.00000e+00 0.00000e+00 0.00000e+00 
1.50000e+01 0.00000e+00 0.00000e+00 0.00000e+00 0.00000e+00 
1.55000e+01 0.00000e+00 0.00000e+00 0.00000e+00 0.00000e+00 
1.60000e+01 0.00000e+00 0.00000e+00 0.00000e+00 0.00000e+00 
1.65000e+01 0.00000e+00 0.00000e+00 0.00000e+00 0.00000e+00 
1.70000e+01 0.00000e+00 0.00000e+00 0.00000e+00 0.00000e+00 
1.75000e+01 0.00000e+00 0.00000e+00 0.00000e+00 0.00000e+00 
1.80000e+01 0.00000e+00 0.00000e+00 0.00000e+00 0.00000e+00 
1.85000e+01 0.00000e+00 0.00000e+00 0.00000e+00 0.00000e+00 
1.90000e+01 0.00000e+00 0.00000e+00 0.00000e+00 0.00000e+00 
1.95000e+01 0.00000e+00 0.00000e+00 0.00000e+00 0.00000e+00 
2.00000e+01 0.00000e+00 0.00000e+00 0.00000e+00 0.00000e+00 
2.05000e+01 0.00000e+00 0.00000e+00 0.00000e+00 0.00000e+00 
2.10000e+01 0.00000e+00 0.00000e+00 0.00000e+00 0.00000e+00 
2.15000e+01 0.00000e+00 0.00000e+00 0.00000e+00 0.00000e+00 
2.20000e+01 0.00000e+00 0.00000e+00 0.00000e+00 0.00000e+00 
2.25000e+01 0.00000e+00 0.00000e+00 0.00000e+00 0.00000e+00 
2.30000e+01 0.00000e+00 0.00000e+00 0.00000e+00 0.00000e+00 
2.35000e+01 0.00000e+00 0.00000e+00 0.00000e+00 0.00000e+00 
2.40000e+01 0.00000e+00 0.00000e+00 0.00000e+00 0.00000e+00 
2.45000e+01 0.00000e+00 0.00000e+00 0.00000e+00 0.00000e+00 
2.50000e+01 0.00000e+00 0.00000e+00 0.00000e+00 0.00000e+00 
2.55000e+01 0.00000e+00 0.00000e+00 0.00000e+00 0.00000e+00 
2.60000e+01 0.00000e+00 0.00000e+00 0.00000e+00 0.00000e+00 
2.65000e+01 0.00000e+00 0.00000e+00 0.00000e+00 0.00000e+00 
2.70000e+01 0.00000e+00 0.00000e+00 0.00000e+00 0.00000e+00 
2.75000e+01 0.00000e+00 0.00000e+00 0.00000e+00 0.00000e+00 
2.80000e+01 0.00000e+00 0.00000e+00 0.00000e+00 0.00000e+00 
2.85000e+01 0.00000e+00 0.00000e+00 0.00000e+00 0.00000e+00 
2.90000e+01 0.00000e+00 0.00000e+00 0.00000e+00 0.00000e+00 
2.95000e+01 0.00000e+00 0.00000e+00 0.00000e+00 0.00000e+00 
3.00000e+01 0.00000e+00 0.00000e+00 0.00000e+00 0.00000e+00 
3.05000e+01 0.00000e+00 0.00000e+00 0.00000e+00 0.00000e+00 
3.10000e+01 0.00000e+00 0.00000e+00 0.00000e+00 0.00000e+00 
3.15000e+01 0.00000e+00 0.00000e+00 0.00000e+00 0.00000e+00 
3.20000e+01 0.00000e+00 0.00000e+00 0.00000e+00 0.00000e+00 
3.25000e+01 0.00000e+00 0.00000e+00 0.00000e+00 0.00000e+00 
3.30000e+01 0.00000e+00 0.00000e+00 0.00000e+00 0.00000e+00 
3.35000e+01 0.00000e+00 0.00000e+00 0.00000e+00 0.00000e+00 
3.40000e+01 0.00000e+00 0.00000e+00 0.00000e+00 0.00000e+00 
3.45000e+01 0.00000e+00 0.00000e+00 0.00000e+00 0.00000e+00 
3.50000e+01 0.00000e+00 0.00000e+00 0.00000e+00 0.00000e+00 
3.55000e+01 0.00000e+00 0.00000e+00 0.00000e+00 0.00000e+00 
3.60000e+01 0.00000e+00 0.00000e+00 0.00000e+00 0.00000e+00 
3.65000e+01 0.00000e+00 0.00000e+00 0.00000e+00 0.00000e+00 
3.70000e+01 0.00000e+00 0.00000e+00 0.00000e+00 0.00000e+00 
3.75000e+01 0.00000e+00 0.00000e+00 0.00000e+00 0.00000e+00 
3.80000e+01 0.00000e+00 0.00000e+00 0.00000e+00 0.00000e+00 
3.85000e+01 0.00000e+00 0.00000e+00 0.00000e+00 0.00000e+00 
3.90000e+01 0.00000e+00 0.00000e+00 0.00000e+00 0.00000e+00 
3.95000e+01 0.00000e+00 0.00000e+00 0.00000e+00 0.00000e+00 
4.00000e+01 0.00000e+00 0.00000e+00 0.00000e+00 0.00000e+00 
4.05000e+01 0.00000e+00 0.00000e+00 0.00000e+00 0.00000e+00 
4.10000e+01 0.00000e+00 0.00000e+00 0.00000e+00 0.00000e+00 
4.15000e+01 0.00000e+00 0.00000e+00 0.00000e+00 0.00000e+00 
4.20000e+01 0.00000e+00 0.00000e+00 0.00000e+00 0.00000e+00 
4.25000e+01 0.00000e+00 0.00000e+00 0.00000e+00 0.00000e+00 
4.30000e+01 0.00000e+00 0.00000e+00 0.00000e+00 0.00000e+00 
4.35000e+01 0.00000e+00 0.00000e+00 0.00000e+00 0.00000e+00 
4.40000e+01 0.00000e+00 0.00000e+00 0.00000e+00 0.00000e+00 
4.45000e+01 0.00000e+00 0.00000e+00 0.00000e+00 0.00000e+00 
4.50000e+01 0.00000e+00 0.00000e+00 0.00000e+00 0.00000e+00 
4.55000e+01 0.00000e+00 0.00000e+00 0.00000e+00 0.00000e+00 
4.60000e+01 0.00000e+00 0.00000e+00 0.00000e+00 0.00000e+00 
4.65000e+01 0.00000e+00 0.00000e+00 0.00000e+00 0.00000e+00 
4.70000e+01 0.00000e+00 0.00000e+00 0.00000e+00 0.00000e+00 
4.75000e+01 0.00000e+00 0.00000e+00 0.00000e+00 0.00000e+00 
4.80000e+01 0.00000e+00 0.00000e+00 0.00000e+00 0.00000e+00 
4.85000e+01 0.00000e+00 0.00000e+00 0.00000e+00 0.00000e+00 
4.90000e+01 0.00000e+00 0.00000e+00 0.00000e+00 0.00000e+00 
4.95000e+01 0.00000e+00 0.00000e+00 0.00000e+00 0.00000e+00 
5.00000e+01 0.00000e+00 0.00000e+00 0.00000e+00 0.00000e+00 
5.05000e+01 0.00000e+00 0.00000e+00 0.00000e+00 0.00000e+00 
5.10000e+01 0.00000e+00 0.00000e+00 0.00000e+00 0.00000e+00 
5.15000e+01 0.00000e+00 0.00000e+00 0.00000e+00 0.00000e+00 
5.20000e+01 0.00000e+00 0.00000e+00 0.00000e+00 0.00000e+00 
5.25000e+01 0.00000e+00 0.00000e+00 0.00000e+00 0.00000e+00 
5.30000e+01 0.00000e+00 0.00000e+00 0.00000e+00 0.00000e+00 
5.35000e+01 0.00000e+00 0.00000e+00 0.00000e+00 0.00000e+00 
5.40000e+01 0.00000e+00 0.00000e+00 0.00000e+00 0.00000e+00 
5.45000e+01 0.00000e+00 0.00000e+00 0.00000e+00 0.00000e+00 
5.50000e+01 0.00000e+00 0.00000e+00 0.00000e+00 0.00000e+00 
5.55000e+01 0.00000e+00 0.00000e+00 0.00000e+00 0.00000e+00 
5.60000e+01 0.00000e+00 0.00000e+00 0.00000e+00 0.00000e+00 
5.65000e+01 0.00000e+00 0.00000e+00 0.00000e+00 0.00000e+00 
5.70000e+01 0.00000e+00 0.00000e+00 0.00000e+00 0.00000e+00 
5.75000e+01 0.00000e+00 0.00000e+00 0.00000e+00 0.00000e+00 
5.80000e+01 0.00000e+00 0.00000e+00 0.00000e+00 0.00000e+00 
5.85000e+01 0.00000e+00 0.00000e+00 0.00000e+00 0.00000e+00 
5.90000e+01 0.00000e+00 0.00000e+00 0.00000e+00 0.00000e+00 
5.95000e+01 0.00000e+00 0.00000e+00 0.00000e+00 0.00000e+00 
6.00000e+01 0.00000e+00 0.00000e+00 0.00000e+00 0.00000e+00 
6.05000e+01 0.00000e+00 0.00000e+00 0.00000e+00 0.00000e+00 
6.10000e+01 0.00000e+00 0.00000e+00 0.00000e+00 0.00000e+00 
6.15000e+01 0.00000e+00 0.00000e+00 0.00000e+00 0.00000e+00 
6.20000e+01 0.00000e+00 0.00000e+00 0.00000e+00 0.00000e+00 
6.25000e+01 0.00000e+00 0.00000e+00 0.00000e+00 0.00000e+00 
6.30000e+01 0.00000e+00 0.00000e+00 0.00000e+00 0.00000e+00 
6.35000e+01 0.00000e+00 0.00000e+00 0.00000e+00 0.00000e+00 
6.40000e+01 0.00000e+00 0.00000e+00 0.00000e+00 0.00000e+00 
6.45000e+01 0.00000e+00 0.00000e+00 0.00000e+00 0.00000e+00 
6.50000e+01 0.00000e+00 0.00000e+00 0.00000e+00 0.00000e+00 
6.55000e+01 0.00000e+00 0.00000e+00 0.00000e+00 0.00000e+00 
6.60000e+01 0.00000e+00 0.00000e+00 0.00000e+00 0.00000e+00 
6.65000e+01 0.00000e+00 0.00000e+00 0.00000e+00 0.00000e+00 
6.70000e+01 0.00000e+00 0.00000e+00 0.00000e+00 0.00000e+00 
6.75000e+01 0.00000e+00 0.00000e+00 0.00000e+00 0.00000e+00 
6.80000e+01 0.00000e+00 0.00000e+00 0.00000e+00 0.00000e+00 
6.85000e+01 0.00000e+00 0.00000e+00 0.00000e+00 0.00000e+00 
6.90000e+01 0.00000e+00 0.00000e+00 0.00000e+00 0.00000e+00 
6.95000e+01 0.00000e+00 0.00000e+00 0.00000e+00 0.00000e+00 
7.00000e+01 0.00000e+00 0.00000e+00 0.00000e+00 0.00000e+00 
7.05000e+01 0.00000e+00 0.00000e+00 0.00000e+00 0.00000e+00 
7.10000e+01 0.00000e+00 0.00000e+00 0.00000e+00 0.00000e+00 
7.15000e+01 0.00000e+00 0.00000e+00 0.00000e+00 0.00000e+00 
7.20000e+01 0.00000e+00 0.00000e+00 0.00000e+00 0.00000e+00 
7.25000e+01 0.00000e+00 0.00000e+00 0.00000e+00 0.00000e+00 
7.30000e+01 0.00000e+00 0.00000e+00 0.00000e+00 0.00000e+00 
7.35000e+01 0.00000e+00 0.00000e+00 0.00000e+00 0.00000e+00 
7.40000e+01 0.00000e+00 0.00000e+00 0.00000e+00 0.00000e+00 
7.45000e+01 0.00000e+00 0.00000e+00 0.00000e+00 0.00000e+00 
7.50000e+01 0.00000e+00 0.00000e+00 0.00000e+00 0.00000e+00 
7.55000e+01 0.00000e+00 0.00000e+00 0.00000e+00 0.00000e+00 
7.60000e+01 0.00000e+00 0.00000e+00 0.00000e+00 0.00000e+00 
7.65000e+01 0.00000e+00 0.00000e+00 0.00000e+00 0.00000e+00 
7.70000e+01 0.00000e+00 0.00000e+00 0.00000e+00 0.00000e+00 
7.75000e+01 0.00000e+00 0.00000e+00 0.00000e+00 0.00000e+00 
7.80000e+01 0.00000e+00 0.00000e+00 0.00000e+00 0.00000e+00 
7.85000e+01 0.00000e+00 0.00000e+00 0.00000e+00 0.00000e+00 
7.90000e+01 0.00000e+00 0.00000e+00 0.00000e+00 0.00000e+00 
7.95000e+01 0.00000e+00 0.00000e+00 0.00000e+00 0.00000e+00 
8.00000e+01 0.00000e+00 0.00000e+00 0.00000e+00 0.00000e+00 
8.05000e+01 0.00000e+00 0.00000e+00 0.00000e+00 0.00000e+00 
8.10000e+01 0.00000e+00 0.00000e+00 0.00000e+00 0.00000e+00 
8.15000e+01 0.00000e+00 0.00000e+00 0.00000e+00 0.00000e+00 
8.20000e+01 0.00000e+00 0.00000e+00 0.00000e+00 0.00000e+00 
8.25000e+01 0.00000e+00 0.00000e+00 0.00000e+00 0.00000e+00 
8.30000e+01 0.00000e+00 0.00000e+00 0.00000e+00 0.00000e+00 
8.35000e+01 0.00000e+00 0.00000e+00 0.00000e+00 0.00000e+00 
8.40000e+01 0.00000e+00 0.00000e+00 0.00000e+00 0.00000e+00 
8.45000e+01 0.00000e+00 0.00000e+00 0.00000e+00 0.00000e+00 
8.50000e+01 0.00000e+00 0.00000e+00 0.00000e+00 0.00000e+00 
8.55000e+01 0.00000e+00 0.00000e+00 0.00000e+00 0.00000e+00 
8.60000e+01 0.00000e+00 0.00000e+00 0.00000e+00 0.00000e+00 
8.65000e+01 0.00000e+00 0.00000e+00 0.00000e+00 0.00000e+00 
8.70000e+01 0.00000e+00 0.00000e+00 0.00000e+00 0.00000e+00 
8.75000e+01 0.00000e+00 0.00000e+00 0.00000e+00 0.00000e+00 
8.80000e+01 0.00000e+00 0.00000e+00 0.00000e+00 0.00000e+00 
8.85000e+01 0.00000e+00 0.00000e+00 0.00000e+00 0.00000e+00 
8.90000e+01 0.00000e+00 0.00000e+00 0.00000e+00 0.00000e+00 
8.95000e+01 0.00000e+00 0.00000e+00 0.00000e+00 0.00000e+00 
9.00000e+01 0.00000e+00 0.00000e+00 0.00000e+00 0.00000e+00 
9.05000e+01 0.00000e+00 0.00000e+00 0.00000e+00 0.00000e+00 
9.10000e+01 0.00000e+00 0.00000e+00 0.00000e+00 0.00000e+00 
9.15000e+01 0.00000e+00 0.00000e+00 0.00000e+00 0.00000e+00 
9.20000e+01 0.00000e+00 0.00000e+00 0.00000e+00 0.00000e+00 
9.25000e+01 0.00000e+00 0.00000e+00 0.00000e+00 0.00000e+00 
9.30000e+01 0.00000e+00 0.00000e+00 0.00000e+00 0.00000e+00 
9.35000e+01 0.00000e+00 0.00000e+00 0.00000e+00 0.00000e+00 
9.40000e+01 0.00000e+00 0.00000e+00 0.00000e+00 0.00000e+00 
9.45000e+01 0.00000e+00 0.00000e+00 0.00000e+00 0.00000e+00 
9.50000e+01 0.00000e+00 0.00000e+00 0.00000e+00 0.00000e+00 
9.55000e+01 0.00000e+00 0.00000e+00 0.00000e+00 0.00000e+00 
9.60000e+01 0.00000e+00 0.00000e+00 0.00000e+00 0.00000e+00 
9.65000e+01 0.00000e+00 0.00000e+00 0.00000e+00 0.00000e+00 
9.70000e+01 0.00000e+00 0.00000e+00 0.00000e+00 0.00000e+00 
9.75000e+01 0.00000e+00 0.00000e+00 0.00000e+00 0.00000e+00 
9.80000e+01 0.00000e+00 0.00000e+00 0.00000e+00 0.00000e+00 
9.85000e+01 0.00000e+00 0.00000e+00 0.00000e+00 0.00000e+00 
9.90000e+01 0.00000e+00 0.00000e+00 0.00000e+00 0.00000e+00 
9.95000e+01 0.00000e+00 0.00000e+00 0.00000e+00 0.00000e+00 
1.00000e+02 0.00000e+00 0.00000e+00 0.00000e+00 0.00000e+00 
1.00500e+02 0.00000e+00 0.00000e+00 0.00000e+00 0.00000e+00 
1.01000e+02 0.00000e+00 0.00000e+00 0.00000e+00 0.00000e+00 
1.01500e+02 0.00000e+00 0.00000e+00 0.00000e+00 0.00000e+00 
1.02000e+02 0.00000e+00 0.00000e+00 0.00000e+00 0.00000e+00 
1.02500e+02 0.00000e+00 0.00000e+00 0.00000e+00 0.00000e+00 
1.03000e+02 0.00000e+00 0.00000e+00 0.00000e+00 0.00000e+00 
1.03500e+02 0.00000e+00 0.00000e+00 0.00000e+00 0.00000e+00 
1.04000e+02 0.00000e+00 0.00000e+00 0.00000e+00 0.00000e+00 
1.04500e+02 0.00000e+00 0.00000e+00 0.00000e+00 0.00000e+00 
1.05000e+02 0.00000e+00 0.00000e+00 0.00000e+00 0.00000e+00 
1.05500e+02 0.00000e+00 0.00000e+00 0.00000e+00 0.00000e+00 
1.06000e+02 0.00000e+00 0.00000e+00 0.00000e+00 0.00000e+00 
1.06500e+02 1.84250e-270 0.00000e+00 0.00000e+00 0.00000e+00 
1.07000e+02 1.48896e-130 0.00000e+00 0.00000e+00 0.00000e+00 
1.07500e+02 1.62643e-48 0.00000e+00 0.00000e+00 0.00000e+00 
1.08000e+02 2.40902e-17 0.00000e+00 0.00000e+00 0.00000e+00 
1.08500e+02 1.16451e-05 0.00000e+00 0.00000e+00 0.00000e+00 
1.09000e+02 2.83002e-02 0.00000e+00 0.00000e+00 0.00000e+00 
1.09500e+02 6.10742e-02 0.00000e+00 0.00000e+00 0.00000e+00 
1.10000e+02 7.10631e-02 0.00000e+00 0.00000e+00 0.00000e+00 
1.10500e+02 7.84736e-02 0.00000e+00 0.00000e+00 0.00000e+00 
1.11000e+02 8.45312e-02 0.00000e+00 0.00000e+00 0.00000e+00 
1.11500e+02 8.97244e-02 0.00000e+00 0.00000e+00 0.00000e+00 
1.12000e+02 9.42478e-02 0.00000e+00 0.00000e+00 0.00000e+00 
1.12500e+02 9.81580e-02 0.00000e+00 0.00000e+00 0.00000e+00 
1.13000e+02 1.01559e-01 0.00000e+00 0.00000e+00 0.00000e+00 
1.13500e+02 1.04601e-01 0.00000e+00 0.00000e+00 0.00000e+00 
1.14000e+02 1.07421e-01 0.00000e+00 0.00000e+00 0.00000e+00 
1.14500e+02 1.10092e-01 0.00000e+00 0.00000e+00 0.00000e+00 
1.15000e+02 1.12638e-01 0.00000e+00 0.00000e+00 0.00000e+00 
1.15500e+02 1.15075e-01 0.00000e+00 0.00000e+00 0.00000e+00 
1.16000e+02 1.17477e-01 0.00000e+00 0.00000e+00 0.00000e+00 
1.16500e+02 1.19957e-01 0.00000e+00 0.00000e+00 0.00000e+00 
1.17000e+02 1.22497e-01 0.00000e+00 0.00000e+00 0.00000e+00 
1.17500e+02 1.24893e-01 0.00000e+00 0.00000e+00 0.00000e+00 
1.18000e+02 1.26994e-01 0.00000e+00 0.00000e+00 0.00000e+00 
1.18500e+02 1.28804e-01 0.00000e+00 0.00000e+00 0.00000e+00 
1.19000e+02 1.30396e-01 0.00000e+00 0.00000e+00 0.00000e+00 
1.19500e+02 1.31842e-01 0.00000e+00 0.00000e+00 0.00000e+00 
1.20000e+02 1.33192e-01 0.00000e+00 0.00000e+00 0.00000e+00 
1.20500e+02 1.34478e-01 0.00000e+00 0.00000e+00 0.00000e+00 
1.21000e+02 1.35718e-01 0.00000e+00 0.00000e+00 0.00000e+00 
1.21500e+02 1.36922e-01 0.00000e+00 0.00000e+00 0.00000e+00 
1.22000e+02 1.38097e-01 0.00000e+00 0.00000e+00 0.00000e+00 
1.22500e+02 1.39245e-01 0.00000e+00 0.00000e+00 0.00000e+00 
1.23000e+02 1.40369e-01 0.00000e+00 0.00000e+00 0.00000e+00 
1.23500e+02 1.41469e-01 0.00000e+00 0.00000e+00 0.00000e+00 
1.24000e+02 1.42547e-01 0.00000e+00 0.00000e+00 0.00000e+00 
1.24500e+02 1.43603e-01 0.00000e+00 0.00000e+00 0.00000e+00 
1.25000e+02 1.44639e-01 0.00000e+00 0.00000e+00 0.00000e+00 
1.25500e+02 1.45659e-01 0.00000e+00 0.00000e+00 0.00000e+00 
1.26000e+02 1.46668e-01 0.00000e+00 0.00000e+00 0.00000e+00 
1.26500e+02 1.47671e-01 0.00000e+00 0.00000e+00 0.00000e+00 
1.27000e+02 1.48680e-01 0.00000e+00 0.00000e+00 0.00000e+00 
1.27500e+02 1.49704e-01 0.00000e+00 0.00000e+00 0.00000e+00 
1.28000e+02 1.50759e-01 0.00000e+00 0.00000e+00 0.00000e+00 
1.28500e+02 1.51858e-01 0.00000e+00 0.00000e+00 0.00000e+00 
1.29000e+02 1.53013e-01 0.00000e+00 0.00000e+00 0.00000e+00 
1.29500e+02 1.54236e-01 0.00000e+00 0.00000e+00 0.00000e+00 
1.30000e+02 1.55529e-01 0.00000e+00 0.00000e+00 0.00000e+00 
1.30500e+02 1.56891e-01 0.00000e+00 0.00000e+00 0.00000e+00 
1.31000e+02 1.58310e-01 0.00000e+00 0.00000e+00 0.00000e+00 
1.31500e+02 1.59770e-01 0.00000e+00 1.19882e-212 0.00000e+00 
1.32000e+02 1.61252e-01 0.00000e+00 7.05540e-131 0.00000e+00 
1.32500e+02 1.62732e-01 0.00000e+00 1.95489e-77 0.00000e+00 
1.33000e+02 1.64193e-01 0.00000e+00 9.98775e-44 0.00000e+00 
1.33500e+02 1.65618e-01 0.00000e+00 3.67952e-23 0.00000e+00 
1.34000e+02 1.66995e-01 0.00000e+00 2.36185e-11 0.00000e+00 
1.34500e+02 1.68319e-01 0.00000e+00 3.01835e-05 0.00000e+00 
1.35000e+02 1.69586e-01 0.00000e+00 1.37015e-02 0.00000e+00 
1.35500e+02 1.70798e-01 0.00000e+00 5.50747e-02 0.00000e+00 
1.36000e+02 1.71956e-01 0.00000e+00 6.77193e-02 0.00000e+00 
1.36500e+02 1.73060e-01 0.00000e+00 7.40202e-02 0.00000e+00 
1.37000e+02 1.74116e-01 0.00000e+00 7.83665e-02 0.00000e+00 
1.37500e+02 1.75129e-01 0.00000e+00 8.17629e-02 0.00000e+00 
1.38000e+02 1.76101e-01 0.00000e+00 8.45589e-02 0.00000e+00 
1.38500e+02 1.77038e-01 0.00000e+00 8.69204e-02 0.00000e+00 
1.39000e+02 1.77944e-01 0.00000e+00 8.89598e-02 0.00000e+00 
1.39500e+02 1.78822e-01 0.00000e+00 9.07616e-02 0.00000e+00 
1.40000e+02 1.79676e-01 0.00000e+00 9.23858e-02 0.00000e+00 
1.40500e+02 1.80510e-01 0.00000e+00 9.38733e-02 0.00000e+00 
1.41000e+02 1.81328e-01 0.00000e+00 9.52514e-02 0.00000e+00 
1.41500e+02 1.82134e-01 0.00000e+00 9.65386e-02 0.00000e+00 
1.42000e+02 1.82933e-01 0.00000e+00 9.77484e-02 0.00000e+00 
1.42500e+02 1.83726e-01 0.00000e+00 9.88907e-02 0.00000e+00 
1.43000e+02 1.84514e-01 0.00000e+00 9.99735e-02 0.00000e+00 
1.43500e+02 1.85299e-01 0.00000e+00 1.01003e-01 0.00000e+00 
1.44000e+02 1.86078e-01 0.00000e+00 1.01985e-01 0.00000e+00 
1.44500e+02 1.86848e-01 0.00000e+00 1.02924e-01 0.00000e+00 
1.45000e+02 1.87608e-01 0.00000e+00 1.03825e-01 0.00000e+00 
1.45500e+02 1.88355e-01 0.00000e+00 1.04690e-01 0.00000e+00 
1.46000e+02 1.89087e-01 0.00000e+00 1.05522e-01 0.00000e+00 
1.46500e+02 1.89804e-01 0.00000e+00 1.06326e-01 0.00000e+00 
1.47000e+02 1.90507e-01 0.00000e+00 1.07102e-01 0.00000e+00 
1.47500e+02 1.91194e-01 0.00000e+00 1.07854e-01 0.00000e+00 
1.48000e+02 1.91869e-01 0.00000e+00 1.08583e-01 0.00000e+00 
1.48500e+02 1.92530e-01 0.00000e+00 1.09290e-01 0.00000e+00 
1.49000e+02 1.93180e-01 0.00000e+00 1.09977e-01 0.00000e+00 
1.49500e+02 1.93818e-01 0.00000e+00 1.10644e-01 0.00000e+00 
1.50000e+02 1.94446e-01 0.00000e+00 1.11294e-01 0.00000e+00 
1.50500e+02 1.95061e-01 0.00000e+00 1.11926e-01 0.00000e+00 
1.51000e+02 1.95665e-01 0.00000e+00 1.12542e-01 0.00000e+00 
1.51500e+02 1.96259e-01 0.00000e+00 1.13142e-01 0.00000e+00 
1.52000e+02 1.96843e-01 0.00000e+00 1.13726e-01 0.00000e+00 
1.52500e+02 1.97418e-01 0.00000e+00 1.14296e-01 0.00000e+00 
1.53000e+02 1.97988e-01 0.00000e+00 1.14852e-01 0.00000e+00 
1.53500e+02 1.98553e-01 0.00000e+00 1.15394e-01 0.00000e+00 
1.54000e+02 1.99117e-01 0.00000e+00 1.15923e-01 0.00000e+00 
1.54500e+02 1.99681e-01 0.00000e+00 1.16439e-01 0.00000e+00 
1.55000e+02 2.00245e-01 0.00000e+00 1.16944e-01 0.00000e+00 
1.55500e+02 2.00809e-01 0.00000e+00 1.17437e-01 0.00000e+00 
1.56000e+02 2.01371e-01 0.00000e+00 1.17919e-01 0.00000e+00 
1.56500e+02 2.01930e-01 0.00000e+00 1.18391e-01 0.00000e+00 
1.57000e+02 2.02485e-01 0.00000e+00 1.18854e-01 0.00000e+00 
1.57500e+02 2.03033e-01 0.00000e+00 1.19306e-01 0.00000e+00 
1.58000e+02 2.03572e-01 0.00000e+00 1.19750e-01 0.00000e+00 
1.58500e+02 2.04103e-01 0.00000e+00 1.20185e-01 0.00000e+00 
1.59000e+02 2.04623e-01 0.00000e+00 1.20613e-01 0.00000e+00 
1.59500e+02 2.05133e-01 0.00000e+00 1.21033e-01 0.00000e+00 
1.60000e+02 2.05632e-01 0.00000e+00 1.21445e-01 0.00000e+00 
1.60500e+02 2.06121e-01 0.00000e+00 1.21851e-01 0.00000e+00 
1.61000e+02 2.06601e-01 0.00000e+00 1.22251e-01 0.00000e+00 
1.61500e+02 2.07071e-01 0.00000e+00 1.22644e-01 0.00000e+00 
1.62000e+02 2.07532e-01 0.00000e+00 1.23032e-01 0.00000e+00 
1.62500e+02 2.07986e-01 0.00000e+00 1.23415e-01 0.00000e+00 
1.63000e+02 2.08432e-01 0.00000e+00 1.23793e-01 0.00000e+00 
1.63500e+02 2.08872e-01 0.00000e+00 1.24167e-01 0.00000e+00 
1.64000e+02 2.09307e-01 0.00000e+00 1.24536e-01 0.00000e+00 
1.64500e+02 2.09736e-01 0.00000e+00 1.24902e-01 0.00000e+00 
1.65000e+02 2.10161e-01 0.00000e+00 1.25264e-01 0.00000e+00 
1.65500e+02 2.10583e-01 0.00000e+00 1.25623e-01 0.00000e+00 
1.66000e+02 2.11003e-01 0.00000e+00 1.25979e-01 0.00000e+00 
1.66500e+02 2.11420e-01 0.00000e+00 1.26332e-01 0.00000e+00 
1.67000e+02 2.11836e-01 0.00000e+00 1.26683e-01 0.00000e+00 
1.67500e+02 2.12252e-01 0.00000e+00 1.27031e-01 0.00000e+00 
1.68000e+02 2.12666e-01 0.00000e+00 1.27378e-01 0.00000e+00 
1.68500e+02 2.13080e-01 0.00000e+00 1.27723e-01 0.00000e+00 
1.69000e+02 2.13494e-01 0.00000e+00 1.28066e-01 0.00000e+00 
1.69500e+02 2.13906e-01 0.00000e+00 1.28408e-01 0.00000e+00 
1.70000e+02 2.14316e-01 0.00000e+00 1.28749e-01 0.00000e+00 
1.70500e+02 2.14725e-01 0.00000e+00 1.29089e-01 0.00000e+00 
1.71000e+02 2.15131e-01 0.00000e+00 1.29428e-01 0.00000e+00 
1.71500e+02 2.15534e-01 0.00000e+00 1.29767e-01 0.00000e+00 
1.72000e+02 2.15934e-01 0.00000e+00 1.30105e-01 0.00000e+00 
1.72500e+02 2.16330e-01 0.00000e+00 1.30443e-01 0.00000e+00 
1.73000e+02 2.16723e-01 0.00000e+00 1.30780e-01 0.00000e+00 
1.73500e+02 2.17110e-01 0.00000e+00 1.31117e-01 0.00000e+00 
1.74000e+02 2.17494e-01 0.00000e+00 1.31455e-01 0.00000e+00 
1.74500e+02 2.17872e-01 0.00000e+00 1.31792e-01 0.00000e+00 
1.75000e+02 2.18246e-01 0.00000e+00 1.32129e-01 0.00000e+00 
1.75500e+02 2.18615e-01 0.00000e+00 1.32467e-01 0.00000e+00 
1.76000e+02 2.18980e-01 0.00000e+00 1.32804e-01 0.00000e+00 
1.76500e+02 2.19339e-01 0.00000e+00 1.33142e-01 0.00000e+00 
1.77000e+02 2.19695e-01 0.00000e+00 1.33481e-01 0.00000e+00 
1.77500e+02 2.20045e-01 0.00000e+00 1.33819e-01 0.00000e+00 
1.78000e+02 2.20392e-01 0.00000e+00 1.34159e-01 0.00000e+00 
1.78500e+02 2.20734e-01 0.00000e+00 1.34498e-01 0.00000e+00 
1.79000e+02 2.21072e-01 0.00000e+00 1.34838e-01 0.00000e+00 
1.79500e+02 2.21406e-01 0.00000e+00 1.35179e-01 0.00000e+00 
1.80000e+02 2.21737e-01 0.00000e+00 1.35520e-01 0.00000e+00 
1.80500e+02 2.22063e-01 0.00000e+00 1.35862e-01 0.00000e+00 
1.81000e+02 2.22387e-01 0.00000e+00 1.36204e-01 0.00000e+00 
1.81500e+02 2.22707e-01 0.00000e+00 1.36547e-01 0.00000e+00 
1.82000e+02 2.23024e-01 0.00000e+00 1.36890e-01 0.00000e+00 
1.82500e+02 2.23338e-01 0.00000e+00 1.37234e-01 0.00000e+00 
1.83000e+02 2.23649e-01 0.00000e+00 1.37578e-01 0.00000e+00 
1.83500e+02 2.23958e-01 0.00000e+00 1.37923e-01 0.00000e+00 
1.84000e+02 2.24264e-01 0.00000e+00 1.38268e-01 0.00000e+00 
1.84500e+02 2.24568e-01 0.00000e+00 1.38614e-01 0.00000e+00 
1.85000e+02 2.24870e-01 0.00000e+00 1.38960e-01 0.00000e+00 
1.85500e+02 2.25170e-01 0.00000e+00 1.39307e-01 0.00000e+00 
1.86000e+02 2.25469e-01 0.00000e+00 1.39654e-01 0.00000e+00 
1.86500e+02 2.25765e-01 0.00000e+00 1.40002e-01 0.00000e+00 
1.87000e+02 2.26061e-01 0.00000e+00 1.40350e-01 0.00000e+00 
1.87500e+02 2.26355e-01 2.49295e-303 1.40698e-01 0.00000e+00 
1.88000e+02 2.26648e-01 3.10076e-213 1.41047e-01 0.00000e+00 
1.88500e+02 2.26941e-01 2.19084e-146 1.41396e-01 0.00000e+00 
1.89000e+02 2.27232e-01 7.75194e-98 1.41746e-01 0.00000e+00 
1.89500e+02 2.27524e-01 1.45051e-63 1.42095e-01 0.00000e+00 
1.90000e+02 2.27815e-01 5.44287e-40 1.42445e-01 0.00000e+00 
1.90500e+02 2.28106e-01 4.24727e-24 1.42796e-01 0.00000e+00 
1.91000e+02 2.28396e-01 1.15593e-13 1.43146e-01 0.00000e+00 
1.91500e+02 2.28687e-01 3.51856e-07 1.43497e-01 0.00000e+00 
1.92000e+02 2.28979e-01 1.25207e-03 1.43848e-01 0.00000e+00 
1.92500e+02 2.29271e-01 3.08775e-02 1.44200e-01 0.00000e+00 
1.93000e+02 2.29564e-01 5.21613e-02 1.44553e-01 0.00000e+00 
1.93500e+02 2.29858e-01 6.07087e-02 1.44906e-01 0.00000e+00 
1.94000e+02 2.30153e-01 6.59944e-02 1.45260e-01 0.00000e+00 
1.94500e+02 2.30448e-01 6.97827e-02 1.45613e-01 0.00000e+00 
1.95000e+02 2.30743e-01 7.28327e-02 1.45967e-01 0.00000e+00 
1.95500e+02 2.31038e-01 7.55200e-02 1.46320e-01 0.00000e+00 
1.96000e+02 2.31334e-01 7.80357e-02 1.46673e-01 0.00000e+00 
1.96500e+02 2.31630e-01 8.04849e-02 1.47026e-01 0.00000e+00 
1.97000e+02 2.31926e-01 8.29273e-02 1.47379e-01 0.00000e+00 
1.97500e+02 2.32223e-01 8.53918e-02 1.47732e-01 0.00000e+00 
1.98000e+02 2.32520e-01 8.78821e-02 1.48085e-01 0.00000e+00 
1.98500e+02 2.32818e-01 9.03838e-02 1.48437e-01 0.00000e+00 
1.99000e+02 2.33115e-01 9.28728e-02 1.48790e-01 0.00000e+00 
1.99500e+02 2.33413e-01 9.53226e-02 1.49142e-01 0.00000e+00 
2.00000e+02 2.33711e-01 9.77104e-02 1.49495e-01 0.00000e+00 
2.00500e+02 2.34010e-01 1.00019e-01 1.49847e-01 0.00000e+00 
2.01000e+02 2.34308e-01 1.02240e-01 1.50199e-01 0.00000e+00 
2.01500e+02 2.34607e-01 1.04371e-01 1.50551e-01 0.00000e+00 
2.02000e+02 2.34906e-01 1.06418e-01 1.50903e-01 0.00000e+00 
2.02500e+02 2.35206e-01 1.08393e-01 1.51255e-01 0.00000e+00 
2.03000e+02 2.35506e-01 1.10310e-01 1.51608e-01 0.00000e+00 
2.03500e+02 2.35806e-01 1.12180e-01 1.51960e-01 0.00000e+00 
2.04000e+02 2.36107e-01 1.14010e-01 1.52313e-01 0.00000e+00 
2.04500e+02 2.36408e-01 1.15799e-01 1.52665e-01 0.00000e+00 
2.05000e+02 2.36709e-01 1.17542e-01 1.53018e-01 0.00000e+00 
2.05500e+02 2.37011e-01 1.19232e-01 1.53371e-01 0.00000e+00 
2.06000e+02 2.37313e-01 1.20860e-01 1.53725e-01 0.00000e+00 
2.06500e+02 2.37615e-01 1.22419e-01 1.54079e-01 0.00000e+00 
2.07000e+02 2.37918e-01 1.23908e-01 1.54433e-01 0.00000e+00 
2.07500e+02 2.38221e-01 1.25325e-01 1.54788e-01 0.00000e+00 
2.08000e+02 2.38525e-01 1.26675e-01 1.55144e-01 0.00000e+00 
2.08500e+02 2.38828e-01 1.27962e-01 1.55500e-01 0.00000e+00 
2.09000e+02 2.39133e-01 1.29190e-01 1.55857e-01 0.00000e+00 
2.09500e+02 2.39437e-01 1.30367e-01 1.56215e-01 0.00000e+00 
2.10000e+02 2.39742e-01 1.31496e-01 1.56573e-01 0.00000e+00 
2.10500e+02 2.40047e-01 1.32584e-01 1.56932e-01 0.00000e+00 
2.11000e+02 2.40352e-01 1.33635e-01 1.57293e-01 0.00000e+00 
2.11500e+02 2.40657e-01 1.34653e-01 1.57654e-01 0.00000e+00 
2.12000e+02 2.40963e-01 1.35641e-01 1.58017e-01 0.00000e+00 
2.12500e+02 2.41268e-01 1.36602e-01 1.58381e-01 0.00000e+00 
2.13000e+02 2.41574e-01 1.37539e-01 1.58746e-01 0.00000e+00 
2.13500e+02 2.41880e-01 1.38455e-01 1.59112e-01 0.00000e+00 
2.14000e+02 2.42186e-01 1.39351e-01 1.59479e-01 0.00000e+00 
2.14500e+02 2.42492e-01 1.40231e-01 1.59848e-01 0.00000e+00 
2.15000e+02 2.42798e-01 1.41094e-01 1.60219e-01 0.00000e+00 
2.15500e+02 2.43104e-01 1.41944e-01 1.60591e-01 0.00000e+00 
2.16000e+02 2.43410e-01 1.42782e-01 1.60964e-01 0.00000e+00 
2.16500e+02 2.43716e-01 1.43609e-01 1.61340e-01 0.00000e+00 
2.17000e+02 2.44022e-01 1.44426e-01 1.61716e-01 0.00000e+00 
2.17500e+02 2.44328e-01 1.45235e-01 1.62095e-01 0.00000e+00 
2.18000e+02 2.44634e-01 1.46037e-01 1.62475e-01 0.00000e+00 
2.18500e+02 2.44939e-01 1.46833e-01 1.62857e-01 0.00000e+00 
2.19000e+02 2.45245e-01 1.47624e-01 1.63240e-01 0.00000e+00 
2.19500e+02 2.45550e-01 1.48411e-01 1.63625e-01 5.54984e-319 
2.20000e+02 2.45855e-01 1.49193e-01 1.64012e-01 1.74840e-235 
2.20500e+02 2.46160e-01 1.49971e-01 1.64401e-01 6.36618e-172 
2.21000e+02 2.46465e-01 1.50746e-01 1.64791e-01 6.44469e-124 
2.21500e+02 2.46770e-01 1.51516e-01 1.65183e-01 4.78046e-88 
2.22000e+02 2.47075e-01 1.52283e-01 1.65577e-01 1.26347e-61 
2.22500e+02 2.47379e-01 1.53044e-01 1.65972e-01 1.82404e-42 
2.23000e+02 2.47683e-01 1.53800e-01 1.66369e-01 8.63230e-29 
2.23500e+02 2.47988e-01 1.54550e-01 1.66768e-01 3.26051e-19 
2.24000e+02 2.48292e-01 1.55292e-01 1.67169e-01 1.21039e-12 
2.24500e+02 2.48596e-01 1.56028e-01 1.67571e-01 3.26242e-08 
2.25000e+02 2.48900e-01 1.56755e-01 1.67974e-01 2.72268e-05 
2.25500e+02 2.49203e-01 1.57474e-01 1.68379e-01 1.87697e-03 
2.26000e+02 2.49507e-01 1.58185e-01 1.68786e-01 1.94581e-02 
2.26500e+02 2.49812e-01 1.58887e-01 1.69195e-01 4.56668e-02 
2.27000e+02 2.50116e-01 1.59581e-01 1.69605e-01 5.79555e-02 
2.27500e+02 2.50420e-01 1.60266e-01 1.70016e-01 6.40578e-02 
2.28000e+02 2.50724e-01 1.60941e-01 1.70429e-01 6.80079e-02 
2.28500e+02 2.51028e-01 1.61608e-01 1.70842e-01 7.09553e-02 
2.29000e+02 2.51331e-01 1.62266e-01 1.71257e-01 7.33243e-02 
2.29500e+02 2.51635e-01 1.62916e-01 1.71672e-01 7.53183e-02 
2.30000e+02 2.51938e-01 1.63557e-01 1.72088e-01 7.70524e-02 
2.30500e+02 2.52241e-01 1.64191e-01 1.72504e-01 7.85981e-02 
2.31000e+02 2.52544e-01 1.64817e-01 1.72921e-01 8.00013e-02 
2.31500e+02 2.52847e-01 1.65436e-01 1.73339e-01 8.12930e-02 
2.32000e+02 2.53150e-01 1.66048e-01 1.73757e-01 8.24947e-02 
2.32500e+02 2.53453e-01 1.66653e-01 1.74175e-01 8.36221e-02 
2.33000e+02 2.53756e-01 1.67252e-01 1.74593e-01 8.46867e-02 
2.33500e+02 2.54059e-01 1.67843e-01 1.75011e-01 8.56976e-02 
2.34000e+02 2.54361e-01 1.68429e-01 1.75429e-01 8.66624e-02 
2.34500e+02 2.54663e-01 1.69008e-01 1.75847e-01 8.75874e-02 
2.35000e+02 2.54966e-01 1.69580e-01 1.76264e-01 8.84783e-02 
2.35500e+02 2.55268e-01 1.70146e-01 1.76680e-01 8.93407e-02 
2.36000e+02 2.55570e-01 1.70706e-01 1.77096e-01 9.01795e-02 
2.36500e+02 2.55872e-01 1.71259e-01 1.77511e-01 9.09990e-02 
2.37000e+02 2.56173e-01 1.71806e-01 1.77925e-01 9.18029e-02 
2.37500e+02 2.56475e-01 1.72347e-01 1.78338e-01 9.25936e-02 
2.38000e+02 2.56776e-01 1.72882e-01 1.78749e-01 9.33725e-02 
2.38500e+02 2.57078e-01 1.73410e-01 1.79159e-01 9.41394e-02 
2.39000e+02 2.57379e-01 1.73932e-01 1.79568e-01 9.48937e-02 
2.39500e+02 2.57680e-01 1.74449e-01 1.79975e-01 9.56339e-02 
2.40000e+02 2.57980e-01 1.74959e-01 1.80380e-01 9.63583e-02 
