0.00000e+00 0.00000e+00 0.00000e+00 0.00000e+00 0.00000e+00 
5.00000e-01 0.00000e+00 0.00000e+00 0.00000e+00 0.00000e+00 
1.00000e+00 0.00000e+00 0.00000e+00 0.00000e+00 0.00000e+00 
1.50000e+00 0.00000e+00 0.00000e+00 0.00000e+00 0.00000e+00 
2.00000e+00 0.00000e+00 0.00000e+00 0.00000e+00 0.00000e+00 
2.50000e+00 0.00000e+00 0.00000e+00 0.00000e+00 0.00000e+00 
3.00000e+00 0.00000e+00 0.00000e+00 0.00000e+00 0.00000e+00 
3.50000e+00 0.00000e+00 0.00000e+00 0.00000e+00 0.00000e+00 
4.00000e+00 0.00000e+00 0.00000e+00 0.00000e+00 0.00000e+00 
4.50000e+00 0.00000e+00 0.00000e+00 0.00000e+00 0.00000e+00 
5.00000e+00 0.00000e+00 0.00000e+00 0.00000e+00 0.00000e+00 
5.50000e+00 0.00000e+00 0.00000e+00 0.00000e+00 0.00000e+00 
6.00000e+00 0.00000e+00 0.00000e+00 0.00000e+00 0.00000e+00 
6.50000e+00 0.00000e+00 0.00000e+00 0.00000e+00 0.00000e+00 
7.00000e+00 0.00000e+00 0.00000e+00 0.00000e+00 0.00000e+00 
7.50000e+00 0.00000e+00 0.00000e+00 0.00000e+00 0.00000e+00 
8.00000e+00 0.00000e+00 0.00000e+00 0.00000e+00 0.00000e+00 
8.50000e+00 0.00000e+00 0.00000e+00 0.00000e+00 0.00000e+00 
9.00000e+00 0.00000e+00 0.00000e+00 0.00000e+00 0.00000e+00 
9.50000e+00 0.00000e+00 0.00000e+00 0.00000e+00 0.00000e+00 
1.00000e+01 0.00000e+00 0.00000e+00 0.00000e+00 0.00000e+00 
1.05000e+01 0.00000e+00 0.00000e+00 0.00000e+00 0.00000e+00 
1.10000e+01 0.00000e+00 0.00000e+00 0.00000e+00 0.00000e+00 
1.15000e+01 0.00000e+00 0.00000e+00 0.00000e+00 0.00000e+00 
1.20000e+01 0.00000e+00 0.00000e+00 0.00000e+00 0.00000e+00 
1.25000e+01 0.00000e+00 0.00000e+00 0.00000e+00 0.00000e+00 
1.30000e+01 0.00000e+00 0.00000e+00 0.00000e+00 0.00000e+00 
1.35000e+01 0.00000e+00 0.00000e+00 0.00000e+00 0.00000e+00 
1.40000e+01 0.00000e+00 0.00000e+00 0.00000e+00 0.00000e+00 
1.45000e+01 0.00000e+00 0.00000e+00 0.00000e+00 0.00000e+00 
1.50000e+01 0.00000e+00 0.00000e+00 0.00000e+00 0.00000e+00 
1.55000e+01 0.00000e+00 0.00000e+00 0.00000e+00 0.00000e+00 
1.60000e+01 0.00000e+00 0.00000e+00 0.00000e+00 0.00000e+00 
1.65000e+01 0.00000e+00 0.00000e+00 0.00000e+00 0.00000e+00 
1.70000e+01 0.00000e+00 0.00000e+00 0.00000e+00 0.00000e+00 
1.75000e+01 0.00000e+00 0.00000e+00 0.00000e+00 0.00000e+00 
1.80000e+01 0.00000e+00 0.00000e+00 0.00000e+00 0.00000e+00 
1.85000e+01 0.00000e+00 0.00000e+00 0.00000e+00 0.00000e+00 
1.90000e+01 0.00000e+00 0.00000e+00 0.00000e+00 0.00000e+00 
1.95000e+01 0.00000e+00 0.00000e+00 0.00000e+00 0.00000e+00 
2.00000e+01 0.00000e+00 0.00000e+00 0.00000e+00 0.00000e+00 
2.05000e+01 0.00000e+00 0.00000e+00 0.00000e+00 0.00000e+00 
2.10000e+01 0.00000e+00 0.00000e+00 0.00000e+00 0.00000e+00 
2.15000e+01 0.00000e+00 0.00000e+00 0.00000e+00 0.00000e+00 
2.20000e+01 0.00000e+00 0.00000e+00 0.00000e+00 0.00000e+00 
2.25000e+01 0.00000e+00 0.00000e+00 0.00000e+00 0.00000e+00 
2.30000e+01 0.00000e+00 0.00000e+00 0.00000e+00 0.00000e+00 
2.35000e+01 0.00000e+00 0.00000e+00 0.00000e+00 0.00000e+00 
2.40000e+01 0.00000e+00 0.00000e+00 0.00000e+00 0.00000e+00 
2.45000e+01 0.00000e+00 0.00000e+00 0.00000e+00 0.00000e+00 
2.50000e+01 0.00000e+00 0.00000e+00 0.00000e+00 0.00000e+00 
2.55000e+01 0.00000e+00 0.00000e+00 0.00000e+00 0.00000e+00 
2.60000e+01 0.00000e+00 0.00000e+00 0.00000e+00 0.00000e+00 
2.65000e+01 0.00000e+00 0.00000e+00 0.00000e+00 0.00000e+00 
2.70000e+01 0.00000e+00 0.00000e+00 0.00000e+00 0.00000e+00 
2.75000e+01 0.00000e+00 0.00000e+00 0.00000e+00 0.00000e+00 
2.80000e+01 0.00000e+00 0.00000e+00 0.00000e+00 0.00000e+00 
2.85000e+01 0.00000e+00 0.00000e+00 0.00000e+00 0.00000e+00 
2.90000e+01 0.00000e+00 0.00000e+00 0.00000e+00 0.00000e+00 
2.95000e+01 0.00000e+00 0.00000e+00 0.00000e+00 0.00000e+00 
3.00000e+01 0.00000e+00 0.00000e+00 0.00000e+00 0.00000e+00 
3.05000e+01 0.00000e+00 0.00000e+00 0.00000e+00 0.00000e+00 
3.10000e+01 0.00000e+00 0.00000e+00 0.00000e+00 0.00000e+00 
3.15000e+01 0.00000e+00 0.00000e+00 0.00000e+00 0.00000e+00 
3.20000e+01 0.00000e+00 0.00000e+00 0.00000e+00 0.00000e+00 
3.25000e+01 0.00000e+00 0.00000e+00 0.00000e+00 0.00000e+00 
3.30000e+01 0.00000e+00 0.00000e+00 0.00000e+00 0.00000e+00 
3.35000e+01 0.00000e+00 0.00000e+00 0.00000e+00 0.00000e+00 
3.40000e+01 0.00000e+00 0.00000e+00 0.00000e+00 0.00000e+00 
3.45000e+01 0.00000e+00 0.00000e+00 0.00000e+00 0.00000e+00 
3.50000e+01 0.00000e+00 0.00000e+00 0.00000e+00 0.00000e+00 
3.55000e+01 0.00000e+00 0.00000e+00 0.00000e+00 0.00000e+00 
3.60000e+01 0.00000e+00 0.00000e+00 0.00000e+00 0.00000e+00 
3.65000e+01 0.00000e+00 0.00000e+00 0.00000e+00 0.00000e+00 
3.70000e+01 0.00000e+00 0.00000e+00 0.00000e+00 0.00000e+00 
3.75000e+01 0.00000e+00 0.00000e+00 0.00000e+00 0.00000e+00 
3.80000e+01 0.00000e+00 0.00000e+00 0.00000e+00 0.00000e+00 
3.85000e+01 0.00000e+00 0.00000e+00 0.00000e+00 0.00000e+00 
3.90000e+01 0.00000e+00 0.00000e+00 0.00000e+00 0.00000e+00 
3.95000e+01 0.00000e+00 0.00000e+00 0.00000e+00 0.00000e+00 
4.00000e+01 0.00000e+00 0.00000e+00 0.00000e+00 0.00000e+00 
4.05000e+01 0.00000e+00 0.00000e+00 0.00000e+00 0.00000e+00 
4.10000e+01 0.00000e+00 0.00000e+00 0.00000e+00 0.00000e+00 
4.15000e+01 0.00000e+00 0.00000e+00 0.00000e+00 0.00000e+00 
4.20000e+01 0.00000e+00 0.00000e+00 0.00000e+00 0.00000e+00 
4.25000e+01 0.00000e+00 0.00000e+00 0.00000e+00 0.00000e+00 
4.30000e+01 0.00000e+00 0.00000e+00 0.00000e+00 0.00000e+00 
4.35000e+01 0.00000e+00 0.00000e+00 0.00000e+00 0.00000e+00 
4.40000e+01 0.00000e+00 0.00000e+00 0.00000e+00 0.00000e+00 
4.45000e+01 0.00000e+00 0.00000e+00 0.00000e+00 0.00000e+00 
4.50000e+01 0.00000e+00 0.00000e+00 0.00000e+00 0.00000e+00 
4.55000e+01 0.00000e+00 0.00000e+00 0.00000e+00 0.00000e+00 
4.60000e+01 0.00000e+00 0.00000e+00 0.00000e+00 0.00000e+00 
4.65000e+01 0.00000e+00 0.00000e+00 0.00000e+00 0.00000e+00 
4.70000e+01 0.00000e+00 0.00000e+00 0.00000e+00 0.00000e+00 
4.75000e+01 0.00000e+00 0.00000e+00 0.00000e+00 0.00000e+00 
4.80000e+01 0.00000e+00 0.00000e+00 0.00000e+00 0.00000e+00 
4.85000e+01 0.00000e+00 0.00000e+00 0.00000e+00 0.00000e+00 
4.90000e+01 0.00000e+00 0.00000e+00 0.00000e+00 0.00000e+00 
4.95000e+01 0.00000e+00 0.00000e+00 0.00000e+00 0.00000e+00 
5.00000e+01 0.00000e+00 0.00000e+00 0.00000e+00 0.00000e+00 
5.05000e+01 0.00000e+00 0.00000e+00 0.00000e+00 0.00000e+00 
5.10000e+01 0.00000e+00 0.00000e+00 0.00000e+00 0.00000e+00 
5.15000e+01 0.00000e+00 0.00000e+00 0.00000e+00 0.00000e+00 
5.20000e+01 0.00000e+00 0.00000e+00 0.00000e+00 0.00000e+00 
5.25000e+01 0.00000e+00 0.00000e+00 0.00000e+00 0.00000e+00 
5.30000e+01 0.00000e+00 0.00000e+00 0.00000e+00 0.00000e+00 
5.35000e+01 0.00000e+00 0.00000e+00 0.00000e+00 0.00000e+00 
5.40000e+01 0.00000e+00 0.00000e+00 0.00000e+00 0.00000e+00 
5.45000e+01 0.00000e+00 0.00000e+00 0.00000e+00 0.00000e+00 
5.50000e+01 0.00000e+00 0.00000e+00 0.00000e+00 0.00000e+00 
5.55000e+01 0.00000e+00 0.00000e+00 0.00000e+00 0.00000e+00 
5.60000e+01 0.00000e+00 0.00000e+00 0.00000e+00 0.00000e+00 
5.65000e+01 0.00000e+00 0.00000e+00 0.00000e+00 0.00000e+00 
5.70000e+01 0.00000e+00 0.00000e+00 0.00000e+00 0.00000e+00 
5.75000e+01 0.00000e+00 0.00000e+00 0.00000e+00 0.00000e+00 
5.80000e+01 0.00000e+00 0.00000e+00 0.00000e+00 0.00000e+00 
5.85000e+01 0.00000e+00 0.00000e+00 0.00000e+00 0.00000e+00 
5.90000e+01 0.00000e+00 0.00000e+00 0.00000e+00 0.00000e+00 
5.95000e+01 0.00000e+00 0.00000e+00 0.00000e+00 0.00000e+00 
6.00000e+01 0.00000e+00 0.00000e+00 0.00000e+00 0.00000e+00 
6.05000e+01 0.00000e+00 0.00000e+00 0.00000e+00 0.00000e+00 
6.10000e+01 0.00000e+00 0.00000e+00 0.00000e+00 0.00000e+00 
6.15000e+01 0.00000e+00 0.00000e+00 0.00000e+00 0.00000e+00 
6.20000e+01 0.00000e+00 0.00000e+00 0.00000e+00 0.00000e+00 
6.25000e+01 0.00000e+00 0.00000e+00 0.00000e+00 0.00000e+00 
6.30000e+01 0.00000e+00 0.00000e+00 0.00000e+00 0.00000e+00 
6.35000e+01 0.00000e+00 0.00000e+00 0.00000e+00 0.00000e+00 
6.40000e+01 0.00000e+00 0.00000e+00 0.00000e+00 0.00000e+00 
6.45000e+01 0.00000e+00 0.00000e+00 0.00000e+00 0.00000e+00 
6.50000e+01 0.00000e+00 0.00000e+00 0.00000e+00 0.00000e+00 
6.55000e+01 0.00000e+00 0.00000e+00 0.00000e+00 0.00000e+00 
6.60000e+01 0.00000e+00 0.00000e+00 0.00000e+00 0.00000e+00 
6.65000e+01 0.00000e+00 0.00000e+00 0.00000e+00 0.00000e+00 
6.70000e+01 0.00000e+00 0.00000e+00 0.00000e+00 0.00000e+00 
6.75000e+01 0.00000e+00 0.00000e+00 0.00000e+00 0.00000e+00 
6.80000e+01 0.00000e+00 0.00000e+00 0.00000e+00 0.00000e+00 
6.85000e+01 0.00000e+00 0.00000e+00 0.00000e+00 0.00000e+00 
6.90000e+01 0.00000e+00 0.00000e+00 0.00000e+00 0.00000e+00 
6.95000e+01 0.00000e+00 0.00000e+00 0.00000e+00 0.00000e+00 
7.00000e+01 0.00000e+00 0.00000e+00 0.00000e+00 0.00000e+00 
7.05000e+01 0.00000e+00 0.00000e+00 0.00000e+00 0.00000e+00 
7.10000e+01 0.00000e+00 0.00000e+00 0.00000e+00 0.00000e+00 
7.15000e+01 0.00000e+00 0.00000e+00 0.00000e+00 0.00000e+00 
7.20000e+01 0.00000e+00 0.00000e+00 0.00000e+00 0.00000e+00 
7.25000e+01 0.00000e+00 0.00000e+00 0.00000e+00 0.00000e+00 
7.30000e+01 0.00000e+00 0.00000e+00 0.00000e+00 0.00000e+00 
7.35000e+01 0.00000e+00 0.00000e+00 0.00000e+00 0.00000e+00 
7.40000e+01 0.00000e+00 0.00000e+00 0.00000e+00 0.00000e+00 
7.45000e+01 0.00000e+00 0.00000e+00 0.00000e+00 0.00000e+00 
7.50000e+01 0.00000e+00 0.00000e+00 0.00000e+00 0.00000e+00 
7.55000e+01 0.00000e+00 0.00000e+00 0.00000e+00 0.00000e+00 
7.60000e+01 0.00000e+00 0.00000e+00 0.00000e+00 0.00000e+00 
7.65000e+01 0.00000e+00 0.00000e+00 0.00000e+00 0.00000e+00 
7.70000e+01 0.00000e+00 0.00000e+00 0.00000e+00 0.00000e+00 
7.75000e+01 0.00000e+00 0.00000e+00 0.00000e+00 0.00000e+00 
7.80000e+01 0.00000e+00 0.00000e+00 0.00000e+00 0.00000e+00 
7.85000e+01 0.00000e+00 0.00000e+00 0.00000e+00 0.00000e+00 
7.90000e+01 0.00000e+00 0.00000e+00 0.00000e+00 0.00000e+00 
7.95000e+01 0.00000e+00 0.00000e+00 0.00000e+00 0.00000e+00 
8.00000e+01 0.00000e+00 0.00000e+00 0.00000e+00 0.00000e+00 
8.05000e+01 0.00000e+00 0.00000e+00 0.00000e+00 0.00000e+00 
8.10000e+01 0.00000e+00 0.00000e+00 0.00000e+00 0.00000e+00 
8.15000e+01 0.00000e+00 0.00000e+00 0.00000e+00 0.00000e+00 
8.20000e+01 0.00000e+00 0.00000e+00 0.00000e+00 0.00000e+00 
8.25000e+01 0.00000e+00 0.00000e+00 0.00000e+00 0.00000e+00 
8.30000e+01 0.00000e+00 0.00000e+00 0.00000e+00 0.00000e+00 
8.35000e+01 0.00000e+00 0.00000e+00 0.00000e+00 0.00000e+00 
8.40000e+01 0.00000e+00 0.00000e+00 0.00000e+00 0.00000e+00 
8.45000e+01 0.00000e+00 0.00000e+00 0.00000e+00 0.00000e+00 
8.50000e+01 0.00000e+00 0.00000e+00 0.00000e+00 0.00000e+00 
8.55000e+01 0.00000e+00 0.00000e+00 0.00000e+00 0.00000e+00 
8.60000e+01 0.00000e+00 0.00000e+00 0.00000e+00 0.00000e+00 
8.65000e+01 0.00000e+00 0.00000e+00 0.00000e+00 0.00000e+00 
8.70000e+01 0.00000e+00 0.00000e+00 0.00000e+00 0.00000e+00 
8.75000e+01 0.00000e+00 0.00000e+00 0.00000e+00 0.00000e+00 
8.80000e+01 0.00000e+00 0.00000e+00 0.00000e+00 0.00000e+00 
8.85000e+01 0.00000e+00 0.00000e+00 0.00000e+00 0.00000e+00 
8.90000e+01 0.00000e+00 0.00000e+00 0.00000e+00 0.00000e+00 
8.95000e+01 0.00000e+00 0.00000e+00 0.00000e+00 0.00000e+00 
9.00000e+01 0.00000e+00 0.00000e+00 0.00000e+00 0.00000e+00 
9.05000e+01 0.00000e+00 0.00000e+00 0.00000e+00 0.00000e+00 
9.10000e+01 0.00000e+00 0.00000e+00 0.00000e+00 0.00000e+00 
9.15000e+01 0.00000e+00 0.00000e+00 0.00000e+00 0.00000e+00 
9.20000e+01 0.00000e+00 0.00000e+00 0.00000e+00 0.00000e+00 
9.25000e+01 0.00000e+00 0.00000e+00 0.00000e+00 0.00000e+00 
9.30000e+01 0.00000e+00 0.00000e+00 0.00000e+00 0.00000e+00 
9.35000e+01 0.00000e+00 0.00000e+00 0.00000e+00 0.00000e+00 
9.40000e+01 0.00000e+00 0.00000e+00 0.00000e+00 0.00000e+00 
9.45000e+01 0.00000e+00 0.00000e+00 0.00000e+00 0.00000e+00 
9.50000e+01 0.00000e+00 0.00000e+00 0.00000e+00 0.00000e+00 
9.55000e+01 0.00000e+00 0.00000e+00 0.00000e+00 0.00000e+00 
9.60000e+01 0.00000e+00 0.00000e+00 0.00000e+00 0.00000e+00 
9.65000e+01 0.00000e+00 0.00000e+00 0.00000e+00 0.00000e+00 
9.70000e+01 0.00000e+00 0.00000e+00 0.00000e+00 0.00000e+00 
9.75000e+01 0.00000e+00 0.00000e+00 0.00000e+00 0.00000e+00 
9.80000e+01 0.00000e+00 0.00000e+00 0.00000e+00 0.00000e+00 
9.85000e+01 0.00000e+00 0.00000e+00 0.00000e+00 0.00000e+00 
9.90000e+01 0.00000e+00 0.00000e+00 0.00000e+00 0.00000e+00 
9.95000e+01 0.00000e+00 0.00000e+00 0.00000e+00 0.00000e+00 
1.00000e+02 0.00000e+00 0.00000e+00 0.00000e+00 0.00000e+00 
1.00500e+02 0.00000e+00 0.00000e+00 0.00000e+00 0.00000e+00 
1.01000e+02 0.00000e+00 0.00000e+00 0.00000e+00 0.00000e+00 
1.01500e+02 0.00000e+00 0.00000e+00 0.00000e+00 0.00000e+00 
1.02000e+02 0.00000e+00 0.00000e+00 0.00000e+00 0.00000e+00 
1.02500e+02 0.00000e+00 3.37024e-245 0.00000e+00 0.00000e+00 
1.03000e+02 0.00000e+00 4.17213e-111 0.00000e+00 0.00000e+00 
1.03500e+02 0.00000e+00 2.59116e-48 0.00000e+00 0.00000e+00 
1.04000e+02 0.00000e+00 1.22127e-19 0.00000e+00 0.00000e+00 
1.04500e+02 0.00000e+00 2.14464e-07 0.00000e+00 0.00000e+00 
1.05000e+02 0.00000e+00 1.38596e-02 0.00000e+00 0.00000e+00 
1.05500e+02 0.00000e+00 6.78789e-02 0.00000e+00 0.00000e+00 
1.06000e+02 0.00000e+00 8.06267e-02 0.00000e+00 0.00000e+00 
1.06500e+02 0.00000e+00 8.70256e-02 0.00000e+00 0.00000e+00 
1.07000e+02 0.00000e+00 9.12119e-02 0.00000e+00 0.00000e+00 
1.07500e+02 0.00000e+00 9.44870e-02 0.00000e+00 0.00000e+00 
1.08000e+02 0.00000e+00 9.72996e-02 0.00000e+00 0.00000e+00 
1.08500e+02 0.00000e+00 9.98245e-02 0.00000e+00 0.00000e+00 
1.09000e+02 0.00000e+00 1.02141e-01 0.00000e+00 0.00000e+00 
1.09500e+02 0.00000e+00 1.04294e-01 0.00000e+00 0.00000e+00 
1.10000e+02 0.00000e+00 1.06313e-01 0.00000e+00 0.00000e+00 
1.10500e+02 0.00000e+00 1.08222e-01 0.00000e+00 0.00000e+00 
1.11000e+02 0.00000e+00 1.10038e-01 0.00000e+00 0.00000e+00 
1.11500e+02 0.00000e+00 1.11780e-01 0.00000e+00 0.00000e+00 
1.12000e+02 0.00000e+00 1.13458e-01 0.00000e+00 0.00000e+00 
1.12500e+02 0.00000e+00 1.15083e-01 0.00000e+00 0.00000e+00 
1.13000e+02 0.00000e+00 1.16662e-01 0.00000e+00 0.00000e+00 
1.13500e+02 0.00000e+00 1.18201e-01 0.00000e+00 0.00000e+00 
1.14000e+02 0.00000e+00 1.19704e-01 5.53777e-270 0.00000e+00 
1.14500e+02 0.00000e+00 1.21173e-01 1.42972e-112 0.00000e+00 
1.15000e+02 0.00000e+00 1.22613e-01 2.69759e-44 0.00000e+00 
1.15500e+02 0.00000e+00 1.24025e-01 2.28044e-16 0.00000e+00 
1.16000e+02 0.00000e+00 1.25413e-01 7.83109e-06 0.00000e+00 
1.16500e+02 0.00000e+00 1.26776e-01 1.86101e-02 0.00000e+00 
1.17000e+02 0.00000e+00 1.28119e-01 5.92553e-02 0.00000e+00 
1.17500e+02 0.00000e+00 1.29437e-01 6.85101e-02 0.00000e+00 
1.18000e+02 0.00000e+00 1.30731e-01 7.39613e-02 0.00000e+00 
1.18500e+02 0.00000e+00 1.31999e-01 7.82231e-02 0.00000e+00 
1.19000e+02 0.00000e+00 1.33241e-01 8.19778e-02 0.00000e+00 
1.19500e+02 0.00000e+00 1.34457e-01 8.55306e-02 0.00000e+00 
1.20000e+02 0.00000e+00 1.35647e-01 8.90241e-02 0.00000e+00 
1.20500e+02 0.00000e+00 1.36812e-01 9.25317e-02 0.00000e+00 
1.21000e+02 0.00000e+00 1.37952e-01 9.60838e-02 0.00000e+00 
1.21500e+02 0.00000e+00 1.39068e-01 9.96775e-02 0.00000e+00 
1.22000e+02 0.00000e+00 1.40161e-01 1.03289e-01 0.00000e+00 
1.22500e+02 0.00000e+00 1.41231e-01 1.06884e-01 0.00000e+00 
1.23000e+02 0.00000e+00 1.42278e-01 1.10426e-01 0.00000e+00 
1.23500e+02 0.00000e+00 1.43302e-01 1.13872e-01 0.00000e+00 
1.24000e+02 0.00000e+00 1.44303e-01 1.17183e-01 0.00000e+00 
1.24500e+02 0.00000e+00 1.45281e-01 1.20325e-01 0.00000e+00 
1.25000e+02 0.00000e+00 1.46235e-01 1.23277e-01 0.00000e+00 
1.25500e+02 0.00000e+00 1.47167e-01 1.26038e-01 0.00000e+00 
1.26000e+02 0.00000e+00 1.48076e-01 1.28617e-01 0.00000e+00 
1.26500e+02 0.00000e+00 1.48964e-01 1.31034e-01 0.00000e+00 
1.27000e+02 0.00000e+00 1.49831e-01 1.33308e-01 0.00000e+00 
1.27500e+02 0.00000e+00 1.50678e-01 1.35455e-01 0.00000e+00 
1.28000e+02 0.00000e+00 1.51506e-01 1.37488e-01 0.00000e+00 
1.28500e+02 0.00000e+00 1.52316e-01 1.39413e-01 0.00000e+00 
1.29000e+02 0.00000e+00 1.53108e-01 1.41240e-01 0.00000e+00 
1.29500e+02 0.00000e+00 1.53884e-01 1.42973e-01 0.00000e+00 
1.30000e+02 0.00000e+00 1.54644e-01 1.44622e-01 0.00000e+00 
1.30500e+02 0.00000e+00 1.55389e-01 1.46195e-01 0.00000e+00 
1.31000e+02 0.00000e+00 1.56120e-01 1.47704e-01 0.00000e+00 
1.31500e+02 0.00000e+00 1.56838e-01 1.49162e-01 0.00000e+00 
1.32000e+02 0.00000e+00 1.57543e-01 1.50579e-01 0.00000e+00 
1.32500e+02 0.00000e+00 1.58235e-01 1.51965e-01 0.00000e+00 
1.33000e+02 0.00000e+00 1.58916e-01 1.53325e-01 0.00000e+00 
1.33500e+02 0.00000e+00 1.59586e-01 1.54657e-01 0.00000e+00 
1.34000e+02 0.00000e+00 1.60245e-01 1.55959e-01 0.00000e+00 
1.34500e+02 0.00000e+00 1.60894e-01 1.57224e-01 0.00000e+00 
1.35000e+02 0.00000e+00 1.61534e-01 1.58448e-01 0.00000e+00 
1.35500e+02 0.00000e+00 1.62164e-01 1.59625e-01 0.00000e+00 
1.36000e+02 0.00000e+00 1.62786e-01 1.60753e-01 0.00000e+00 
1.36500e+02 0.00000e+00 1.63399e-01 1.61834e-01 0.00000e+00 
1.37000e+02 0.00000e+00 1.64004e-01 1.62869e-01 0.00000e+00 
1.37500e+02 0.00000e+00 1.64601e-01 1.63861e-01 0.00000e+00 
1.38000e+02 0.00000e+00 1.65190e-01 1.64815e-01 0.00000e+00 
1.38500e+02 0.00000e+00 1.65772e-01 1.65734e-01 0.00000e+00 
1.39000e+02 0.00000e+00 1.66347e-01 1.66623e-01 0.00000e+00 
1.39500e+02 0.00000e+00 1.66914e-01 1.67486e-01 0.00000e+00 
1.40000e+02 0.00000e+00 1.67475e-01 1.68326e-01 0.00000e+00 
1.40500e+02 0.00000e+00 1.68029e-01 1.69147e-01 0.00000e+00 
1.41000e+02 0.00000e+00 1.68576e-01 1.69952e-01 0.00000e+00 
1.41500e+02 0.00000e+00 1.69117e-01 1.70743e-01 0.00000e+00 
1.42000e+02 0.00000e+00 1.69652e-01 1.71523e-01 0.00000e+00 
1.42500e+02 0.00000e+00 1.70181e-01 1.72294e-01 0.00000e+00 
1.43000e+02 0.00000e+00 1.70704e-01 1.73058e-01 0.00000e+00 
1.43500e+02 0.00000e+00 1.71221e-01 1.73818e-01 0.00000e+00 
1.44000e+02 0.00000e+00 1.71733e-01 1.74575e-01 0.00000e+00 
1.44500e+02 0.00000e+00 1.72239e-01 1.75330e-01 0.00000e+00 
1.45000e+02 0.00000e+00 1.72740e-01 1.76084e-01 0.00000e+00 
1.45500e+02 0.00000e+00 1.73236e-01 1.76838e-01 0.00000e+00 
1.46000e+02 0.00000e+00 1.73726e-01 1.77591e-01 0.00000e+00 
1.46500e+02 0.00000e+00 1.74212e-01 1.78343e-01 0.00000e+00 
1.47000e+02 0.00000e+00 1.74693e-01 1.79092e-01 0.00000e+00 
1.47500e+02 0.00000e+00 1.75169e-01 1.79838e-01 0.00000e+00 
1.48000e+02 0.00000e+00 1.75640e-01 1.80579e-01 0.00000e+00 
1.48500e+02 0.00000e+00 1.76107e-01 1.81315e-01 0.00000e+00 
1.49000e+02 0.00000e+00 1.76570e-01 1.82045e-01 0.00000e+00 
1.49500e+02 0.00000e+00 1.77029e-01 1.82768e-01 0.00000e+00 
1.50000e+02 0.00000e+00 1.77483e-01 1.83485e-01 0.00000e+00 
1.50500e+02 0.00000e+00 1.77933e-01 1.84195e-01 0.00000e+00 
1.51000e+02 0.00000e+00 1.78380e-01 1.84898e-01 0.00000e+00 
1.51500e+02 0.00000e+00 1.78822e-01 1.85595e-01 0.00000e+00 
1.52000e+02 0.00000e+00 1.79261e-01 1.86287e-01 0.00000e+00 
1.52500e+02 0.00000e+00 1.79696e-01 1.86972e-01 0.00000e+00 
1.53000e+02 0.00000e+00 1.80127e-01 1.87653e-01 0.00000e+00 
1.53500e+02 0.00000e+00 1.80555e-01 1.88328e-01 0.00000e+00 
1.54000e+02 0.00000e+00 1.80980e-01 1.88999e-01 0.00000e+00 
1.54500e+02 0.00000e+00 1.81401e-01 1.89666e-01 0.00000e+00 
1.55000e+02 0.00000e+00 1.81818e-01 1.90329e-01 0.00000e+00 
1.55500e+02 0.00000e+00 1.82233e-01 1.90988e-01 0.00000e+00 
1.56000e+02 0.00000e+00 1.82644e-01 1.91645e-01 0.00000e+00 
1.56500e+02 0.00000e+00 1.83052e-01 1.92300e-01 0.00000e+00 
1.57000e+02 0.00000e+00 1.83457e-01 1.92953e-01 0.00000e+00 
1.57500e+02 0.00000e+00 1.83859e-01 1.93605e-01 0.00000e+00 
1.58000e+02 0.00000e+00 1.84258e-01 1.94258e-01 0.00000e+00 
1.58500e+02 0.00000e+00 1.84653e-01 1.94910e-01 0.00000e+00 
1.59000e+02 0.00000e+00 1.85046e-01 1.95562e-01 0.00000e+00 
1.59500e+02 0.00000e+00 1.85436e-01 1.96214e-01 0.00000e+00 
1.60000e+02 0.00000e+00 1.85824e-01 1.96865e-01 0.00000e+00 
1.60500e+02 0.00000e+00 1.86208e-01 1.97514e-01 0.00000e+00 
1.61000e+02 0.00000e+00 1.86589e-01 1.98162e-01 0.00000e+00 
1.61500e+02 0.00000e+00 1.86968e-01 1.98805e-01 0.00000e+00 
1.62000e+02 0.00000e+00 1.87344e-01 1.99445e-01 0.00000e+00 
1.62500e+02 0.00000e+00 1.87718e-01 2.00079e-01 0.00000e+00 
1.63000e+02 0.00000e+00 1.88089e-01 2.00708e-01 0.00000e+00 
1.63500e+02 0.00000e+00 1.88457e-01 2.01331e-01 0.00000e+00 
1.64000e+02 0.00000e+00 1.88823e-01 2.01947e-01 0.00000e+00 
1.64500e+02 0.00000e+00 1.89186e-01 2.02557e-01 0.00000e+00 
1.65000e+02 0.00000e+00 1.89546e-01 2.03161e-01 0.00000e+00 
1.65500e+02 0.00000e+00 1.89904e-01 2.03758e-01 0.00000e+00 
1.66000e+02 0.00000e+00 1.90260e-01 2.04349e-01 0.00000e+00 
1.66500e+02 0.00000e+00 1.90613e-01 2.04935e-01 0.00000e+00 
1.67000e+02 0.00000e+00 1.90963e-01 2.05514e-01 0.00000e+00 
1.67500e+02 0.00000e+00 1.91311e-01 2.06088e-01 0.00000e+00 
1.68000e+02 0.00000e+00 1.91657e-01 2.06656e-01 0.00000e+00 
1.68500e+02 0.00000e+00 1.92000e-01 2.07220e-01 0.00000e+00 
1.69000e+02 0.00000e+00 1.92342e-01 2.07778e-01 0.00000e+00 
1.69500e+02 0.00000e+00 1.92680e-01 2.08332e-01 0.00000e+00 
1.70000e+02 0.00000e+00 1.93017e-01 2.08882e-01 0.00000e+00 
1.70500e+02 0.00000e+00 1.93351e-01 2.09426e-01 0.00000e+00 
1.71000e+02 0.00000e+00 1.93682e-01 2.09967e-01 0.00000e+00 
1.71500e+02 0.00000e+00 1.94012e-01 2.10503e-01 0.00000e+00 
1.72000e+02 0.00000e+00 1.94339e-01 2.11036e-01 0.00000e+00 
1.72500e+02 0.00000e+00 1.94664e-01 2.11564e-01 0.00000e+00 
1.73000e+02 0.00000e+00 1.94987e-01 2.12089e-01 0.00000e+00 
1.73500e+02 0.00000e+00 1.95308e-01 2.12610e-01 0.00000e+00 
1.74000e+02 0.00000e+00 1.95626e-01 2.13127e-01 0.00000e+00 
1.74500e+02 0.00000e+00 1.95943e-01 2.13641e-01 0.00000e+00 
1.75000e+02 0.00000e+00 1.96257e-01 2.14151e-01 0.00000e+00 
1.75500e+02 0.00000e+00 1.96569e-01 2.14658e-01 0.00000e+00 
1.76000e+02 0.00000e+00 1.96879e-01 2.15161e-01 0.00000e+00 
1.76500e+02 0.00000e+00 1.97187e-01 2.15661e-01 0.00000e+00 
1.77000e+02 0.00000e+00 1.97493e-01 2.16158e-01 0.00000e+00 
1.77500e+02 0.00000e+00 1.97797e-01 2.16651e-01 0.00000e+00 
1.78000e+02 0.00000e+00 1.98099e-01 2.17142e-01 0.00000e+00 
1.78500e+02 0.00000e+00 1.98399e-01 2.17629e-01 0.00000e+00 
1.79000e+02 0.00000e+00 1.98697e-01 2.18113e-01 0.00000e+00 
1.79500e+02 0.00000e+00 1.98993e-01 2.18594e-01 0.00000e+00 
1.80000e+02 0.00000e+00 1.99287e-01 2.19071e-01 0.00000e+00 
1.80500e+02 0.00000e+00 1.99579e-01 2.19546e-01 0.00000e+00 
1.81000e+02 0.00000e+00 1.99869e-01 2.20018e-01 0.00000e+00 
1.81500e+02 0.00000e+00 2.00157e-01 2.20487e-01 0.00000e+00 
1.82000e+02 0.00000e+00 2.00443e-01 2.20953e-01 0.00000e+00 
1.82500e+02 0.00000e+00 2.00728e-01 2.21416e-01 0.00000e+00 
1.83000e+02 0.00000e+00 2.01011e-01 2.21876e-01 0.00000e+00 
1.83500e+02 0.00000e+00 2.01292e-01 2.22334e-01 0.00000e+00 
1.84000e+02 0.00000e+00 2.01571e-01 2.22789e-01 0.00000e+00 
1.84500e+02 0.00000e+00 2.01848e-01 2.23241e-01 0.00000e+00 
1.85000e+02 0.00000e+00 2.02124e-01 2.23691e-01 0.00000e+00 
1.85500e+02 0.00000e+00 2.02398e-01 2.24138e-01 0.00000e+00 
1.86000e+02 0.00000e+00 2.02670e-01 2.24583e-01 0.00000e+00 
1.86500e+02 0.00000e+00 2.02941e-01 2.25026e-01 0.00000e+00 
1.87000e+02 0.00000e+00 2.03209e-01 2.25467e-01 0.00000e+00 
1.87500e+02 0.00000e+00 2.03477e-01 2.25906e-01 0.00000e+00 
1.88000e+02 0.00000e+00 2.03742e-01 2.26342e-01 0.00000e+00 
1.88500e+02 0.00000e+00 2.04006e-01 2.26777e-01 0.00000e+00 
1.89000e+02 0.00000e+00 2.04268e-01 2.27209e-01 0.00000e+00 
1.89500e+02 0.00000e+00 2.04529e-01 2.27640e-01 0.00000e+00 
1.90000e+02 0.00000e+00 2.04788e-01 2.28068e-01 0.00000e+00 
1.90500e+02 0.00000e+00 2.05046e-01 2.28494e-01 0.00000e+00 
1.91000e+02 0.00000e+00 2.05302e-01 2.28918e-01 0.00000e+00 
1.91500e+02 0.00000e+00 2.05557e-01 2.29341e-01 0.00000e+00 
1.92000e+02 0.00000e+00 2.05810e-01 2.29760e-01 0.00000e+00 
1.92500e+02 0.00000e+00 2.06061e-01 2.30178e-01 0.00000e+00 
1.93000e+02 0.00000e+00 2.06312e-01 2.30593e-01 0.00000e+00 
1.93500e+02 0.00000e+00 2.06560e-01 2.31006e-01 0.00000e+00 
1.94000e+02 0.00000e+00 2.06808e-01 2.31417e-01 0.00000e+00 
1.94500e+02 0.00000e+00 2.07053e-01 2.31825e-01 0.00000e+00 
1.95000e+02 0.00000e+00 2.07298e-01 2.32230e-01 0.00000e+00 
1.95500e+02 0.00000e+00 2.07541e-01 2.32634e-01 0.00000e+00 
1.96000e+02 0.00000e+00 2.07783e-01 2.33034e-01 0.00000e+00 
1.96500e+02 0.00000e+00 2.08023e-01 2.33433e-01 0.00000e+00 
1.97000e+02 0.00000e+00 2.08263e-01 2.33829e-01 0.00000e+00 
1.97500e+02 0.00000e+00 2.08500e-01 2.34222e-01 0.00000e+00 
1.98000e+02 0.00000e+00 2.08737e-01 2.34614e-01 0.00000e+00 
1.98500e+02 0.00000e+00 2.08972e-01 2.35003e-01 0.00000e+00 
1.99000e+02 0.00000e+00 2.09206e-01 2.35390e-01 0.00000e+00 
1.99500e+02 0.00000e+00 2.09439e-01 2.35774e-01 0.00000e+00 
2.00000e+02 0.00000e+00 2.09671e-01 2.36156e-01 0.00000e+00 
2.00500e+02 0.00000e+00 2.09901e-01 2.36537e-01 0.00000e+00 
2.01000e+02 0.00000e+00 2.10130e-01 2.36915e-01 0.00000e+00 
2.01500e+02 0.00000e+00 2.10358e-01 2.37291e-01 0.00000e+00 
2.02000e+02 0.00000e+00 2.10585e-01 2.37665e-01 0.00000e+00 
2.02500e+02 0.00000e+00 2.10811e-01 2.38038e-01 0.00000e+00 
2.03000e+02 0.00000e+00 2.11035e-01 2.38408e-01 0.00000e+00 
2.03500e+02 0.00000e+00 2.11259e-01 2.38776e-01 0.00000e+00 
2.04000e+02 0.00000e+00 2.11481e-01 2.39143e-01 0.00000e+00 
2.04500e+02 0.00000e+00 2.11702e-01 2.39508e-01 0.00000e+00 
2.05000e+02 0.00000e+00 2.11922e-01 2.39871e-01 0.00000e+00 
2.05500e+02 0.00000e+00 2.12141e-01 2.40232e-01 0.00000e+00 
2.06000e+02 0.00000e+00 2.12359e-01 2.40592e-01 0.00000e+00 
2.06500e+02 0.00000e+00 2.12576e-01 2.40949e-01 0.00000e+00 
2.07000e+02 2.27668e-317 2.12792e-01 2.41306e-01 0.00000e+00 
2.07500e+02 1.39380e-225 2.13007e-01 2.41660e-01 0.00000e+00 
2.08000e+02 3.47268e-159 2.13221e-01 2.42013e-01 0.00000e+00 
2.08500e+02 2.83168e-111 2.13435e-01 2.42364e-01 0.00000e+00 
2.09000e+02 1.97384e-77 2.13647e-01 2.42714e-01 0.00000e+00 
2.09500e+02 1.47059e-53 2.13858e-01 2.43062e-01 0.00000e+00 
2.10000e+02 1.09229e-36 2.14068e-01 2.43409e-01 0.00000e+00 
2.10500e+02 8.81208e-25 2.14277e-01 2.43754e-01 0.00000e+00 
2.11000e+02 1.74025e-16 2.14485e-01 2.44097e-01 0.00000e+00 
2.11500e+02 7.97770e-11 2.14693e-01 2.44439e-01 0.00000e+00 
2.12000e+02 4.86771e-07 2.14899e-01 2.44780e-01 0.00000e+00 
2.12500e+02 1.38805e-04 2.15105e-01 2.45119e-01 0.00000e+00 
2.13000e+02 4.35004e-03 2.15310e-01 2.45457e-01 0.00000e+00 
2.13500e+02 2.54258e-02 2.15514e-01 2.45793e-01 0.00000e+00 
2.14000e+02 4.64916e-02 2.15717e-01 2.46128e-01 0.00000e+00 
2.14500e+02 5.63501e-02 2.15920e-01 2.46462e-01 0.00000e+00 
2.15000e+02 6.18943e-02 2.16121e-01 2.46795e-01 0.00000e+00 
2.15500e+02 6.57941e-02 2.16322e-01 2.47126e-01 0.00000e+00 
2.16000e+02 6.88653e-02 2.16522e-01 2.47455e-01 0.00000e+00 
2.16500e+02 7.14412e-02 2.16721e-01 2.47783e-01 0.00000e+00 
2.17000e+02 7.36871e-02 2.16920e-01 2.48110e-01 0.00000e+00 
2.17500e+02 7.56938e-02 2.17117e-01 2.48435e-01 0.00000e+00 
2.18000e+02 7.75166e-02 2.17314e-01 2.48759e-01 0.00000e+00 
2.18500e+02 7.91931e-02 2.17510e-01 2.49082e-01 0.00000e+00 
2.19000e+02 8.07517e-02 2.17705e-01 2.49403e-01 0.00000e+00 
2.19500e+02 8.22150e-02 2.17899e-01 2.49722e-01 0.00000e+00 
2.20000e+02 8.36014e-02 2.18093e-01 2.50041e-01 0.00000e+00 
2.20500e+02 8.49253e-02 2.18285e-01 2.50358e-01 0.00000e+00 
2.21000e+02 8.61979e-02 2.18477e-01 2.50673e-01 0.00000e+00 
2.21500e+02 8.74279e-02 2.18669e-01 2.50988e-01 0.00000e+00 
2.22000e+02 8.86220e-02 2.18859e-01 2.51301e-01 0.00000e+00 
2.22500e+02 8.97854e-02 2.19049e-01 2.51612e-01 0.00000e+00 
2.23000e+02 9.09227e-02 2.19238e-01 2.51922e-01 0.00000e+00 
2.23500e+02 9.20381e-02 2.19426e-01 2.52231e-01 0.00000e+00 
2.24000e+02 9.31360e-02 2.19613e-01 2.52539e-01 0.00000e+00 
2.24500e+02 9.42215e-02 2.19800e-01 2.52845e-01 0.00000e+00 
2.25000e+02 9.53001e-02 2.19986e-01 2.53150e-01 0.00000e+00 
2.25500e+02 9.63785e-02 2.20171e-01 2.53454e-01 0.00000e+00 
2.26000e+02 9.74644e-02 2.20356e-01 2.53757e-01 0.00000e+00 
2.26500e+02 9.85671e-02 2.20540e-01 2.54058e-01 0.00000e+00 
2.27000e+02 9.96973e-02 2.20723e-01 2.54358e-01 0.00000e+00 
2.27500e+02 1.00868e-01 2.20905e-01 2.54656e-01 0.00000e+00 
2.28000e+02 1.02093e-01 2.21087e-01 2.54954e-01 0.00000e+00 
2.28500e+02 1.03386e-01 2.21268e-01 2.55250e-01 0.00000e+00 
2.29000e+02 1.04760e-01 2.21448e-01 2.55544e-01 0.00000e+00 
2.29500e+02 1.06221e-01 2.21628e-01 2.55838e-01 0.00000e+00 
2.30000e+02 1.07775e-01 2.21807e-01 2.56130e-01 0.00000e+00 
2.30500e+02 1.09423e-01 2.21985e-01 2.56421e-01 0.00000e+00 
2.31000e+02 1.11163e-01 2.22163e-01 2.56711e-01 0.00000e+00 
2.31500e+02 1.12992e-01 2.22339e-01 2.56999e-01 0.00000e+00 
2.32000e+02 1.14898e-01 2.22515e-01 2.57286e-01 0.00000e+00 
2.32500e+02 1.16856e-01 2.22691e-01 2.57572e-01 0.00000e+00 
2.33000e+02 1.18834e-01 2.22865e-01 2.57857e-01 0.00000e+00 
2.33500e+02 1.20793e-01 2.23039e-01 2.58140e-01 0.00000e+00 
2.34000e+02 1.22700e-01 2.23212e-01 2.58422e-01 0.00000e+00 
2.34500e+02 1.24535e-01 2.23385e-01 2.58703e-01 0.00000e+00 
2.35000e+02 1.26293e-01 2.23557e-01 2.58983e-01 0.00000e+00 
2.35500e+02 1.27985e-01 2.23728e-01 2.59261e-01 0.00000e+00 
2.36000e+02 1.29627e-01 2.23898e-01 2.59539e-01 0.00000e+00 
2.36500e+02 1.31231e-01 2.24068e-01 2.59815e-01 0.00000e+00 
2.37000e+02 1.32794e-01 2.24237e-01 2.60090e-01 0.00000e+00 
2.37500e+02 1.34299e-01 2.24405e-01 2.60363e-01 0.00000e+00 
2.38000e+02 1.35727e-01 2.24573e-01 2.60636e-01 0.00000e+00 
2.38500e+02 1.37062e-01 2.24740e-01 2.60907e-01 0.00000e+00 
2.39000e+02 1.38299e-01 2.24907e-01 2.61177e-01 0.00000e+00 
2.39500e+02 1.39440e-01 2.25072e-01 2.61446e-01 0.00000e+00 
2.40000e+02 1.40497e-01 2.25237e-01 2.61714e-01 0.00000e+00 
