0.00000e+00 0.00000e+00 0.00000e+00 0.00000e+00 0.00000e+00 
5.00000e-01 0.00000e+00 0.00000e+00 0.00000e+00 0.00000e+00 
1.00000e+00 0.00000e+00 0.00000e+00 0.00000e+00 0.00000e+00 
1.50000e+00 0.00000e+00 0.00000e+00 0.00000e+00 0.00000e+00 
2.00000e+00 0.00000e+00 0.00000e+00 0.00000e+00 0.00000e+00 
2.50000e+00 0.00000e+00 0.00000e+00 0.00000e+00 0.00000e+00 
3.00000e+00 0.00000e+00 0.00000e+00 0.00000e+00 0.00000e+00 
3.50000e+00 0.00000e+00 0.00000e+00 0.00000e+00 0.00000e+00 
4.00000e+00 0.00000e+00 0.00000e+00 0.00000e+00 0.00000e+00 
4.50000e+00 0.00000e+00 0.00000e+00 0.00000e+00 0.00000e+00 
5.00000e+00 0.00000e+00 0.00000e+00 0.00000e+00 0.00000e+00 
5.50000e+00 0.00000e+00 0.00000e+00 0.00000e+00 0.00000e+00 
6.00000e+00 0.00000e+00 0.00000e+00 0.00000e+00 0.00000e+00 
6.50000e+00 0.00000e+00 0.00000e+00 0.00000e+00 0.00000e+00 
7.00000e+00 0.00000e+00 0.00000e+00 0.00000e+00 0.00000e+00 
7.50000e+00 0.00000e+00 0.00000e+00 0.00000e+00 0.00000e+00 
8.00000e+00 0.00000e+00 0.00000e+00 0.00000e+00 0.00000e+00 
8.50000e+00 0.00000e+00 0.00000e+00 0.00000e+00 0.00000e+00 
9.00000e+00 0.00000e+00 0.00000e+00 0.00000e+00 0.00000e+00 
9.50000e+00 0.00000e+00 0.00000e+00 0.00000e+00 0.00000e+00 
1.00000e+01 0.00000e+00 0.00000e+00 0.00000e+00 0.00000e+00 
1.05000e+01 0.00000e+00 0.00000e+00 0.00000e+00 0.00000e+00 
1.10000e+01 0.00000e+00 0.00000e+00 0.00000e+00 0.00000e+00 
1.15000e+01 0.00000e+00 0.00000e+00 0.00000e+00 0.00000e+00 
1.20000e+01 0.00000e+00 0.00000e+00 0.00000e+00 0.00000e+00 
1.25000e+01 0.00000e+00 0.00000e+00 0.00000e+00 0.00000e+00 
1.30000e+01 0.00000e+00 0.00000e+00 0.00000e+00 0.00000e+00 
1.35000e+01 0.00000e+00 0.00000e+00 0.00000e+00 0.00000e+00 
1.40000e+01 0.00000e+00 0.00000e+00 0.00000e+00 0.00000e+00 
1.45000e+01 0.00000e+00 0.00000e+00 0.00000e+00 0.00000e+00 
1.50000e+01 0.00000e+00 0.00000e+00 0.00000e+00 0.00000e+00 
1.55000e+01 0.00000e+00 0.00000e+00 0.00000e+00 0.00000e+00 
1.60000e+01 0.00000e+00 0.00000e+00 0.00000e+00 0.00000e+00 
1.65000e+01 0.00000e+00 0.00000e+00 0.00000e+00 0.00000e+00 
1.70000e+01 0.00000e+00 0.00000e+00 0.00000e+00 0.00000e+00 
1.75000e+01 0.00000e+00 0.00000e+00 0.00000e+00 0.00000e+00 
1.80000e+01 0.00000e+00 0.00000e+00 0.00000e+00 0.00000e+00 
1.85000e+01 0.00000e+00 0.00000e+00 0.00000e+00 0.00000e+00 
1.90000e+01 0.00000e+00 0.00000e+00 0.00000e+00 0.00000e+00 
1.95000e+01 0.00000e+00 0.00000e+00 0.00000e+00 0.00000e+00 
2.00000e+01 0.00000e+00 0.00000e+00 0.00000e+00 0.00000e+00 
2.05000e+01 0.00000e+00 0.00000e+00 0.00000e+00 0.00000e+00 
2.10000e+01 0.00000e+00 0.00000e+00 0.00000e+00 0.00000e+00 
2.15000e+01 0.00000e+00 0.00000e+00 0.00000e+00 0.00000e+00 
2.20000e+01 0.00000e+00 0.00000e+00 0.00000e+00 0.00000e+00 
2.25000e+01 0.00000e+00 0.00000e+00 0.00000e+00 0.00000e+00 
2.30000e+01 0.00000e+00 0.00000e+00 0.00000e+00 0.00000e+00 
2.35000e+01 0.00000e+00 0.00000e+00 0.00000e+00 0.00000e+00 
2.40000e+01 0.00000e+00 0.00000e+00 0.00000e+00 0.00000e+00 
2.45000e+01 0.00000e+00 0.00000e+00 0.00000e+00 0.00000e+00 
2.50000e+01 0.00000e+00 0.00000e+00 0.00000e+00 0.00000e+00 
2.55000e+01 0.00000e+00 0.00000e+00 0.00000e+00 0.00000e+00 
2.60000e+01 0.00000e+00 0.00000e+00 0.00000e+00 0.00000e+00 
2.65000e+01 0.00000e+00 0.00000e+00 0.00000e+00 0.00000e+00 
2.70000e+01 0.00000e+00 0.00000e+00 0.00000e+00 0.00000e+00 
2.75000e+01 0.00000e+00 0.00000e+00 0.00000e+00 0.00000e+00 
2.80000e+01 0.00000e+00 0.00000e+00 0.00000e+00 0.00000e+00 
2.85000e+01 0.00000e+00 0.00000e+00 0.00000e+00 0.00000e+00 
2.90000e+01 0.00000e+00 0.00000e+00 0.00000e+00 0.00000e+00 
2.95000e+01 0.00000e+00 0.00000e+00 0.00000e+00 0.00000e+00 
3.00000e+01 0.00000e+00 0.00000e+00 0.00000e+00 0.00000e+00 
3.05000e+01 0.00000e+00 0.00000e+00 0.00000e+00 0.00000e+00 
3.10000e+01 0.00000e+00 0.00000e+00 0.00000e+00 0.00000e+00 
3.15000e+01 0.00000e+00 0.00000e+00 0.00000e+00 0.00000e+00 
3.20000e+01 0.00000e+00 0.00000e+00 0.00000e+00 0.00000e+00 
3.25000e+01 0.00000e+00 0.00000e+00 0.00000e+00 0.00000e+00 
3.30000e+01 0.00000e+00 0.00000e+00 0.00000e+00 0.00000e+00 
3.35000e+01 0.00000e+00 0.00000e+00 0.00000e+00 0.00000e+00 
3.40000e+01 0.00000e+00 0.00000e+00 0.00000e+00 0.00000e+00 
3.45000e+01 0.00000e+00 0.00000e+00 0.00000e+00 0.00000e+00 
3.50000e+01 0.00000e+00 0.00000e+00 0.00000e+00 0.00000e+00 
3.55000e+01 0.00000e+00 0.00000e+00 0.00000e+00 0.00000e+00 
3.60000e+01 0.00000e+00 0.00000e+00 0.00000e+00 0.00000e+00 
3.65000e+01 0.00000e+00 0.00000e+00 0.00000e+00 0.00000e+00 
3.70000e+01 0.00000e+00 0.00000e+00 0.00000e+00 0.00000e+00 
3.75000e+01 0.00000e+00 0.00000e+00 0.00000e+00 0.00000e+00 
3.80000e+01 0.00000e+00 0.00000e+00 0.00000e+00 0.00000e+00 
3.85000e+01 0.00000e+00 0.00000e+00 0.00000e+00 0.00000e+00 
3.90000e+01 0.00000e+00 0.00000e+00 0.00000e+00 0.00000e+00 
3.95000e+01 0.00000e+00 0.00000e+00 0.00000e+00 0.00000e+00 
4.00000e+01 0.00000e+00 0.00000e+00 0.00000e+00 0.00000e+00 
4.05000e+01 0.00000e+00 0.00000e+00 0.00000e+00 0.00000e+00 
4.10000e+01 0.00000e+00 0.00000e+00 0.00000e+00 0.00000e+00 
4.15000e+01 0.00000e+00 0.00000e+00 0.00000e+00 0.00000e+00 
4.20000e+01 0.00000e+00 0.00000e+00 0.00000e+00 0.00000e+00 
4.25000e+01 0.00000e+00 0.00000e+00 0.00000e+00 0.00000e+00 
4.30000e+01 0.00000e+00 0.00000e+00 0.00000e+00 0.00000e+00 
4.35000e+01 0.00000e+00 0.00000e+00 0.00000e+00 0.00000e+00 
4.40000e+01 0.00000e+00 0.00000e+00 0.00000e+00 0.00000e+00 
4.45000e+01 0.00000e+00 0.00000e+00 0.00000e+00 0.00000e+00 
4.50000e+01 0.00000e+00 0.00000e+00 0.00000e+00 0.00000e+00 
4.55000e+01 0.00000e+00 0.00000e+00 0.00000e+00 0.00000e+00 
4.60000e+01 0.00000e+00 0.00000e+00 0.00000e+00 0.00000e+00 
4.65000e+01 0.00000e+00 0.00000e+00 0.00000e+00 0.00000e+00 
4.70000e+01 0.00000e+00 0.00000e+00 0.00000e+00 0.00000e+00 
4.75000e+01 0.00000e+00 0.00000e+00 0.00000e+00 0.00000e+00 
4.80000e+01 0.00000e+00 0.00000e+00 0.00000e+00 0.00000e+00 
4.85000e+01 0.00000e+00 0.00000e+00 0.00000e+00 0.00000e+00 
4.90000e+01 0.00000e+00 0.00000e+00 0.00000e+00 0.00000e+00 
4.95000e+01 0.00000e+00 0.00000e+00 0.00000e+00 0.00000e+00 
5.00000e+01 0.00000e+00 0.00000e+00 0.00000e+00 0.00000e+00 
5.05000e+01 0.00000e+00 0.00000e+00 0.00000e+00 0.00000e+00 
5.10000e+01 0.00000e+00 0.00000e+00 0.00000e+00 0.00000e+00 
5.15000e+01 0.00000e+00 0.00000e+00 0.00000e+00 0.00000e+00 
5.20000e+01 0.00000e+00 0.00000e+00 0.00000e+00 0.00000e+00 
5.25000e+01 0.00000e+00 0.00000e+00 0.00000e+00 0.00000e+00 
5.30000e+01 0.00000e+00 0.00000e+00 0.00000e+00 0.00000e+00 
5.35000e+01 0.00000e+00 0.00000e+00 0.00000e+00 0.00000e+00 
5.40000e+01 0.00000e+00 0.00000e+00 0.00000e+00 0.00000e+00 
5.45000e+01 0.00000e+00 0.00000e+00 0.00000e+00 0.00000e+00 
5.50000e+01 0.00000e+00 0.00000e+00 0.00000e+00 0.00000e+00 
5.55000e+01 0.00000e+00 0.00000e+00 0.00000e+00 0.00000e+00 
5.60000e+01 0.00000e+00 0.00000e+00 0.00000e+00 0.00000e+00 
5.65000e+01 0.00000e+00 0.00000e+00 0.00000e+00 0.00000e+00 
5.70000e+01 0.00000e+00 0.00000e+00 0.00000e+00 0.00000e+00 
5.75000e+01 0.00000e+00 0.00000e+00 0.00000e+00 0.00000e+00 
5.80000e+01 0.00000e+00 0.00000e+00 0.00000e+00 0.00000e+00 
5.85000e+01 0.00000e+00 0.00000e+00 0.00000e+00 0.00000e+00 
5.90000e+01 0.00000e+00 0.00000e+00 0.00000e+00 0.00000e+00 
5.95000e+01 0.00000e+00 0.00000e+00 0.00000e+00 0.00000e+00 
6.00000e+01 0.00000e+00 0.00000e+00 0.00000e+00 0.00000e+00 
6.05000e+01 0.00000e+00 0.00000e+00 0.00000e+00 0.00000e+00 
6.10000e+01 0.00000e+00 0.00000e+00 0.00000e+00 0.00000e+00 
6.15000e+01 0.00000e+00 0.00000e+00 0.00000e+00 0.00000e+00 
6.20000e+01 0.00000e+00 0.00000e+00 0.00000e+00 0.00000e+00 
6.25000e+01 0.00000e+00 0.00000e+00 0.00000e+00 0.00000e+00 
6.30000e+01 0.00000e+00 0.00000e+00 0.00000e+00 0.00000e+00 
6.35000e+01 0.00000e+00 0.00000e+00 0.00000e+00 0.00000e+00 
6.40000e+01 0.00000e+00 0.00000e+00 0.00000e+00 0.00000e+00 
6.45000e+01 0.00000e+00 0.00000e+00 0.00000e+00 0.00000e+00 
6.50000e+01 0.00000e+00 0.00000e+00 0.00000e+00 0.00000e+00 
6.55000e+01 0.00000e+00 0.00000e+00 0.00000e+00 0.00000e+00 
6.60000e+01 0.00000e+00 0.00000e+00 0.00000e+00 0.00000e+00 
6.65000e+01 0.00000e+00 0.00000e+00 0.00000e+00 0.00000e+00 
6.70000e+01 0.00000e+00 0.00000e+00 0.00000e+00 0.00000e+00 
6.75000e+01 0.00000e+00 0.00000e+00 0.00000e+00 0.00000e+00 
6.80000e+01 0.00000e+00 0.00000e+00 0.00000e+00 0.00000e+00 
6.85000e+01 0.00000e+00 0.00000e+00 0.00000e+00 0.00000e+00 
6.90000e+01 0.00000e+00 0.00000e+00 0.00000e+00 0.00000e+00 
6.95000e+01 0.00000e+00 0.00000e+00 0.00000e+00 0.00000e+00 
7.00000e+01 0.00000e+00 0.00000e+00 0.00000e+00 0.00000e+00 
7.05000e+01 0.00000e+00 0.00000e+00 0.00000e+00 0.00000e+00 
7.10000e+01 0.00000e+00 0.00000e+00 0.00000e+00 0.00000e+00 
7.15000e+01 0.00000e+00 0.00000e+00 0.00000e+00 0.00000e+00 
7.20000e+01 0.00000e+00 0.00000e+00 0.00000e+00 0.00000e+00 
7.25000e+01 0.00000e+00 0.00000e+00 0.00000e+00 0.00000e+00 
7.30000e+01 0.00000e+00 0.00000e+00 0.00000e+00 0.00000e+00 
7.35000e+01 0.00000e+00 0.00000e+00 0.00000e+00 0.00000e+00 
7.40000e+01 0.00000e+00 0.00000e+00 0.00000e+00 0.00000e+00 
7.45000e+01 0.00000e+00 0.00000e+00 0.00000e+00 0.00000e+00 
7.50000e+01 0.00000e+00 0.00000e+00 0.00000e+00 0.00000e+00 
7.55000e+01 0.00000e+00 0.00000e+00 0.00000e+00 0.00000e+00 
7.60000e+01 0.00000e+00 0.00000e+00 0.00000e+00 0.00000e+00 
7.65000e+01 0.00000e+00 0.00000e+00 0.00000e+00 0.00000e+00 
7.70000e+01 0.00000e+00 0.00000e+00 0.00000e+00 0.00000e+00 
7.75000e+01 0.00000e+00 0.00000e+00 0.00000e+00 0.00000e+00 
7.80000e+01 0.00000e+00 0.00000e+00 0.00000e+00 0.00000e+00 
7.85000e+01 0.00000e+00 0.00000e+00 0.00000e+00 0.00000e+00 
7.90000e+01 0.00000e+00 0.00000e+00 0.00000e+00 0.00000e+00 
7.95000e+01 0.00000e+00 0.00000e+00 0.00000e+00 0.00000e+00 
8.00000e+01 0.00000e+00 0.00000e+00 0.00000e+00 0.00000e+00 
8.05000e+01 0.00000e+00 0.00000e+00 0.00000e+00 0.00000e+00 
8.10000e+01 0.00000e+00 0.00000e+00 0.00000e+00 0.00000e+00 
8.15000e+01 0.00000e+00 0.00000e+00 0.00000e+00 0.00000e+00 
8.20000e+01 0.00000e+00 0.00000e+00 0.00000e+00 0.00000e+00 
8.25000e+01 0.00000e+00 0.00000e+00 0.00000e+00 0.00000e+00 
8.30000e+01 0.00000e+00 0.00000e+00 0.00000e+00 0.00000e+00 
8.35000e+01 0.00000e+00 0.00000e+00 0.00000e+00 0.00000e+00 
8.40000e+01 0.00000e+00 0.00000e+00 0.00000e+00 0.00000e+00 
8.45000e+01 0.00000e+00 0.00000e+00 0.00000e+00 0.00000e+00 
8.50000e+01 0.00000e+00 0.00000e+00 0.00000e+00 0.00000e+00 
8.55000e+01 0.00000e+00 0.00000e+00 0.00000e+00 0.00000e+00 
8.60000e+01 0.00000e+00 0.00000e+00 0.00000e+00 0.00000e+00 
8.65000e+01 0.00000e+00 0.00000e+00 0.00000e+00 0.00000e+00 
8.70000e+01 0.00000e+00 0.00000e+00 0.00000e+00 0.00000e+00 
8.75000e+01 0.00000e+00 0.00000e+00 0.00000e+00 0.00000e+00 
8.80000e+01 0.00000e+00 0.00000e+00 0.00000e+00 0.00000e+00 
8.85000e+01 0.00000e+00 0.00000e+00 0.00000e+00 0.00000e+00 
8.90000e+01 0.00000e+00 0.00000e+00 0.00000e+00 0.00000e+00 
8.95000e+01 0.00000e+00 0.00000e+00 0.00000e+00 0.00000e+00 
9.00000e+01 0.00000e+00 0.00000e+00 0.00000e+00 0.00000e+00 
9.05000e+01 0.00000e+00 0.00000e+00 0.00000e+00 0.00000e+00 
9.10000e+01 0.00000e+00 0.00000e+00 0.00000e+00 0.00000e+00 
9.15000e+01 0.00000e+00 0.00000e+00 0.00000e+00 0.00000e+00 
9.20000e+01 0.00000e+00 0.00000e+00 0.00000e+00 0.00000e+00 
9.25000e+01 0.00000e+00 0.00000e+00 1.16161e-150 0.00000e+00 
9.30000e+01 0.00000e+00 0.00000e+00 1.04491e-63 0.00000e+00 
9.35000e+01 0.00000e+00 0.00000e+00 1.73068e-27 0.00000e+00 
9.40000e+01 0.00000e+00 0.00000e+00 3.71060e-11 0.00000e+00 
9.45000e+01 0.00000e+00 0.00000e+00 4.77476e-04 0.00000e+00 
9.50000e+01 0.00000e+00 0.00000e+00 4.48312e-02 0.00000e+00 
9.55000e+01 0.00000e+00 0.00000e+00 6.09356e-02 0.00000e+00 
9.60000e+01 0.00000e+00 0.00000e+00 6.89959e-02 0.00000e+00 
9.65000e+01 0.00000e+00 0.00000e+00 7.52542e-02 0.00000e+00 
9.70000e+01 0.00000e+00 0.00000e+00 8.07120e-02 0.00000e+00 
9.75000e+01 0.00000e+00 0.00000e+00 8.56871e-02 0.00000e+00 
9.80000e+01 0.00000e+00 0.00000e+00 9.05135e-02 0.00000e+00 
9.85000e+01 0.00000e+00 0.00000e+00 9.53928e-02 0.00000e+00 
9.90000e+01 0.00000e+00 0.00000e+00 1.00318e-01 0.00000e+00 
9.95000e+01 0.00000e+00 0.00000e+00 1.05111e-01 0.00000e+00 
1.00000e+02 0.00000e+00 0.00000e+00 1.09541e-01 0.00000e+00 
1.00500e+02 0.00000e+00 0.00000e+00 1.13454e-01 0.00000e+00 
1.01000e+02 0.00000e+00 0.00000e+00 1.16826e-01 0.00000e+00 
1.01500e+02 0.00000e+00 0.00000e+00 1.19734e-01 0.00000e+00 
1.02000e+02 0.00000e+00 0.00000e+00 1.22298e-01 0.00000e+00 
1.02500e+02 0.00000e+00 0.00000e+00 1.24634e-01 0.00000e+00 
1.03000e+02 0.00000e+00 0.00000e+00 1.26830e-01 0.00000e+00 
1.03500e+02 0.00000e+00 0.00000e+00 1.28937e-01 0.00000e+00 
1.04000e+02 0.00000e+00 0.00000e+00 1.30980e-01 0.00000e+00 
1.04500e+02 0.00000e+00 0.00000e+00 1.32972e-01 0.00000e+00 
1.05000e+02 0.00000e+00 0.00000e+00 1.34906e-01 0.00000e+00 
1.05500e+02 0.00000e+00 0.00000e+00 1.36769e-01 0.00000e+00 
1.06000e+02 0.00000e+00 0.00000e+00 1.38546e-01 0.00000e+00 
1.06500e+02 0.00000e+00 0.00000e+00 1.40230e-01 0.00000e+00 
1.07000e+02 0.00000e+00 0.00000e+00 1.41820e-01 0.00000e+00 
1.07500e+02 0.00000e+00 0.00000e+00 1.43317e-01 0.00000e+00 
1.08000e+02 0.00000e+00 0.00000e+00 1.44722e-01 0.00000e+00 
1.08500e+02 0.00000e+00 0.00000e+00 1.46042e-01 0.00000e+00 
1.09000e+02 0.00000e+00 0.00000e+00 1.47290e-01 0.00000e+00 
1.09500e+02 0.00000e+00 0.00000e+00 1.48482e-01 0.00000e+00 
1.10000e+02 0.00000e+00 0.00000e+00 1.49635e-01 0.00000e+00 
1.10500e+02 0.00000e+00 0.00000e+00 1.50759e-01 0.00000e+00 
1.11000e+02 0.00000e+00 0.00000e+00 1.51857e-01 0.00000e+00 
1.11500e+02 0.00000e+00 0.00000e+00 1.52929e-01 0.00000e+00 
1.12000e+02 0.00000e+00 0.00000e+00 1.53972e-01 0.00000e+00 
1.12500e+02 0.00000e+00 0.00000e+00 1.54988e-01 0.00000e+00 
1.13000e+02 0.00000e+00 0.00000e+00 1.55978e-01 0.00000e+00 
1.13500e+02 0.00000e+00 0.00000e+00 1.56945e-01 0.00000e+00 
1.14000e+02 0.00000e+00 0.00000e+00 1.57894e-01 0.00000e+00 
1.14500e+02 0.00000e+00 0.00000e+00 1.58827e-01 0.00000e+00 
1.15000e+02 0.00000e+00 0.00000e+00 1.59748e-01 0.00000e+00 
1.15500e+02 0.00000e+00 0.00000e+00 1.60658e-01 0.00000e+00 
1.16000e+02 0.00000e+00 0.00000e+00 1.61558e-01 0.00000e+00 
1.16500e+02 0.00000e+00 0.00000e+00 1.62449e-01 0.00000e+00 
1.17000e+02 0.00000e+00 0.00000e+00 1.63331e-01 0.00000e+00 
1.17500e+02 0.00000e+00 0.00000e+00 1.64203e-01 0.00000e+00 
1.18000e+02 0.00000e+00 0.00000e+00 1.65067e-01 0.00000e+00 
1.18500e+02 0.00000e+00 0.00000e+00 1.65923e-01 0.00000e+00 
1.19000e+02 0.00000e+00 0.00000e+00 1.66773e-01 0.00000e+00 
1.19500e+02 0.00000e+00 0.00000e+00 1.67620e-01 0.00000e+00 
1.20000e+02 0.00000e+00 0.00000e+00 1.68466e-01 0.00000e+00 
1.20500e+02 0.00000e+00 0.00000e+00 1.69315e-01 0.00000e+00 
1.21000e+02 0.00000e+00 0.00000e+00 1.70167e-01 0.00000e+00 
1.21500e+02 0.00000e+00 0.00000e+00 1.71024e-01 0.00000e+00 
1.22000e+02 0.00000e+00 0.00000e+00 1.71884e-01 0.00000e+00 
1.22500e+02 0.00000e+00 0.00000e+00 1.72748e-01 0.00000e+00 
1.23000e+02 0.00000e+00 0.00000e+00 1.73612e-01 0.00000e+00 
1.23500e+02 0.00000e+00 0.00000e+00 1.74473e-01 0.00000e+00 
1.24000e+02 0.00000e+00 0.00000e+00 1.75330e-01 0.00000e+00 
1.24500e+02 0.00000e+00 0.00000e+00 1.76179e-01 0.00000e+00 
1.25000e+02 0.00000e+00 0.00000e+00 1.77018e-01 0.00000e+00 
1.25500e+02 0.00000e+00 0.00000e+00 1.77846e-01 0.00000e+00 
1.26000e+02 0.00000e+00 0.00000e+00 1.78663e-01 0.00000e+00 
1.26500e+02 0.00000e+00 0.00000e+00 1.79467e-01 0.00000e+00 
1.27000e+02 0.00000e+00 0.00000e+00 1.80258e-01 0.00000e+00 
1.27500e+02 0.00000e+00 0.00000e+00 1.81038e-01 0.00000e+00 
1.28000e+02 0.00000e+00 0.00000e+00 1.81806e-01 0.00000e+00 
1.28500e+02 0.00000e+00 0.00000e+00 1.82563e-01 0.00000e+00 
1.29000e+02 0.00000e+00 0.00000e+00 1.83309e-01 0.00000e+00 
1.29500e+02 0.00000e+00 0.00000e+00 1.84044e-01 0.00000e+00 
1.30000e+02 0.00000e+00 0.00000e+00 1.84768e-01 0.00000e+00 
1.30500e+02 0.00000e+00 0.00000e+00 1.85484e-01 0.00000e+00 
1.31000e+02 0.00000e+00 0.00000e+00 1.86190e-01 0.00000e+00 
1.31500e+02 0.00000e+00 0.00000e+00 1.86889e-01 0.00000e+00 
1.32000e+02 0.00000e+00 0.00000e+00 1.87582e-01 0.00000e+00 
1.32500e+02 0.00000e+00 0.00000e+00 1.88269e-01 0.00000e+00 
1.33000e+02 0.00000e+00 0.00000e+00 1.88950e-01 0.00000e+00 
1.33500e+02 0.00000e+00 0.00000e+00 1.89628e-01 0.00000e+00 
1.34000e+02 0.00000e+00 0.00000e+00 1.90301e-01 0.00000e+00 
1.34500e+02 1.74140e-238 0.00000e+00 1.90968e-01 0.00000e+00 
1.35000e+02 3.03505e-152 0.00000e+00 1.91631e-01 0.00000e+00 
1.35500e+02 4.43545e-95 0.00000e+00 1.92287e-01 0.00000e+00 
1.36000e+02 4.90796e-57 0.00000e+00 1.92935e-01 0.00000e+00 
1.36500e+02 2.06366e-32 0.00000e+00 1.93576e-01 0.00000e+00 
1.37000e+02 3.42246e-17 0.00000e+00 1.94208e-01 0.00000e+00 
1.37500e+02 1.56535e-08 0.00000e+00 1.94831e-01 3.21966e-249 
1.38000e+02 4.11735e-04 0.00000e+00 1.95445e-01 4.99798e-134 
1.38500e+02 2.77421e-02 0.00000e+00 1.96050e-01 1.53629e-70 
1.39000e+02 5.88339e-02 0.00000e+00 1.96649e-01 4.32289e-36 
1.39500e+02 6.91064e-02 0.00000e+00 1.97238e-01 9.62205e-18 
1.40000e+02 7.49955e-02 0.00000e+00 1.97819e-01 2.91901e-08 
1.40500e+02 7.91298e-02 0.00000e+00 1.98394e-01 1.10505e-03 
1.41000e+02 8.23210e-02 0.00000e+00 1.98964e-01 4.18088e-02 
1.41500e+02 8.49810e-02 0.00000e+00 1.99534e-01 6.50166e-02 
1.42000e+02 8.73037e-02 0.00000e+00 2.00102e-01 7.37753e-02 
1.42500e+02 8.93982e-02 0.00000e+00 2.00670e-01 7.90247e-02 
1.43000e+02 9.13305e-02 0.00000e+00 2.01238e-01 8.28509e-02 
1.43500e+02 9.31460e-02 0.00000e+00 2.01805e-01 8.59895e-02 
1.44000e+02 9.48726e-02 0.00000e+00 2.02370e-01 8.87381e-02 
1.44500e+02 9.65216e-02 0.00000e+00 2.02930e-01 9.12162e-02 
1.45000e+02 9.80926e-02 0.00000e+00 2.03481e-01 9.34759e-02 
1.45500e+02 9.95813e-02 0.00000e+00 2.04023e-01 9.55491e-02 
1.46000e+02 1.00985e-01 0.00000e+00 2.04554e-01 9.74625e-02 
1.46500e+02 1.02304e-01 0.00000e+00 2.05073e-01 9.92402e-02 
1.47000e+02 1.03545e-01 0.00000e+00 2.05580e-01 1.00903e-01 
1.47500e+02 1.04713e-01 0.00000e+00 2.06075e-01 1.02466e-01 
1.48000e+02 1.05818e-01 0.00000e+00 2.06560e-01 1.03945e-01 
1.48500e+02 1.06864e-01 0.00000e+00 2.07034e-01 1.05349e-01 
1.49000e+02 1.07859e-01 0.00000e+00 2.07499e-01 1.06687e-01 
1.49500e+02 1.08808e-01 0.00000e+00 2.07956e-01 1.07967e-01 
1.50000e+02 1.09716e-01 0.00000e+00 2.08405e-01 1.09195e-01 
1.50500e+02 1.10586e-01 0.00000e+00 2.08848e-01 1.10378e-01 
1.51000e+02 1.11421e-01 0.00000e+00 2.09283e-01 1.11519e-01 
1.51500e+02 1.12225e-01 0.00000e+00 2.09713e-01 1.12623e-01 
1.52000e+02 1.12999e-01 0.00000e+00 2.10137e-01 1.13694e-01 
1.52500e+02 1.13747e-01 0.00000e+00 2.10556e-01 1.14736e-01 
1.53000e+02 1.14469e-01 0.00000e+00 2.10970e-01 1.15749e-01 
1.53500e+02 1.15169e-01 0.00000e+00 2.11379e-01 1.16737e-01 
1.54000e+02 1.15848e-01 0.00000e+00 2.11783e-01 1.17700e-01 
1.54500e+02 1.16508e-01 0.00000e+00 2.12184e-01 1.18639e-01 
1.55000e+02 1.17150e-01 0.00000e+00 2.12580e-01 1.19555e-01 
1.55500e+02 1.17775e-01 0.00000e+00 2.12972e-01 1.20448e-01 
1.56000e+02 1.18386e-01 0.00000e+00 2.13360e-01 1.21319e-01 
1.56500e+02 1.18984e-01 0.00000e+00 2.13744e-01 1.22168e-01 
1.57000e+02 1.19570e-01 0.00000e+00 2.14125e-01 1.22996e-01 
1.57500e+02 1.20144e-01 0.00000e+00 2.14502e-01 1.23804e-01 
1.58000e+02 1.20709e-01 0.00000e+00 2.14875e-01 1.24594e-01 
1.58500e+02 1.21265e-01 0.00000e+00 2.15245e-01 1.25367e-01 
1.59000e+02 1.21812e-01 0.00000e+00 2.15612e-01 1.26124e-01 
1.59500e+02 1.22352e-01 0.00000e+00 2.15975e-01 1.26868e-01 
1.60000e+02 1.22885e-01 0.00000e+00 2.16335e-01 1.27599e-01 
1.60500e+02 1.23412e-01 0.00000e+00 2.16692e-01 1.28319e-01 
1.61000e+02 1.23933e-01 0.00000e+00 2.17046e-01 1.29029e-01 
1.61500e+02 1.24448e-01 0.00000e+00 2.17397e-01 1.29728e-01 
1.62000e+02 1.24957e-01 0.00000e+00 2.17745e-01 1.30419e-01 
1.62500e+02 1.25460e-01 0.00000e+00 2.18090e-01 1.31100e-01 
1.63000e+02 1.25958e-01 0.00000e+00 2.18432e-01 1.31771e-01 
1.63500e+02 1.26450e-01 0.00000e+00 2.18772e-01 1.32433e-01 
1.64000e+02 1.26936e-01 0.00000e+00 2.19109e-01 1.33086e-01 
1.64500e+02 1.27417e-01 0.00000e+00 2.19443e-01 1.33729e-01 
1.65000e+02 1.27891e-01 0.00000e+00 2.19775e-01 1.34362e-01 
1.65500e+02 1.28360e-01 0.00000e+00 2.20105e-01 1.34985e-01 
1.66000e+02 1.28823e-01 0.00000e+00 2.20432e-01 1.35598e-01 
1.66500e+02 1.29281e-01 0.00000e+00 2.20757e-01 1.36202e-01 
1.67000e+02 1.29732e-01 0.00000e+00 2.21079e-01 1.36796e-01 
1.67500e+02 1.30178e-01 0.00000e+00 2.21400e-01 1.37380e-01 
1.68000e+02 1.30618e-01 0.00000e+00 2.21719e-01 1.37955e-01 
1.68500e+02 1.31052e-01 0.00000e+00 2.22035e-01 1.38522e-01 
1.69000e+02 1.31481e-01 0.00000e+00 2.22350e-01 1.39079e-01 
1.69500e+02 1.31905e-01 0.00000e+00 2.22663e-01 1.39629e-01 
1.70000e+02 1.32323e-01 0.00000e+00 2.22974e-01 1.40171e-01 
1.70500e+02 1.32737e-01 0.00000e+00 2.23283e-01 1.40706e-01 
1.71000e+02 1.33146e-01 0.00000e+00 2.23591e-01 1.41235e-01 
1.71500e+02 1.33550e-01 0.00000e+00 2.23897e-01 1.41758e-01 
1.72000e+02 1.33950e-01 0.00000e+00 2.24202e-01 1.42276e-01 
1.72500e+02 1.34346e-01 0.00000e+00 2.24505e-01 1.42789e-01 
1.73000e+02 1.34737e-01 0.00000e+00 2.24807e-01 1.43298e-01 
1.73500e+02 1.35125e-01 0.00000e+00 2.25107e-01 1.43804e-01 
1.74000e+02 1.35510e-01 0.00000e+00 2.25406e-01 1.44306e-01 
1.74500e+02 1.35891e-01 3.60432e-235 2.25704e-01 1.44806e-01 
1.75000e+02 1.36269e-01 2.46989e-160 2.26001e-01 1.45304e-01 
1.75500e+02 1.36644e-01 6.35511e-106 2.26296e-01 1.45801e-01 
1.76000e+02 1.37016e-01 1.74514e-67 2.26591e-01 1.46296e-01 
1.76500e+02 1.37385e-01 2.78259e-41 2.26884e-01 1.46790e-01 
1.77000e+02 1.37752e-01 3.95422e-24 2.27177e-01 1.47283e-01 
1.77500e+02 1.38116e-01 1.98978e-13 2.27469e-01 1.47777e-01 
1.78000e+02 1.38478e-01 3.63480e-07 2.27759e-01 1.48270e-01 
1.78500e+02 1.38838e-01 8.03397e-04 2.28049e-01 1.48763e-01 
1.79000e+02 1.39197e-01 2.42185e-02 2.28339e-01 1.49257e-01 
1.79500e+02 1.39553e-01 5.48903e-02 2.28628e-01 1.49752e-01 
1.80000e+02 1.39909e-01 6.56270e-02 2.28916e-01 1.50247e-01 
1.80500e+02 1.40262e-01 7.14149e-02 2.29203e-01 1.50743e-01 
1.81000e+02 1.40613e-01 7.55025e-02 2.29490e-01 1.51239e-01 
1.81500e+02 1.40962e-01 7.87505e-02 2.29775e-01 1.51735e-01 
1.82000e+02 1.41309e-01 8.15169e-02 2.30060e-01 1.52232e-01 
1.82500e+02 1.41655e-01 8.39657e-02 2.30345e-01 1.52729e-01 
1.83000e+02 1.41998e-01 8.61658e-02 2.30628e-01 1.53226e-01 
1.83500e+02 1.42340e-01 8.81461e-02 2.30910e-01 1.53724e-01 
1.84000e+02 1.42679e-01 8.99282e-02 2.31192e-01 1.54222e-01 
1.84500e+02 1.43017e-01 9.15371e-02 2.31474e-01 1.54720e-01 
1.85000e+02 1.43352e-01 9.30002e-02 2.31754e-01 1.55218e-01 
1.85500e+02 1.43685e-01 9.43438e-02 2.32034e-01 1.55717e-01 
1.86000e+02 1.44016e-01 9.55905e-02 2.32313e-01 1.56215e-01 
1.86500e+02 1.44345e-01 9.67584e-02 2.32591e-01 1.56713e-01 
1.87000e+02 1.44671e-01 9.78614e-02 2.32869e-01 1.57210e-01 
1.87500e+02 1.44995e-01 9.89105e-02 2.33145e-01 1.57707e-01 
1.88000e+02 1.45317e-01 9.99139e-02 2.33422e-01 1.58204e-01 
1.88500e+02 1.45636e-01 1.00878e-01 2.33697e-01 1.58700e-01 
1.89000e+02 1.45953e-01 1.01808e-01 2.33972e-01 1.59196e-01 
1.89500e+02 1.46267e-01 1.02708e-01 2.34246e-01 1.59691e-01 
1.90000e+02 1.46578e-01 1.03580e-01 2.34519e-01 1.60185e-01 
1.90500e+02 1.46887e-01 1.04428e-01 2.34791e-01 1.60678e-01 
1.91000e+02 1.47193e-01 1.05253e-01 2.35063e-01 1.61170e-01 
1.91500e+02 1.47496e-01 1.06057e-01 2.35334e-01 1.61661e-01 
1.92000e+02 1.47797e-01 1.06842e-01 2.35604e-01 1.62151e-01 
1.92500e+02 1.48095e-01 1.07607e-01 2.35873e-01 1.62640e-01 
1.93000e+02 1.48390e-01 1.08355e-01 2.36141e-01 1.63128e-01 
1.93500e+02 1.48683e-01 1.09086e-01 2.36409e-01 1.63614e-01 
1.94000e+02 1.48973e-01 1.09802e-01 2.36676e-01 1.64099e-01 
1.94500e+02 1.49261e-01 1.10502e-01 2.36941e-01 1.64582e-01 
1.95000e+02 1.49546e-01 1.11188e-01 2.37206e-01 1.65064e-01 
1.95500e+02 1.49829e-01 1.11860e-01 2.37470e-01 1.65544e-01 
1.96000e+02 1.50109e-01 1.12519e-01 2.37733e-01 1.66023e-01 
1.96500e+02 1.50387e-01 1.13166e-01 2.37995e-01 1.66500e-01 
1.97000e+02 1.50662e-01 1.13801e-01 2.38256e-01 1.66975e-01 
1.97500e+02 1.50936e-01 1.14425e-01 2.38516e-01 1.67449e-01 
1.98000e+02 1.51207e-01 1.15038e-01 2.38776e-01 1.67920e-01 
1.98500e+02 1.51475e-01 1.15642e-01 2.39034e-01 1.68390e-01 
1.99000e+02 1.51742e-01 1.16236e-01 2.39291e-01 1.68858e-01 
1.99500e+02 1.52007e-01 1.16823e-01 2.39547e-01 1.69323e-01 
2.00000e+02 1.52270e-01 1.17401e-01 2.39803e-01 1.69787e-01 
2.00500e+02 1.52530e-01 1.17973e-01 2.40057e-01 1.70248e-01 
2.01000e+02 1.52789e-01 1.18538e-01 2.40310e-01 1.70708e-01 
2.01500e+02 1.53046e-01 1.19098e-01 2.40562e-01 1.71165e-01 
2.02000e+02 1.53301e-01 1.19652e-01 2.40814e-01 1.71619e-01 
2.02500e+02 1.53555e-01 1.20202e-01 2.41064e-01 1.72072e-01 
2.03000e+02 1.53806e-01 1.20748e-01 2.41313e-01 1.72522e-01 
2.03500e+02 1.54056e-01 1.21290e-01 2.41561e-01 1.72969e-01 
2.04000e+02 1.54304e-01 1.21829e-01 2.41809e-01 1.73414e-01 
2.04500e+02 1.54551e-01 1.22364e-01 2.42055e-01 1.73857e-01 
2.05000e+02 1.54796e-01 1.22897e-01 2.42300e-01 1.74296e-01 
2.05500e+02 1.55040e-01 1.23426e-01 2.42544e-01 1.74734e-01 
2.06000e+02 1.55282e-01 1.23953e-01 2.42787e-01 1.75168e-01 
2.06500e+02 1.55522e-01 1.24476e-01 2.43029e-01 1.75600e-01 
2.07000e+02 1.55762e-01 1.24996e-01 2.43270e-01 1.76029e-01 
2.07500e+02 1.55999e-01 1.25513e-01 2.43510e-01 1.76455e-01 
2.08000e+02 1.56236e-01 1.26026e-01 2.43749e-01 1.76878e-01 
2.08500e+02 1.56471e-01 1.26535e-01 2.43987e-01 1.77299e-01 
2.09000e+02 1.56704e-01 1.27040e-01 2.44224e-01 1.77716e-01 
2.09500e+02 1.56937e-01 1.27540e-01 2.44460e-01 1.78131e-01 
2.10000e+02 1.57168e-01 1.28036e-01 2.44695e-01 1.78543e-01 
2.10500e+02 1.57398e-01 1.28527e-01 2.44928e-01 1.78952e-01 
2.11000e+02 1.57626e-01 1.29013e-01 2.45161e-01 1.79358e-01 
2.11500e+02 1.57854e-01 1.29494e-01 2.45392e-01 1.79761e-01 
2.12000e+02 1.58080e-01 1.29969e-01 2.45623e-01 1.80161e-01 
2.12500e+02 1.58305e-01 1.30439e-01 2.45852e-01 1.80558e-01 
2.13000e+02 1.58529e-01 1.30904e-01 2.46080e-01 1.80952e-01 
2.13500e+02 1.58752e-01 1.31363e-01 2.46307e-01 1.81344e-01 
2.14000e+02 1.58973e-01 1.31817e-01 2.46533e-01 1.81732e-01 
2.14500e+02 1.59194e-01 1.32265e-01 2.46757e-01 1.82118e-01 
2.15000e+02 1.59413e-01 1.32707e-01 2.46981e-01 1.82500e-01 
2.15500e+02 1.59631e-01 1.33145e-01 2.47203e-01 1.82880e-01 
2.16000e+02 1.59848e-01 1.33577e-01 2.47424e-01 1.83257e-01 
2.16500e+02 1.60063e-01 1.34003e-01 2.47644e-01 1.83631e-01 
2.17000e+02 1.60278e-01 1.34425e-01 2.47863e-01 1.84002e-01 
2.17500e+02 1.60491e-01 1.34841e-01 2.48081e-01 1.84371e-01 
2.18000e+02 1.60703e-01 1.35253e-01 2.48297e-01 1.84737e-01 
2.18500e+02 1.60914e-01 1.35659e-01 2.48512e-01 1.85100e-01 
2.19000e+02 1.61124e-01 1.36061e-01 2.48726e-01 1.85461e-01 
2.19500e+02 1.61332e-01 1.36459e-01 2.48939e-01 1.85818e-01 
2.20000e+02 1.61539e-01 1.36852e-01 2.49150e-01 1.86174e-01 
2.20500e+02 1.61745e-01 1.37241e-01 2.49360e-01 1.86527e-01 
2.21000e+02 1.61949e-01 1.37626e-01 2.49569e-01 1.86877e-01 
2.21500e+02 1.62152e-01 1.38007e-01 2.49777e-01 1.87225e-01 
2.22000e+02 1.62354e-01 1.38384e-01 2.49984e-01 1.87570e-01 
2.22500e+02 1.62554e-01 1.38758e-01 2.50189e-01 1.87913e-01 
2.23000e+02 1.62753e-01 1.39128e-01 2.50393e-01 1.88254e-01 
2.23500e+02 1.62950e-01 1.39495e-01 2.50596e-01 1.88593e-01 
2.24000e+02 1.63146e-01 1.39858e-01 2.50798e-01 1.88929e-01 
2.24500e+02 1.63341e-01 1.40219e-01 2.50999e-01 1.89264e-01 
2.25000e+02 1.63534e-01 1.40576e-01 2.51198e-01 1.89596e-01 
2.25500e+02 1.63726e-01 1.40931e-01 2.51397e-01 1.89927e-01 
2.26000e+02 1.63916e-01 1.41283e-01 2.51594e-01 1.90255e-01 
2.26500e+02 1.64105e-01 1.41633e-01 2.51791e-01 1.90582e-01 
2.27000e+02 1.64292e-01 1.41980e-01 2.51986e-01 1.90908e-01 
2.27500e+02 1.64478e-01 1.42324e-01 2.52180e-01 1.91231e-01 
2.28000e+02 1.64663e-01 1.42667e-01 2.52373e-01 1.91553e-01 
2.28500e+02 1.64846e-01 1.43007e-01 2.52566e-01 1.91874e-01 
2.29000e+02 1.65027e-01 1.43345e-01 2.52757e-01 1.92194e-01 
2.29500e+02 1.65207e-01 1.43682e-01 2.52947e-01 1.92512e-01 
2.30000e+02 1.65385e-01 1.44016e-01 2.53137e-01 1.92829e-01 
2.30500e+02 1.65562e-01 1.44348e-01 2.53326e-01 1.93145e-01 
2.31000e+02 1.65737e-01 1.44679e-01 2.53513e-01 1.93460e-01 
2.31500e+02 1.65911e-01 1.45008e-01 2.53701e-01 1.93774e-01 
2.32000e+02 1.66083e-01 1.45336e-01 2.53887e-01 1.94088e-01 
2.32500e+02 1.66254e-01 1.45661e-01 2.54072e-01 1.94400e-01 
2.33000e+02 1.66423e-01 1.45986e-01 2.54257e-01 1.94712e-01 
2.33500e+02 1.66590e-01 1.46308e-01 2.54442e-01 1.95023e-01 
2.34000e+02 1.66756e-01 1.46630e-01 2.54625e-01 1.95334e-01 
2.34500e+02 1.66921e-01 1.46950e-01 2.54809e-01 1.95644e-01 
2.35000e+02 1.67084e-01 1.47268e-01 2.54991e-01 1.95954e-01 
2.35500e+02 1.67245e-01 1.47585e-01 2.55173e-01 1.96264e-01 
2.36000e+02 1.67406e-01 1.47901e-01 2.55355e-01 1.96573e-01 
2.36500e+02 1.67565e-01 1.48215e-01 2.55536e-01 1.96882e-01 
2.37000e+02 1.67723e-01 1.48528e-01 2.55717e-01 1.97191e-01 
2.37500e+02 1.67880e-01 1.48840e-01 2.55897e-01 1.97500e-01 
2.38000e+02 1.68036e-01 1.49150e-01 2.56077e-01 1.97809e-01 
2.38500e+02 1.68190e-01 1.49459e-01 2.56257e-01 1.98117e-01 
2.39000e+02 1.68344e-01 1.49766e-01 2.56437e-01 1.98426e-01 
2.39500e+02 1.68497e-01 1.50072e-01 2.56616e-01 1.98735e-01 
2.40000e+02 1.68649e-01 1.50377e-01 2.56795e-01 1.99044e-01 
