0.00000e+00 0.00000e+00 0.00000e+00 0.00000e+00 0.00000e+00 
5.00000e-01 0.00000e+00 0.00000e+00 0.00000e+00 0.00000e+00 
1.00000e+00 0.00000e+00 0.00000e+00 0.00000e+00 0.00000e+00 
1.50000e+00 0.00000e+00 0.00000e+00 0.00000e+00 0.00000e+00 
2.00000e+00 0.00000e+00 0.00000e+00 0.00000e+00 0.00000e+00 
2.50000e+00 0.00000e+00 0.00000e+00 0.00000e+00 0.00000e+00 
3.00000e+00 0.00000e+00 0.00000e+00 0.00000e+00 0.00000e+00 
3.50000e+00 0.00000e+00 0.00000e+00 0.00000e+00 0.00000e+00 
4.00000e+00 0.00000e+00 0.00000e+00 0.00000e+00 0.00000e+00 
4.50000e+00 0.00000e+00 0.00000e+00 0.00000e+00 0.00000e+00 
5.00000e+00 0.00000e+00 0.00000e+00 0.00000e+00 0.00000e+00 
5.50000e+00 0.00000e+00 0.00000e+00 0.00000e+00 0.00000e+00 
6.00000e+00 0.00000e+00 0.00000e+00 0.00000e+00 0.00000e+00 
6.50000e+00 0.00000e+00 0.00000e+00 0.00000e+00 0.00000e+00 
7.00000e+00 0.00000e+00 0.00000e+00 0.00000e+00 0.00000e+00 
7.50000e+00 0.00000e+00 0.00000e+00 0.00000e+00 0.00000e+00 
8.00000e+00 0.00000e+00 0.00000e+00 0.00000e+00 0.00000e+00 
8.50000e+00 0.00000e+00 0.00000e+00 0.00000e+00 0.00000e+00 
9.00000e+00 0.00000e+00 0.00000e+00 0.00000e+00 0.00000e+00 
9.50000e+00 0.00000e+00 0.00000e+00 0.00000e+00 0.00000e+00 
1.00000e+01 0.00000e+00 0.00000e+00 0.00000e+00 0.00000e+00 
1.05000e+01 0.00000e+00 0.00000e+00 0.00000e+00 0.00000e+00 
1.10000e+01 0.00000e+00 0.00000e+00 0.00000e+00 0.00000e+00 
1.15000e+01 0.00000e+00 0.00000e+00 0.00000e+00 0.00000e+00 
1.20000e+01 0.00000e+00 0.00000e+00 0.00000e+00 0.00000e+00 
1.25000e+01 0.00000e+00 0.00000e+00 0.00000e+00 0.00000e+00 
1.30000e+01 0.00000e+00 0.00000e+00 0.00000e+00 0.00000e+00 
1.35000e+01 0.00000e+00 0.00000e+00 0.00000e+00 0.00000e+00 
1.40000e+01 0.00000e+00 0.00000e+00 0.00000e+00 0.00000e+00 
1.45000e+01 0.00000e+00 0.00000e+00 0.00000e+00 0.00000e+00 
1.50000e+01 0.00000e+00 0.00000e+00 0.00000e+00 0.00000e+00 
1.55000e+01 0.00000e+00 0.00000e+00 0.00000e+00 0.00000e+00 
1.60000e+01 0.00000e+00 0.00000e+00 0.00000e+00 0.00000e+00 
1.65000e+01 0.00000e+00 0.00000e+00 0.00000e+00 0.00000e+00 
1.70000e+01 0.00000e+00 0.00000e+00 0.00000e+00 0.00000e+00 
1.75000e+01 0.00000e+00 0.00000e+00 0.00000e+00 0.00000e+00 
1.80000e+01 0.00000e+00 0.00000e+00 0.00000e+00 0.00000e+00 
1.85000e+01 0.00000e+00 0.00000e+00 0.00000e+00 0.00000e+00 
1.90000e+01 0.00000e+00 0.00000e+00 0.00000e+00 0.00000e+00 
1.95000e+01 0.00000e+00 0.00000e+00 0.00000e+00 0.00000e+00 
2.00000e+01 0.00000e+00 0.00000e+00 0.00000e+00 0.00000e+00 
2.05000e+01 0.00000e+00 0.00000e+00 0.00000e+00 0.00000e+00 
2.10000e+01 0.00000e+00 0.00000e+00 0.00000e+00 0.00000e+00 
2.15000e+01 0.00000e+00 0.00000e+00 0.00000e+00 0.00000e+00 
2.20000e+01 0.00000e+00 0.00000e+00 0.00000e+00 0.00000e+00 
2.25000e+01 0.00000e+00 0.00000e+00 0.00000e+00 0.00000e+00 
2.30000e+01 0.00000e+00 0.00000e+00 0.00000e+00 0.00000e+00 
2.35000e+01 0.00000e+00 0.00000e+00 0.00000e+00 0.00000e+00 
2.40000e+01 0.00000e+00 0.00000e+00 0.00000e+00 0.00000e+00 
2.45000e+01 0.00000e+00 0.00000e+00 0.00000e+00 0.00000e+00 
2.50000e+01 0.00000e+00 0.00000e+00 0.00000e+00 0.00000e+00 
2.55000e+01 0.00000e+00 0.00000e+00 0.00000e+00 0.00000e+00 
2.60000e+01 0.00000e+00 0.00000e+00 0.00000e+00 0.00000e+00 
2.65000e+01 0.00000e+00 0.00000e+00 0.00000e+00 0.00000e+00 
2.70000e+01 0.00000e+00 0.00000e+00 0.00000e+00 0.00000e+00 
2.75000e+01 0.00000e+00 0.00000e+00 0.00000e+00 0.00000e+00 
2.80000e+01 0.00000e+00 0.00000e+00 0.00000e+00 0.00000e+00 
2.85000e+01 0.00000e+00 0.00000e+00 0.00000e+00 0.00000e+00 
2.90000e+01 0.00000e+00 0.00000e+00 0.00000e+00 0.00000e+00 
2.95000e+01 0.00000e+00 0.00000e+00 0.00000e+00 0.00000e+00 
3.00000e+01 0.00000e+00 0.00000e+00 0.00000e+00 0.00000e+00 
3.05000e+01 0.00000e+00 0.00000e+00 0.00000e+00 0.00000e+00 
3.10000e+01 0.00000e+00 0.00000e+00 0.00000e+00 0.00000e+00 
3.15000e+01 0.00000e+00 0.00000e+00 0.00000e+00 0.00000e+00 
3.20000e+01 0.00000e+00 0.00000e+00 0.00000e+00 0.00000e+00 
3.25000e+01 0.00000e+00 0.00000e+00 0.00000e+00 0.00000e+00 
3.30000e+01 0.00000e+00 0.00000e+00 0.00000e+00 0.00000e+00 
3.35000e+01 0.00000e+00 0.00000e+00 0.00000e+00 0.00000e+00 
3.40000e+01 0.00000e+00 0.00000e+00 0.00000e+00 0.00000e+00 
3.45000e+01 0.00000e+00 0.00000e+00 0.00000e+00 0.00000e+00 
3.50000e+01 0.00000e+00 0.00000e+00 0.00000e+00 0.00000e+00 
3.55000e+01 0.00000e+00 0.00000e+00 0.00000e+00 0.00000e+00 
3.60000e+01 0.00000e+00 0.00000e+00 0.00000e+00 0.00000e+00 
3.65000e+01 0.00000e+00 0.00000e+00 0.00000e+00 0.00000e+00 
3.70000e+01 0.00000e+00 0.00000e+00 0.00000e+00 0.00000e+00 
3.75000e+01 0.00000e+00 0.00000e+00 0.00000e+00 0.00000e+00 
3.80000e+01 0.00000e+00 0.00000e+00 0.00000e+00 0.00000e+00 
3.85000e+01 0.00000e+00 0.00000e+00 0.00000e+00 0.00000e+00 
3.90000e+01 0.00000e+00 0.00000e+00 0.00000e+00 0.00000e+00 
3.95000e+01 0.00000e+00 0.00000e+00 0.00000e+00 0.00000e+00 
4.00000e+01 0.00000e+00 0.00000e+00 0.00000e+00 0.00000e+00 
4.05000e+01 0.00000e+00 0.00000e+00 0.00000e+00 0.00000e+00 
4.10000e+01 0.00000e+00 0.00000e+00 0.00000e+00 0.00000e+00 
4.15000e+01 0.00000e+00 0.00000e+00 0.00000e+00 0.00000e+00 
4.20000e+01 0.00000e+00 0.00000e+00 0.00000e+00 0.00000e+00 
4.25000e+01 0.00000e+00 0.00000e+00 0.00000e+00 0.00000e+00 
4.30000e+01 0.00000e+00 0.00000e+00 0.00000e+00 0.00000e+00 
4.35000e+01 0.00000e+00 0.00000e+00 0.00000e+00 0.00000e+00 
4.40000e+01 0.00000e+00 0.00000e+00 0.00000e+00 0.00000e+00 
4.45000e+01 0.00000e+00 0.00000e+00 0.00000e+00 0.00000e+00 
4.50000e+01 0.00000e+00 0.00000e+00 0.00000e+00 0.00000e+00 
4.55000e+01 0.00000e+00 0.00000e+00 0.00000e+00 0.00000e+00 
4.60000e+01 0.00000e+00 0.00000e+00 0.00000e+00 0.00000e+00 
4.65000e+01 0.00000e+00 0.00000e+00 0.00000e+00 0.00000e+00 
4.70000e+01 0.00000e+00 0.00000e+00 0.00000e+00 0.00000e+00 
4.75000e+01 0.00000e+00 0.00000e+00 0.00000e+00 0.00000e+00 
4.80000e+01 0.00000e+00 0.00000e+00 0.00000e+00 0.00000e+00 
4.85000e+01 0.00000e+00 0.00000e+00 0.00000e+00 0.00000e+00 
4.90000e+01 0.00000e+00 0.00000e+00 0.00000e+00 0.00000e+00 
4.95000e+01 0.00000e+00 0.00000e+00 0.00000e+00 0.00000e+00 
5.00000e+01 0.00000e+00 0.00000e+00 0.00000e+00 0.00000e+00 
5.05000e+01 0.00000e+00 0.00000e+00 0.00000e+00 0.00000e+00 
5.10000e+01 0.00000e+00 0.00000e+00 0.00000e+00 0.00000e+00 
5.15000e+01 0.00000e+00 0.00000e+00 0.00000e+00 0.00000e+00 
5.20000e+01 0.00000e+00 0.00000e+00 0.00000e+00 0.00000e+00 
5.25000e+01 0.00000e+00 0.00000e+00 0.00000e+00 0.00000e+00 
5.30000e+01 0.00000e+00 0.00000e+00 0.00000e+00 0.00000e+00 
5.35000e+01 0.00000e+00 0.00000e+00 0.00000e+00 0.00000e+00 
5.40000e+01 0.00000e+00 0.00000e+00 0.00000e+00 0.00000e+00 
5.45000e+01 0.00000e+00 0.00000e+00 0.00000e+00 0.00000e+00 
5.50000e+01 0.00000e+00 0.00000e+00 0.00000e+00 0.00000e+00 
5.55000e+01 0.00000e+00 0.00000e+00 0.00000e+00 0.00000e+00 
5.60000e+01 0.00000e+00 0.00000e+00 0.00000e+00 0.00000e+00 
5.65000e+01 0.00000e+00 0.00000e+00 0.00000e+00 0.00000e+00 
5.70000e+01 0.00000e+00 0.00000e+00 0.00000e+00 0.00000e+00 
5.75000e+01 0.00000e+00 0.00000e+00 0.00000e+00 0.00000e+00 
5.80000e+01 0.00000e+00 0.00000e+00 0.00000e+00 0.00000e+00 
5.85000e+01 0.00000e+00 0.00000e+00 0.00000e+00 0.00000e+00 
5.90000e+01 0.00000e+00 0.00000e+00 0.00000e+00 0.00000e+00 
5.95000e+01 0.00000e+00 0.00000e+00 0.00000e+00 0.00000e+00 
6.00000e+01 0.00000e+00 0.00000e+00 0.00000e+00 0.00000e+00 
6.05000e+01 0.00000e+00 0.00000e+00 0.00000e+00 0.00000e+00 
6.10000e+01 0.00000e+00 0.00000e+00 0.00000e+00 0.00000e+00 
6.15000e+01 0.00000e+00 0.00000e+00 0.00000e+00 0.00000e+00 
6.20000e+01 0.00000e+00 0.00000e+00 0.00000e+00 0.00000e+00 
6.25000e+01 0.00000e+00 0.00000e+00 0.00000e+00 0.00000e+00 
6.30000e+01 0.00000e+00 0.00000e+00 0.00000e+00 0.00000e+00 
6.35000e+01 0.00000e+00 0.00000e+00 0.00000e+00 0.00000e+00 
6.40000e+01 0.00000e+00 0.00000e+00 0.00000e+00 0.00000e+00 
6.45000e+01 0.00000e+00 0.00000e+00 0.00000e+00 0.00000e+00 
6.50000e+01 0.00000e+00 0.00000e+00 0.00000e+00 0.00000e+00 
6.55000e+01 0.00000e+00 0.00000e+00 0.00000e+00 0.00000e+00 
6.60000e+01 0.00000e+00 0.00000e+00 0.00000e+00 0.00000e+00 
6.65000e+01 0.00000e+00 0.00000e+00 0.00000e+00 0.00000e+00 
6.70000e+01 0.00000e+00 0.00000e+00 0.00000e+00 0.00000e+00 
6.75000e+01 0.00000e+00 0.00000e+00 0.00000e+00 0.00000e+00 
6.80000e+01 0.00000e+00 0.00000e+00 0.00000e+00 0.00000e+00 
6.85000e+01 0.00000e+00 0.00000e+00 0.00000e+00 0.00000e+00 
6.90000e+01 0.00000e+00 0.00000e+00 0.00000e+00 0.00000e+00 
6.95000e+01 0.00000e+00 0.00000e+00 0.00000e+00 0.00000e+00 
7.00000e+01 0.00000e+00 0.00000e+00 0.00000e+00 0.00000e+00 
7.05000e+01 0.00000e+00 0.00000e+00 0.00000e+00 0.00000e+00 
7.10000e+01 0.00000e+00 0.00000e+00 0.00000e+00 0.00000e+00 
7.15000e+01 0.00000e+00 0.00000e+00 0.00000e+00 0.00000e+00 
7.20000e+01 0.00000e+00 0.00000e+00 0.00000e+00 0.00000e+00 
7.25000e+01 0.00000e+00 0.00000e+00 0.00000e+00 0.00000e+00 
7.30000e+01 0.00000e+00 0.00000e+00 0.00000e+00 0.00000e+00 
7.35000e+01 0.00000e+00 0.00000e+00 0.00000e+00 0.00000e+00 
7.40000e+01 0.00000e+00 0.00000e+00 0.00000e+00 0.00000e+00 
7.45000e+01 0.00000e+00 0.00000e+00 0.00000e+00 0.00000e+00 
7.50000e+01 0.00000e+00 0.00000e+00 0.00000e+00 0.00000e+00 
7.55000e+01 0.00000e+00 0.00000e+00 0.00000e+00 0.00000e+00 
7.60000e+01 0.00000e+00 0.00000e+00 0.00000e+00 0.00000e+00 
7.65000e+01 0.00000e+00 0.00000e+00 0.00000e+00 0.00000e+00 
7.70000e+01 0.00000e+00 0.00000e+00 0.00000e+00 0.00000e+00 
7.75000e+01 0.00000e+00 0.00000e+00 0.00000e+00 0.00000e+00 
7.80000e+01 0.00000e+00 0.00000e+00 0.00000e+00 0.00000e+00 
7.85000e+01 0.00000e+00 0.00000e+00 0.00000e+00 0.00000e+00 
7.90000e+01 0.00000e+00 0.00000e+00 0.00000e+00 0.00000e+00 
7.95000e+01 0.00000e+00 0.00000e+00 0.00000e+00 0.00000e+00 
8.00000e+01 0.00000e+00 0.00000e+00 0.00000e+00 0.00000e+00 
8.05000e+01 0.00000e+00 0.00000e+00 0.00000e+00 0.00000e+00 
8.10000e+01 0.00000e+00 0.00000e+00 0.00000e+00 0.00000e+00 
8.15000e+01 0.00000e+00 0.00000e+00 0.00000e+00 0.00000e+00 
8.20000e+01 0.00000e+00 0.00000e+00 0.00000e+00 0.00000e+00 
8.25000e+01 0.00000e+00 0.00000e+00 0.00000e+00 0.00000e+00 
8.30000e+01 0.00000e+00 0.00000e+00 0.00000e+00 0.00000e+00 
8.35000e+01 0.00000e+00 0.00000e+00 0.00000e+00 0.00000e+00 
8.40000e+01 0.00000e+00 0.00000e+00 0.00000e+00 0.00000e+00 
8.45000e+01 0.00000e+00 0.00000e+00 0.00000e+00 0.00000e+00 
8.50000e+01 0.00000e+00 0.00000e+00 0.00000e+00 0.00000e+00 
8.55000e+01 0.00000e+00 0.00000e+00 0.00000e+00 0.00000e+00 
8.60000e+01 0.00000e+00 0.00000e+00 0.00000e+00 0.00000e+00 
8.65000e+01 0.00000e+00 0.00000e+00 0.00000e+00 0.00000e+00 
8.70000e+01 0.00000e+00 0.00000e+00 0.00000e+00 0.00000e+00 
8.75000e+01 0.00000e+00 0.00000e+00 0.00000e+00 0.00000e+00 
8.80000e+01 0.00000e+00 0.00000e+00 0.00000e+00 0.00000e+00 
8.85000e+01 0.00000e+00 0.00000e+00 0.00000e+00 0.00000e+00 
8.90000e+01 0.00000e+00 0.00000e+00 0.00000e+00 0.00000e+00 
8.95000e+01 0.00000e+00 0.00000e+00 0.00000e+00 0.00000e+00 
9.00000e+01 0.00000e+00 0.00000e+00 0.00000e+00 0.00000e+00 
9.05000e+01 0.00000e+00 0.00000e+00 0.00000e+00 0.00000e+00 
9.10000e+01 0.00000e+00 0.00000e+00 0.00000e+00 0.00000e+00 
9.15000e+01 0.00000e+00 0.00000e+00 0.00000e+00 0.00000e+00 
9.20000e+01 0.00000e+00 0.00000e+00 0.00000e+00 0.00000e+00 
9.25000e+01 0.00000e+00 0.00000e+00 0.00000e+00 0.00000e+00 
9.30000e+01 0.00000e+00 0.00000e+00 0.00000e+00 0.00000e+00 
9.35000e+01 0.00000e+00 0.00000e+00 0.00000e+00 0.00000e+00 
9.40000e+01 0.00000e+00 0.00000e+00 0.00000e+00 0.00000e+00 
9.45000e+01 0.00000e+00 0.00000e+00 0.00000e+00 0.00000e+00 
9.50000e+01 0.00000e+00 0.00000e+00 0.00000e+00 0.00000e+00 
9.55000e+01 0.00000e+00 0.00000e+00 0.00000e+00 0.00000e+00 
9.60000e+01 0.00000e+00 0.00000e+00 0.00000e+00 0.00000e+00 
9.65000e+01 0.00000e+00 0.00000e+00 0.00000e+00 0.00000e+00 
9.70000e+01 0.00000e+00 0.00000e+00 0.00000e+00 0.00000e+00 
9.75000e+01 0.00000e+00 0.00000e+00 0.00000e+00 0.00000e+00 
9.80000e+01 0.00000e+00 1.32500e-173 0.00000e+00 0.00000e+00 
9.85000e+01 0.00000e+00 1.97963e-62 0.00000e+00 0.00000e+00 
9.90000e+01 0.00000e+00 7.39525e-20 0.00000e+00 0.00000e+00 
9.95000e+01 0.00000e+00 4.10114e-05 0.00000e+00 0.00000e+00 
1.00000e+02 0.00000e+00 5.77152e-02 0.00000e+00 0.00000e+00 
1.00500e+02 0.00000e+00 7.83372e-02 0.00000e+00 0.00000e+00 
1.01000e+02 0.00000e+00 8.67797e-02 0.00000e+00 0.00000e+00 
1.01500e+02 0.00000e+00 9.23021e-02 0.00000e+00 0.00000e+00 
1.02000e+02 0.00000e+00 9.63998e-02 0.00000e+00 0.00000e+00 
1.02500e+02 0.00000e+00 9.97274e-02 0.00000e+00 0.00000e+00 
1.03000e+02 0.00000e+00 1.02607e-01 0.00000e+00 0.00000e+00 
1.03500e+02 0.00000e+00 1.05191e-01 0.00000e+00 0.00000e+00 
1.04000e+02 0.00000e+00 1.07562e-01 0.00000e+00 0.00000e+00 
1.04500e+02 0.00000e+00 1.09775e-01 0.00000e+00 0.00000e+00 
1.05000e+02 0.00000e+00 1.11864e-01 0.00000e+00 0.00000e+00 
1.05500e+02 0.00000e+00 1.13852e-01 0.00000e+00 0.00000e+00 
1.06000e+02 0.00000e+00 1.15747e-01 0.00000e+00 0.00000e+00 
1.06500e+02 0.00000e+00 1.17556e-01 0.00000e+00 0.00000e+00 
1.07000e+02 0.00000e+00 1.19280e-01 0.00000e+00 0.00000e+00 
1.07500e+02 0.00000e+00 1.20925e-01 0.00000e+00 0.00000e+00 
1.08000e+02 0.00000e+00 1.22494e-01 0.00000e+00 0.00000e+00 
1.08500e+02 0.00000e+00 1.23994e-01 0.00000e+00 0.00000e+00 
1.09000e+02 0.00000e+00 1.25429e-01 0.00000e+00 0.00000e+00 
1.09500e+02 0.00000e+00 1.26803e-01 0.00000e+00 3.02002e-203 
1.10000e+02 0.00000e+00 1.28119e-01 0.00000e+00 5.51202e-84 
1.10500e+02 0.00000e+00 1.29383e-01 0.00000e+00 1.40269e-32 
1.11000e+02 0.00000e+00 1.30597e-01 0.00000e+00 1.17895e-11 
1.11500e+02 0.00000e+00 1.31765e-01 0.00000e+00 1.08585e-03 
1.12000e+02 0.00000e+00 1.32891e-01 0.00000e+00 5.54686e-02 
1.12500e+02 0.00000e+00 1.33979e-01 0.00000e+00 7.72852e-02 
1.13000e+02 0.00000e+00 1.35028e-01 0.00000e+00 8.87945e-02 
1.13500e+02 0.00000e+00 1.36041e-01 0.00000e+00 9.62607e-02 
1.14000e+02 0.00000e+00 1.37021e-01 0.00000e+00 1.01642e-01 
1.14500e+02 0.00000e+00 1.37972e-01 0.00000e+00 1.05524e-01 
1.15000e+02 0.00000e+00 1.38895e-01 0.00000e+00 1.08303e-01 
1.15500e+02 0.00000e+00 1.39793e-01 0.00000e+00 1.10468e-01 
1.16000e+02 0.00000e+00 1.40668e-01 0.00000e+00 1.12419e-01 
1.16500e+02 0.00000e+00 1.41521e-01 0.00000e+00 1.14384e-01 
1.17000e+02 0.00000e+00 1.42354e-01 0.00000e+00 1.16346e-01 
1.17500e+02 0.00000e+00 1.43169e-01 0.00000e+00 1.18169e-01 
1.18000e+02 0.00000e+00 1.43966e-01 0.00000e+00 1.19793e-01 
1.18500e+02 0.00000e+00 1.44747e-01 0.00000e+00 1.21247e-01 
1.19000e+02 0.00000e+00 1.45513e-01 0.00000e+00 1.22581e-01 
1.19500e+02 0.00000e+00 1.46264e-01 0.00000e+00 1.23834e-01 
1.20000e+02 0.00000e+00 1.47001e-01 0.00000e+00 1.25029e-01 
1.20500e+02 0.00000e+00 1.47726e-01 0.00000e+00 1.26185e-01 
1.21000e+02 0.00000e+00 1.48439e-01 0.00000e+00 1.27312e-01 
1.21500e+02 0.00000e+00 1.49141e-01 0.00000e+00 1.28418e-01 
1.22000e+02 0.00000e+00 1.49832e-01 0.00000e+00 1.29506e-01 
1.22500e+02 0.00000e+00 1.50513e-01 0.00000e+00 1.30581e-01 
1.23000e+02 0.00000e+00 1.51185e-01 0.00000e+00 1.31644e-01 
1.23500e+02 0.00000e+00 1.51848e-01 0.00000e+00 1.32697e-01 
1.24000e+02 0.00000e+00 1.52504e-01 0.00000e+00 1.33740e-01 
1.24500e+02 0.00000e+00 1.53151e-01 0.00000e+00 1.34773e-01 
1.25000e+02 0.00000e+00 1.53791e-01 0.00000e+00 1.35797e-01 
1.25500e+02 0.00000e+00 1.54424e-01 0.00000e+00 1.36812e-01 
1.26000e+02 0.00000e+00 1.55052e-01 0.00000e+00 1.37817e-01 
1.26500e+02 0.00000e+00 1.55673e-01 0.00000e+00 1.38813e-01 
1.27000e+02 0.00000e+00 1.56289e-01 0.00000e+00 1.39801e-01 
1.27500e+02 0.00000e+00 1.56899e-01 0.00000e+00 1.40778e-01 
1.28000e+02 0.00000e+00 1.57505e-01 0.00000e+00 1.41746e-01 
1.28500e+02 0.00000e+00 1.58106e-01 0.00000e+00 1.42702e-01 
1.29000e+02 0.00000e+00 1.58703e-01 0.00000e+00 1.43647e-01 
1.29500e+02 0.00000e+00 1.59296e-01 0.00000e+00 1.44578e-01 
1.30000e+02 0.00000e+00 1.59885e-01 0.00000e+00 1.45495e-01 
1.30500e+02 0.00000e+00 1.60471e-01 0.00000e+00 1.46397e-01 
1.31000e+02 0.00000e+00 1.61054e-01 0.00000e+00 1.47282e-01 
1.31500e+02 0.00000e+00 1.61633e-01 0.00000e+00 1.48149e-01 
1.32000e+02 0.00000e+00 1.62209e-01 0.00000e+00 1.48997e-01 
1.32500e+02 0.00000e+00 1.62783e-01 0.00000e+00 1.49826e-01 
1.33000e+02 0.00000e+00 1.63354e-01 0.00000e+00 1.50635e-01 
1.33500e+02 0.00000e+00 1.63922e-01 0.00000e+00 1.51425e-01 
1.34000e+02 0.00000e+00 1.64488e-01 0.00000e+00 1.52194e-01 
1.34500e+02 0.00000e+00 1.65051e-01 0.00000e+00 1.52944e-01 
1.35000e+02 0.00000e+00 1.65613e-01 0.00000e+00 1.53675e-01 
1.35500e+02 0.00000e+00 1.66172e-01 0.00000e+00 1.54388e-01 
1.36000e+02 0.00000e+00 1.66730e-01 0.00000e+00 1.55082e-01 
1.36500e+02 0.00000e+00 1.67285e-01 0.00000e+00 1.55760e-01 
1.37000e+02 0.00000e+00 1.67838e-01 0.00000e+00 1.56420e-01 
1.37500e+02 0.00000e+00 1.68390e-01 0.00000e+00 1.57065e-01 
1.38000e+02 0.00000e+00 1.68940e-01 0.00000e+00 1.57695e-01 
1.38500e+02 0.00000e+00 1.69488e-01 0.00000e+00 1.58311e-01 
1.39000e+02 0.00000e+00 1.70035e-01 0.00000e+00 1.58913e-01 
1.39500e+02 0.00000e+00 1.70580e-01 0.00000e+00 1.59503e-01 
1.40000e+02 0.00000e+00 1.71123e-01 0.00000e+00 1.60080e-01 
1.40500e+02 0.00000e+00 1.71665e-01 0.00000e+00 1.60647e-01 
1.41000e+02 0.00000e+00 1.72206e-01 0.00000e+00 1.61204e-01 
1.41500e+02 0.00000e+00 1.72745e-01 0.00000e+00 1.61751e-01 
1.42000e+02 0.00000e+00 1.73282e-01 0.00000e+00 1.62289e-01 
1.42500e+02 0.00000e+00 1.73818e-01 0.00000e+00 1.62820e-01 
1.43000e+02 0.00000e+00 1.74353e-01 0.00000e+00 1.63343e-01 
1.43500e+02 0.00000e+00 1.74887e-01 0.00000e+00 1.63859e-01 
1.44000e+02 0.00000e+00 1.75419e-01 0.00000e+00 1.64370e-01 
1.44500e+02 0.00000e+00 1.75950e-01 0.00000e+00 1.64875e-01 
1.45000e+02 0.00000e+00 1.76480e-01 0.00000e+00 1.65375e-01 
1.45500e+02 0.00000e+00 1.77009e-01 0.00000e+00 1.65870e-01 
1.46000e+02 0.00000e+00 1.77536e-01 0.00000e+00 1.66362e-01 
1.46500e+02 0.00000e+00 1.78062e-01 0.00000e+00 1.66850e-01 
1.47000e+02 0.00000e+00 1.78586e-01 0.00000e+00 1.67334e-01 
1.47500e+02 0.00000e+00 1.79110e-01 0.00000e+00 1.67814e-01 
1.48000e+02 0.00000e+00 1.79631e-01 0.00000e+00 1.68291e-01 
1.48500e+02 0.00000e+00 1.80152e-01 0.00000e+00 1.68764e-01 
1.49000e+02 0.00000e+00 1.80671e-01 0.00000e+00 1.69234e-01 
1.49500e+02 0.00000e+00 1.81188e-01 0.00000e+00 1.69700e-01 
1.50000e+02 0.00000e+00 1.81704e-01 0.00000e+00 1.70162e-01 
1.50500e+02 0.00000e+00 1.82219e-01 0.00000e+00 1.70621e-01 
1.51000e+02 0.00000e+00 1.82731e-01 0.00000e+00 1.71075e-01 
1.51500e+02 0.00000e+00 1.83243e-01 0.00000e+00 1.71525e-01 
1.52000e+02 0.00000e+00 1.83752e-01 0.00000e+00 1.71970e-01 
1.52500e+02 0.00000e+00 1.84261e-01 0.00000e+00 1.72412e-01 
1.53000e+02 0.00000e+00 1.84767e-01 0.00000e+00 1.72848e-01 
1.53500e+02 0.00000e+00 1.85273e-01 0.00000e+00 1.73281e-01 
1.54000e+02 0.00000e+00 1.85776e-01 0.00000e+00 1.73708e-01 
1.54500e+02 0.00000e+00 1.86279e-01 0.00000e+00 1.74131e-01 
1.55000e+02 0.00000e+00 1.86780e-01 0.00000e+00 1.74550e-01 
1.55500e+02 0.00000e+00 1.87280e-01 0.00000e+00 1.74964e-01 
1.56000e+02 0.00000e+00 1.87779e-01 0.00000e+00 1.75373e-01 
1.56500e+02 0.00000e+00 1.88276e-01 0.00000e+00 1.75777e-01 
1.57000e+02 0.00000e+00 1.88773e-01 0.00000e+00 1.76177e-01 
1.57500e+02 0.00000e+00 1.89270e-01 0.00000e+00 1.76571e-01 
1.58000e+02 0.00000e+00 1.89765e-01 0.00000e+00 1.76960e-01 
1.58500e+02 0.00000e+00 1.90260e-01 0.00000e+00 1.77342e-01 
1.59000e+02 0.00000e+00 1.90755e-01 0.00000e+00 1.77718e-01 
1.59500e+02 0.00000e+00 1.91250e-01 0.00000e+00 1.78087e-01 
1.60000e+02 0.00000e+00 1.91744e-01 0.00000e+00 1.78450e-01 
1.60500e+02 0.00000e+00 1.92239e-01 0.00000e+00 1.78806e-01 
1.61000e+02 0.00000e+00 1.92733e-01 0.00000e+00 1.79158e-01 
1.61500e+02 0.00000e+00 1.93228e-01 0.00000e+00 1.79509e-01 
1.62000e+02 0.00000e+00 1.93722e-01 0.00000e+00 1.79861e-01 
1.62500e+02 0.00000e+00 1.94216e-01 0.00000e+00 1.80223e-01 
1.63000e+02 0.00000e+00 1.94710e-01 0.00000e+00 1.80599e-01 
1.63500e+02 0.00000e+00 1.95204e-01 0.00000e+00 1.81000e-01 
1.64000e+02 0.00000e+00 1.95697e-01 0.00000e+00 1.81432e-01 
1.64500e+02 0.00000e+00 1.96190e-01 0.00000e+00 1.81906e-01 
1.65000e+02 0.00000e+00 1.96682e-01 0.00000e+00 1.82429e-01 
1.65500e+02 0.00000e+00 1.97172e-01 0.00000e+00 1.83007e-01 
1.66000e+02 0.00000e+00 1.97662e-01 0.00000e+00 1.83644e-01 
1.66500e+02 0.00000e+00 1.98150e-01 0.00000e+00 1.84340e-01 
1.67000e+02 0.00000e+00 1.98637e-01 0.00000e+00 1.85095e-01 
1.67500e+02 0.00000e+00 1.99123e-01 0.00000e+00 1.85905e-01 
1.68000e+02 0.00000e+00 1.99607e-01 0.00000e+00 1.86765e-01 
1.68500e+02 0.00000e+00 2.00089e-01 0.00000e+00 1.87667e-01 
1.69000e+02 0.00000e+00 2.00570e-01 0.00000e+00 1.88606e-01 
1.69500e+02 0.00000e+00 2.01049e-01 0.00000e+00 1.89572e-01 
1.70000e+02 0.00000e+00 2.01526e-01 0.00000e+00 1.90558e-01 
1.70500e+02 0.00000e+00 2.02001e-01 0.00000e+00 1.91557e-01 
1.71000e+02 0.00000e+00 2.02475e-01 0.00000e+00 1.92564e-01 
1.71500e+02 0.00000e+00 2.02948e-01 0.00000e+00 1.93571e-01 
1.72000e+02 0.00000e+00 2.03419e-01 0.00000e+00 1.94574e-01 
1.72500e+02 0.00000e+00 2.03888e-01 0.00000e+00 1.95570e-01 
1.73000e+02 0.00000e+00 2.04356e-01 0.00000e+00 1.96553e-01 
1.73500e+02 0.00000e+00 2.04823e-01 0.00000e+00 1.97523e-01 
1.74000e+02 0.00000e+00 2.05289e-01 0.00000e+00 1.98477e-01 
1.74500e+02 0.00000e+00 2.05753e-01 0.00000e+00 1.99412e-01 
1.75000e+02 0.00000e+00 2.06217e-01 0.00000e+00 2.00329e-01 
1.75500e+02 0.00000e+00 2.06679e-01 0.00000e+00 2.01227e-01 
1.76000e+02 0.00000e+00 2.07141e-01 0.00000e+00 2.02105e-01 
1.76500e+02 0.00000e+00 2.07602e-01 0.00000e+00 2.02963e-01 
1.77000e+02 0.00000e+00 2.08062e-01 0.00000e+00 2.03800e-01 
1.77500e+02 0.00000e+00 2.08521e-01 0.00000e+00 2.04618e-01 
1.78000e+02 0.00000e+00 2.08980e-01 0.00000e+00 2.05416e-01 
1.78500e+02 0.00000e+00 2.09438e-01 0.00000e+00 2.06194e-01 
1.79000e+02 0.00000e+00 2.09895e-01 0.00000e+00 2.06954e-01 
1.79500e+02 0.00000e+00 2.10353e-01 0.00000e+00 2.07695e-01 
1.80000e+02 0.00000e+00 2.10809e-01 0.00000e+00 2.08419e-01 
1.80500e+02 0.00000e+00 2.11266e-01 0.00000e+00 2.09125e-01 
1.81000e+02 0.00000e+00 2.11722e-01 0.00000e+00 2.09815e-01 
1.81500e+02 0.00000e+00 2.12177e-01 0.00000e+00 2.10489e-01 
1.82000e+02 0.00000e+00 2.12633e-01 0.00000e+00 2.11148e-01 
1.82500e+02 0.00000e+00 2.13088e-01 0.00000e+00 2.11792e-01 
1.83000e+02 0.00000e+00 2.13543e-01 0.00000e+00 2.12423e-01 
1.83500e+02 0.00000e+00 2.13998e-01 0.00000e+00 2.13041e-01 
1.84000e+02 0.00000e+00 2.14453e-01 0.00000e+00 2.13647e-01 
1.84500e+02 0.00000e+00 2.14907e-01 0.00000e+00 2.14241e-01 
1.85000e+02 0.00000e+00 2.15362e-01 0.00000e+00 2.14824e-01 
1.85500e+02 0.00000e+00 2.15816e-01 0.00000e+00 2.15397e-01 
1.86000e+02 0.00000e+00 2.16270e-01 0.00000e+00 2.15960e-01 
1.86500e+02 0.00000e+00 2.16724e-01 0.00000e+00 2.16513e-01 
1.87000e+02 0.00000e+00 2.17178e-01 0.00000e+00 2.17057e-01 
1.87500e+02 0.00000e+00 2.17632e-01 0.00000e+00 2.17593e-01 
1.88000e+02 0.00000e+00 2.18086e-01 0.00000e+00 2.18121e-01 
1.88500e+02 0.00000e+00 2.18540e-01 0.00000e+00 2.18640e-01 
1.89000e+02 0.00000e+00 2.18993e-01 0.00000e+00 2.19152e-01 
1.89500e+02 0.00000e+00 2.19447e-01 0.00000e+00 2.19657e-01 
1.90000e+02 0.00000e+00 2.19900e-01 0.00000e+00 2.20155e-01 
1.90500e+02 0.00000e+00 2.20353e-01 0.00000e+00 2.20646e-01 
1.91000e+02 0.00000e+00 2.20805e-01 0.00000e+00 2.21131e-01 
1.91500e+02 0.00000e+00 2.21257e-01 0.00000e+00 2.21609e-01 
1.92000e+02 0.00000e+00 2.21709e-01 0.00000e+00 2.22081e-01 
1.92500e+02 0.00000e+00 2.22160e-01 0.00000e+00 2.22548e-01 
1.93000e+02 0.00000e+00 2.22611e-01 0.00000e+00 2.23008e-01 
1.93500e+02 0.00000e+00 2.23061e-01 0.00000e+00 2.23463e-01 
1.94000e+02 0.00000e+00 2.23511e-01 0.00000e+00 2.23912e-01 
1.94500e+02 0.00000e+00 2.23959e-01 0.00000e+00 2.24356e-01 
1.95000e+02 0.00000e+00 2.24407e-01 0.00000e+00 2.24794e-01 
1.95500e+02 0.00000e+00 2.24854e-01 0.00000e+00 2.25227e-01 
1.96000e+02 0.00000e+00 2.25300e-01 0.00000e+00 2.25655e-01 
1.96500e+02 0.00000e+00 2.25745e-01 0.00000e+00 2.26078e-01 
1.97000e+02 0.00000e+00 2.26189e-01 0.00000e+00 2.26496e-01 
1.97500e+02 0.00000e+00 2.26631e-01 0.00000e+00 2.26908e-01 
1.98000e+02 0.00000e+00 2.27073e-01 0.00000e+00 2.27316e-01 
1.98500e+02 0.00000e+00 2.27513e-01 0.00000e+00 2.27720e-01 
1.99000e+02 0.00000e+00 2.27952e-01 0.00000e+00 2.28118e-01 
1.99500e+02 0.00000e+00 2.28389e-01 0.00000e+00 2.28513e-01 
2.00000e+02 0.00000e+00 2.28825e-01 0.00000e+00 2.28903e-01 
2.00500e+02 0.00000e+00 2.29260e-01 0.00000e+00 2.29289e-01 
2.01000e+02 0.00000e+00 2.29694e-01 0.00000e+00 2.29671e-01 
2.01500e+02 0.00000e+00 2.30125e-01 0.00000e+00 2.30049e-01 
2.02000e+02 0.00000e+00 2.30556e-01 0.00000e+00 2.30424e-01 
2.02500e+02 0.00000e+00 2.30985e-01 0.00000e+00 2.30795e-01 
2.03000e+02 0.00000e+00 2.31412e-01 0.00000e+00 2.31164e-01 
2.03500e+02 0.00000e+00 2.31838e-01 0.00000e+00 2.31530e-01 
2.04000e+02 0.00000e+00 2.32262e-01 0.00000e+00 2.31893e-01 
2.04500e+02 0.00000e+00 2.32685e-01 0.00000e+00 2.32253e-01 
2.05000e+02 0.00000e+00 2.33106e-01 0.00000e+00 2.32612e-01 
2.05500e+02 0.00000e+00 2.33525e-01 0.00000e+00 2.32968e-01 
2.06000e+02 0.00000e+00 2.33943e-01 0.00000e+00 2.33322e-01 
2.06500e+02 0.00000e+00 2.34359e-01 0.00000e+00 2.33675e-01 
2.07000e+02 0.00000e+00 2.34773e-01 0.00000e+00 2.34026e-01 
2.07500e+02 0.00000e+00 2.35186e-01 0.00000e+00 2.34375e-01 
2.08000e+02 0.00000e+00 2.35596e-01 0.00000e+00 2.34723e-01 
2.08500e+02 0.00000e+00 2.36005e-01 0.00000e+00 2.35070e-01 
2.09000e+02 0.00000e+00 2.36412e-01 0.00000e+00 2.35415e-01 
2.09500e+02 0.00000e+00 2.36817e-01 0.00000e+00 2.35758e-01 
2.10000e+02 0.00000e+00 2.37220e-01 0.00000e+00 2.36100e-01 
2.10500e+02 0.00000e+00 2.37621e-01 0.00000e+00 2.36441e-01 
2.11000e+02 0.00000e+00 2.38020e-01 0.00000e+00 2.36780e-01 
2.11500e+02 0.00000e+00 2.38417e-01 0.00000e+00 2.37117e-01 
2.12000e+02 0.00000e+00 2.38812e-01 0.00000e+00 2.37452e-01 
2.12500e+02 0.00000e+00 2.39205e-01 0.00000e+00 2.37785e-01 
2.13000e+02 0.00000e+00 2.39596e-01 0.00000e+00 2.38116e-01 
2.13500e+02 0.00000e+00 2.39985e-01 0.00000e+00 2.38445e-01 
2.14000e+02 0.00000e+00 2.40371e-01 0.00000e+00 2.38772e-01 
2.14500e+02 0.00000e+00 2.40756e-01 0.00000e+00 2.39096e-01 
2.15000e+02 0.00000e+00 2.41138e-01 0.00000e+00 2.39418e-01 
2.15500e+02 0.00000e+00 2.41518e-01 0.00000e+00 2.39737e-01 
2.16000e+02 0.00000e+00 2.41896e-01 0.00000e+00 2.40054e-01 
2.16500e+02 0.00000e+00 2.42272e-01 0.00000e+00 2.40367e-01 
2.17000e+02 0.00000e+00 2.42645e-01 0.00000e+00 2.40678e-01 
2.17500e+02 0.00000e+00 2.43017e-01 0.00000e+00 2.40987e-01 
2.18000e+02 0.00000e+00 2.43386e-01 0.00000e+00 2.41292e-01 
2.18500e+02 0.00000e+00 2.43753e-01 0.00000e+00 2.41595e-01 
2.19000e+02 0.00000e+00 2.44118e-01 0.00000e+00 2.41895e-01 
2.19500e+02 0.00000e+00 2.44481e-01 0.00000e+00 2.42193e-01 
2.20000e+02 0.00000e+00 2.44842e-01 0.00000e+00 2.42488e-01 
2.20500e+02 0.00000e+00 2.45201e-01 0.00000e+00 2.42780e-01 
2.21000e+02 0.00000e+00 2.45558e-01 0.00000e+00 2.43071e-01 
2.21500e+02 0.00000e+00 2.45912e-01 0.00000e+00 2.43359e-01 
2.22000e+02 0.00000e+00 2.46265e-01 0.00000e+00 2.43645e-01 
2.22500e+02 0.00000e+00 2.46616e-01 0.00000e+00 2.43929e-01 
2.23000e+02 0.00000e+00 2.46964e-01 0.00000e+00 2.44211e-01 
2.23500e+02 0.00000e+00 2.47311e-01 0.00000e+00 2.44491e-01 
2.24000e+02 0.00000e+00 2.47656e-01 0.00000e+00 2.44770e-01 
2.24500e+02 0.00000e+00 2.47998e-01 0.00000e+00 2.45047e-01 
2.25000e+02 0.00000e+00 2.48339e-01 0.00000e+00 2.45323e-01 
2.25500e+02 0.00000e+00 2.48678e-01 0.00000e+00 2.45598e-01 
2.26000e+02 0.00000e+00 2.49015e-01 0.00000e+00 2.45871e-01 
2.26500e+02 0.00000e+00 2.49351e-01 0.00000e+00 2.46143e-01 
2.27000e+02 0.00000e+00 2.49684e-01 0.00000e+00 2.46414e-01 
2.27500e+02 0.00000e+00 2.50016e-01 0.00000e+00 2.46684e-01 
2.28000e+02 0.00000e+00 2.50346e-01 0.00000e+00 2.46953e-01 
2.28500e+02 0.00000e+00 2.50674e-01 0.00000e+00 2.47221e-01 
2.29000e+02 0.00000e+00 2.51001e-01 0.00000e+00 2.47488e-01 
2.29500e+02 0.00000e+00 2.51325e-01 0.00000e+00 2.47755e-01 
2.30000e+02 0.00000e+00 2.51648e-01 0.00000e+00 2.48020e-01 
2.30500e+02 0.00000e+00 2.51970e-01 0.00000e+00 2.48284e-01 
2.31000e+02 0.00000e+00 2.52290e-01 0.00000e+00 2.48548e-01 
2.31500e+02 0.00000e+00 2.52608e-01 0.00000e+00 2.48810e-01 
2.32000e+02 0.00000e+00 2.52925e-01 0.00000e+00 2.49072e-01 
2.32500e+02 0.00000e+00 2.53240e-01 0.00000e+00 2.49332e-01 
2.33000e+02 0.00000e+00 2.53554e-01 0.00000e+00 2.49592e-01 
2.33500e+02 0.00000e+00 2.53867e-01 0.00000e+00 2.49851e-01 
2.34000e+02 0.00000e+00 2.54178e-01 0.00000e+00 2.50109e-01 
2.34500e+02 0.00000e+00 2.54487e-01 0.00000e+00 2.50366e-01 
2.35000e+02 0.00000e+00 2.54796e-01 0.00000e+00 2.50622e-01 
2.35500e+02 0.00000e+00 2.55103e-01 0.00000e+00 2.50876e-01 
2.36000e+02 0.00000e+00 2.55408e-01 0.00000e+00 2.51130e-01 
2.36500e+02 0.00000e+00 2.55713e-01 0.00000e+00 2.51383e-01 
2.37000e+02 0.00000e+00 2.56016e-01 0.00000e+00 2.51636e-01 
2.37500e+02 0.00000e+00 2.56318e-01 0.00000e+00 2.51887e-01 
2.38000e+02 0.00000e+00 2.56620e-01 0.00000e+00 2.52137e-01 
2.38500e+02 0.00000e+00 2.56920e-01 0.00000e+00 2.52387e-01 
2.39000e+02 0.00000e+00 2.57218e-01 0.00000e+00 2.52635e-01 
2.39500e+02 0.00000e+00 2.57516e-01 0.00000e+00 2.52883e-01 
2.40000e+02 0.00000e+00 2.57813e-01 0.00000e+00 2.53131e-01 
