0.00000e+00 0.00000e+00 0.00000e+00 0.00000e+00 0.00000e+00 
5.00000e-01 0.00000e+00 0.00000e+00 0.00000e+00 0.00000e+00 
1.00000e+00 0.00000e+00 0.00000e+00 0.00000e+00 0.00000e+00 
1.50000e+00 0.00000e+00 0.00000e+00 0.00000e+00 0.00000e+00 
2.00000e+00 0.00000e+00 0.00000e+00 0.00000e+00 0.00000e+00 
2.50000e+00 0.00000e+00 0.00000e+00 0.00000e+00 0.00000e+00 
3.00000e+00 0.00000e+00 0.00000e+00 0.00000e+00 0.00000e+00 
3.50000e+00 0.00000e+00 0.00000e+00 0.00000e+00 0.00000e+00 
4.00000e+00 0.00000e+00 0.00000e+00 0.00000e+00 0.00000e+00 
4.50000e+00 0.00000e+00 0.00000e+00 0.00000e+00 0.00000e+00 
5.00000e+00 0.00000e+00 0.00000e+00 0.00000e+00 0.00000e+00 
5.50000e+00 0.00000e+00 0.00000e+00 0.00000e+00 0.00000e+00 
6.00000e+00 0.00000e+00 0.00000e+00 0.00000e+00 0.00000e+00 
6.50000e+00 0.00000e+00 0.00000e+00 0.00000e+00 0.00000e+00 
7.00000e+00 0.00000e+00 0.00000e+00 0.00000e+00 0.00000e+00 
7.50000e+00 0.00000e+00 0.00000e+00 0.00000e+00 0.00000e+00 
8.00000e+00 0.00000e+00 0.00000e+00 0.00000e+00 0.00000e+00 
8.50000e+00 0.00000e+00 0.00000e+00 0.00000e+00 0.00000e+00 
9.00000e+00 0.00000e+00 0.00000e+00 0.00000e+00 0.00000e+00 
9.50000e+00 0.00000e+00 0.00000e+00 0.00000e+00 0.00000e+00 
1.00000e+01 0.00000e+00 0.00000e+00 0.00000e+00 0.00000e+00 
1.05000e+01 0.00000e+00 0.00000e+00 0.00000e+00 0.00000e+00 
1.10000e+01 0.00000e+00 0.00000e+00 0.00000e+00 0.00000e+00 
1.15000e+01 0.00000e+00 0.00000e+00 0.00000e+00 0.00000e+00 
1.20000e+01 0.00000e+00 0.00000e+00 0.00000e+00 0.00000e+00 
1.25000e+01 0.00000e+00 0.00000e+00 0.00000e+00 0.00000e+00 
1.30000e+01 0.00000e+00 0.00000e+00 0.00000e+00 0.00000e+00 
1.35000e+01 0.00000e+00 0.00000e+00 0.00000e+00 0.00000e+00 
1.40000e+01 0.00000e+00 0.00000e+00 0.00000e+00 0.00000e+00 
1.45000e+01 0.00000e+00 0.00000e+00 0.00000e+00 0.00000e+00 
1.50000e+01 0.00000e+00 0.00000e+00 0.00000e+00 0.00000e+00 
1.55000e+01 0.00000e+00 0.00000e+00 0.00000e+00 0.00000e+00 
1.60000e+01 0.00000e+00 0.00000e+00 0.00000e+00 0.00000e+00 
1.65000e+01 0.00000e+00 0.00000e+00 0.00000e+00 0.00000e+00 
1.70000e+01 0.00000e+00 0.00000e+00 0.00000e+00 0.00000e+00 
1.75000e+01 0.00000e+00 0.00000e+00 0.00000e+00 0.00000e+00 
1.80000e+01 0.00000e+00 0.00000e+00 0.00000e+00 0.00000e+00 
1.85000e+01 0.00000e+00 0.00000e+00 0.00000e+00 0.00000e+00 
1.90000e+01 0.00000e+00 0.00000e+00 0.00000e+00 0.00000e+00 
1.95000e+01 0.00000e+00 0.00000e+00 0.00000e+00 0.00000e+00 
2.00000e+01 0.00000e+00 0.00000e+00 0.00000e+00 0.00000e+00 
2.05000e+01 0.00000e+00 0.00000e+00 0.00000e+00 0.00000e+00 
2.10000e+01 0.00000e+00 0.00000e+00 0.00000e+00 0.00000e+00 
2.15000e+01 0.00000e+00 0.00000e+00 0.00000e+00 0.00000e+00 
2.20000e+01 0.00000e+00 0.00000e+00 0.00000e+00 0.00000e+00 
2.25000e+01 0.00000e+00 0.00000e+00 0.00000e+00 0.00000e+00 
2.30000e+01 0.00000e+00 0.00000e+00 0.00000e+00 0.00000e+00 
2.35000e+01 0.00000e+00 0.00000e+00 0.00000e+00 0.00000e+00 
2.40000e+01 0.00000e+00 0.00000e+00 0.00000e+00 0.00000e+00 
2.45000e+01 0.00000e+00 0.00000e+00 0.00000e+00 0.00000e+00 
2.50000e+01 0.00000e+00 0.00000e+00 0.00000e+00 0.00000e+00 
2.55000e+01 0.00000e+00 0.00000e+00 0.00000e+00 0.00000e+00 
2.60000e+01 0.00000e+00 0.00000e+00 0.00000e+00 0.00000e+00 
2.65000e+01 0.00000e+00 0.00000e+00 0.00000e+00 0.00000e+00 
2.70000e+01 0.00000e+00 0.00000e+00 0.00000e+00 0.00000e+00 
2.75000e+01 0.00000e+00 0.00000e+00 0.00000e+00 0.00000e+00 
2.80000e+01 0.00000e+00 0.00000e+00 0.00000e+00 0.00000e+00 
2.85000e+01 0.00000e+00 0.00000e+00 0.00000e+00 0.00000e+00 
2.90000e+01 0.00000e+00 0.00000e+00 0.00000e+00 0.00000e+00 
2.95000e+01 0.00000e+00 0.00000e+00 0.00000e+00 0.00000e+00 
3.00000e+01 0.00000e+00 0.00000e+00 0.00000e+00 0.00000e+00 
3.05000e+01 0.00000e+00 0.00000e+00 0.00000e+00 0.00000e+00 
3.10000e+01 0.00000e+00 0.00000e+00 0.00000e+00 0.00000e+00 
3.15000e+01 0.00000e+00 0.00000e+00 0.00000e+00 0.00000e+00 
3.20000e+01 0.00000e+00 0.00000e+00 0.00000e+00 0.00000e+00 
3.25000e+01 0.00000e+00 0.00000e+00 0.00000e+00 0.00000e+00 
3.30000e+01 0.00000e+00 0.00000e+00 0.00000e+00 0.00000e+00 
3.35000e+01 0.00000e+00 0.00000e+00 0.00000e+00 0.00000e+00 
3.40000e+01 0.00000e+00 0.00000e+00 0.00000e+00 0.00000e+00 
3.45000e+01 0.00000e+00 0.00000e+00 0.00000e+00 0.00000e+00 
3.50000e+01 0.00000e+00 0.00000e+00 0.00000e+00 0.00000e+00 
3.55000e+01 0.00000e+00 0.00000e+00 0.00000e+00 0.00000e+00 
3.60000e+01 0.00000e+00 0.00000e+00 0.00000e+00 0.00000e+00 
3.65000e+01 0.00000e+00 0.00000e+00 0.00000e+00 0.00000e+00 
3.70000e+01 0.00000e+00 0.00000e+00 0.00000e+00 0.00000e+00 
3.75000e+01 0.00000e+00 0.00000e+00 0.00000e+00 0.00000e+00 
3.80000e+01 0.00000e+00 0.00000e+00 0.00000e+00 0.00000e+00 
3.85000e+01 0.00000e+00 0.00000e+00 0.00000e+00 0.00000e+00 
3.90000e+01 0.00000e+00 0.00000e+00 0.00000e+00 0.00000e+00 
3.95000e+01 0.00000e+00 0.00000e+00 0.00000e+00 0.00000e+00 
4.00000e+01 0.00000e+00 0.00000e+00 0.00000e+00 0.00000e+00 
4.05000e+01 0.00000e+00 0.00000e+00 0.00000e+00 0.00000e+00 
4.10000e+01 0.00000e+00 0.00000e+00 0.00000e+00 0.00000e+00 
4.15000e+01 0.00000e+00 0.00000e+00 0.00000e+00 0.00000e+00 
4.20000e+01 0.00000e+00 0.00000e+00 0.00000e+00 0.00000e+00 
4.25000e+01 0.00000e+00 0.00000e+00 0.00000e+00 0.00000e+00 
4.30000e+01 0.00000e+00 0.00000e+00 0.00000e+00 0.00000e+00 
4.35000e+01 0.00000e+00 0.00000e+00 0.00000e+00 0.00000e+00 
4.40000e+01 0.00000e+00 0.00000e+00 0.00000e+00 0.00000e+00 
4.45000e+01 0.00000e+00 0.00000e+00 0.00000e+00 0.00000e+00 
4.50000e+01 0.00000e+00 0.00000e+00 0.00000e+00 0.00000e+00 
4.55000e+01 0.00000e+00 0.00000e+00 0.00000e+00 0.00000e+00 
4.60000e+01 0.00000e+00 0.00000e+00 0.00000e+00 0.00000e+00 
4.65000e+01 0.00000e+00 0.00000e+00 0.00000e+00 0.00000e+00 
4.70000e+01 0.00000e+00 0.00000e+00 0.00000e+00 0.00000e+00 
4.75000e+01 0.00000e+00 0.00000e+00 0.00000e+00 0.00000e+00 
4.80000e+01 0.00000e+00 0.00000e+00 0.00000e+00 0.00000e+00 
4.85000e+01 0.00000e+00 0.00000e+00 0.00000e+00 0.00000e+00 
4.90000e+01 0.00000e+00 0.00000e+00 0.00000e+00 0.00000e+00 
4.95000e+01 0.00000e+00 0.00000e+00 0.00000e+00 0.00000e+00 
5.00000e+01 0.00000e+00 0.00000e+00 0.00000e+00 0.00000e+00 
5.05000e+01 0.00000e+00 0.00000e+00 0.00000e+00 0.00000e+00 
5.10000e+01 0.00000e+00 0.00000e+00 0.00000e+00 0.00000e+00 
5.15000e+01 0.00000e+00 0.00000e+00 0.00000e+00 0.00000e+00 
5.20000e+01 0.00000e+00 0.00000e+00 0.00000e+00 0.00000e+00 
5.25000e+01 0.00000e+00 0.00000e+00 0.00000e+00 0.00000e+00 
5.30000e+01 0.00000e+00 0.00000e+00 0.00000e+00 0.00000e+00 
5.35000e+01 0.00000e+00 0.00000e+00 0.00000e+00 0.00000e+00 
5.40000e+01 0.00000e+00 0.00000e+00 0.00000e+00 0.00000e+00 
5.45000e+01 0.00000e+00 0.00000e+00 0.00000e+00 0.00000e+00 
5.50000e+01 0.00000e+00 0.00000e+00 0.00000e+00 0.00000e+00 
5.55000e+01 0.00000e+00 0.00000e+00 0.00000e+00 0.00000e+00 
5.60000e+01 0.00000e+00 0.00000e+00 0.00000e+00 0.00000e+00 
5.65000e+01 0.00000e+00 0.00000e+00 0.00000e+00 0.00000e+00 
5.70000e+01 0.00000e+00 0.00000e+00 0.00000e+00 0.00000e+00 
5.75000e+01 0.00000e+00 0.00000e+00 0.00000e+00 0.00000e+00 
5.80000e+01 0.00000e+00 0.00000e+00 0.00000e+00 0.00000e+00 
5.85000e+01 0.00000e+00 0.00000e+00 0.00000e+00 0.00000e+00 
5.90000e+01 0.00000e+00 0.00000e+00 0.00000e+00 0.00000e+00 
5.95000e+01 0.00000e+00 0.00000e+00 0.00000e+00 0.00000e+00 
6.00000e+01 0.00000e+00 0.00000e+00 0.00000e+00 0.00000e+00 
6.05000e+01 0.00000e+00 0.00000e+00 0.00000e+00 0.00000e+00 
6.10000e+01 0.00000e+00 0.00000e+00 0.00000e+00 0.00000e+00 
6.15000e+01 0.00000e+00 0.00000e+00 0.00000e+00 0.00000e+00 
6.20000e+01 0.00000e+00 0.00000e+00 0.00000e+00 0.00000e+00 
6.25000e+01 0.00000e+00 0.00000e+00 0.00000e+00 0.00000e+00 
6.30000e+01 0.00000e+00 0.00000e+00 0.00000e+00 0.00000e+00 
6.35000e+01 0.00000e+00 0.00000e+00 0.00000e+00 0.00000e+00 
6.40000e+01 0.00000e+00 0.00000e+00 0.00000e+00 0.00000e+00 
6.45000e+01 0.00000e+00 0.00000e+00 0.00000e+00 0.00000e+00 
6.50000e+01 0.00000e+00 0.00000e+00 0.00000e+00 0.00000e+00 
6.55000e+01 0.00000e+00 0.00000e+00 0.00000e+00 0.00000e+00 
6.60000e+01 0.00000e+00 0.00000e+00 0.00000e+00 0.00000e+00 
6.65000e+01 0.00000e+00 0.00000e+00 0.00000e+00 0.00000e+00 
6.70000e+01 0.00000e+00 0.00000e+00 0.00000e+00 0.00000e+00 
6.75000e+01 0.00000e+00 0.00000e+00 0.00000e+00 0.00000e+00 
6.80000e+01 0.00000e+00 0.00000e+00 0.00000e+00 0.00000e+00 
6.85000e+01 0.00000e+00 0.00000e+00 0.00000e+00 0.00000e+00 
6.90000e+01 0.00000e+00 0.00000e+00 0.00000e+00 0.00000e+00 
6.95000e+01 0.00000e+00 0.00000e+00 0.00000e+00 0.00000e+00 
7.00000e+01 0.00000e+00 0.00000e+00 0.00000e+00 0.00000e+00 
7.05000e+01 0.00000e+00 0.00000e+00 0.00000e+00 0.00000e+00 
7.10000e+01 0.00000e+00 0.00000e+00 0.00000e+00 0.00000e+00 
7.15000e+01 0.00000e+00 0.00000e+00 0.00000e+00 0.00000e+00 
7.20000e+01 0.00000e+00 0.00000e+00 0.00000e+00 0.00000e+00 
7.25000e+01 0.00000e+00 0.00000e+00 0.00000e+00 0.00000e+00 
7.30000e+01 0.00000e+00 0.00000e+00 0.00000e+00 0.00000e+00 
7.35000e+01 0.00000e+00 0.00000e+00 0.00000e+00 0.00000e+00 
7.40000e+01 0.00000e+00 0.00000e+00 0.00000e+00 0.00000e+00 
7.45000e+01 0.00000e+00 0.00000e+00 0.00000e+00 0.00000e+00 
7.50000e+01 0.00000e+00 0.00000e+00 0.00000e+00 0.00000e+00 
7.55000e+01 0.00000e+00 0.00000e+00 0.00000e+00 0.00000e+00 
7.60000e+01 0.00000e+00 0.00000e+00 0.00000e+00 0.00000e+00 
7.65000e+01 0.00000e+00 0.00000e+00 0.00000e+00 0.00000e+00 
7.70000e+01 0.00000e+00 0.00000e+00 0.00000e+00 0.00000e+00 
7.75000e+01 0.00000e+00 0.00000e+00 0.00000e+00 0.00000e+00 
7.80000e+01 0.00000e+00 0.00000e+00 0.00000e+00 0.00000e+00 
7.85000e+01 0.00000e+00 0.00000e+00 0.00000e+00 0.00000e+00 
7.90000e+01 0.00000e+00 0.00000e+00 0.00000e+00 0.00000e+00 
7.95000e+01 0.00000e+00 0.00000e+00 0.00000e+00 0.00000e+00 
8.00000e+01 0.00000e+00 0.00000e+00 0.00000e+00 0.00000e+00 
8.05000e+01 0.00000e+00 0.00000e+00 0.00000e+00 0.00000e+00 
8.10000e+01 0.00000e+00 0.00000e+00 0.00000e+00 0.00000e+00 
8.15000e+01 0.00000e+00 0.00000e+00 0.00000e+00 0.00000e+00 
8.20000e+01 0.00000e+00 0.00000e+00 0.00000e+00 0.00000e+00 
8.25000e+01 0.00000e+00 0.00000e+00 0.00000e+00 0.00000e+00 
8.30000e+01 0.00000e+00 0.00000e+00 0.00000e+00 0.00000e+00 
8.35000e+01 0.00000e+00 0.00000e+00 0.00000e+00 0.00000e+00 
8.40000e+01 0.00000e+00 0.00000e+00 0.00000e+00 0.00000e+00 
8.45000e+01 0.00000e+00 0.00000e+00 0.00000e+00 0.00000e+00 
8.50000e+01 0.00000e+00 0.00000e+00 0.00000e+00 0.00000e+00 
8.55000e+01 0.00000e+00 0.00000e+00 0.00000e+00 0.00000e+00 
8.60000e+01 0.00000e+00 0.00000e+00 0.00000e+00 0.00000e+00 
8.65000e+01 0.00000e+00 0.00000e+00 0.00000e+00 0.00000e+00 
8.70000e+01 0.00000e+00 0.00000e+00 0.00000e+00 0.00000e+00 
8.75000e+01 0.00000e+00 0.00000e+00 0.00000e+00 0.00000e+00 
8.80000e+01 0.00000e+00 0.00000e+00 0.00000e+00 0.00000e+00 
8.85000e+01 0.00000e+00 0.00000e+00 0.00000e+00 0.00000e+00 
8.90000e+01 0.00000e+00 0.00000e+00 0.00000e+00 0.00000e+00 
8.95000e+01 0.00000e+00 0.00000e+00 0.00000e+00 0.00000e+00 
9.00000e+01 0.00000e+00 0.00000e+00 0.00000e+00 0.00000e+00 
9.05000e+01 0.00000e+00 0.00000e+00 0.00000e+00 0.00000e+00 
9.10000e+01 0.00000e+00 0.00000e+00 0.00000e+00 0.00000e+00 
9.15000e+01 0.00000e+00 0.00000e+00 0.00000e+00 0.00000e+00 
9.20000e+01 0.00000e+00 0.00000e+00 0.00000e+00 0.00000e+00 
9.25000e+01 0.00000e+00 0.00000e+00 0.00000e+00 0.00000e+00 
9.30000e+01 0.00000e+00 0.00000e+00 0.00000e+00 0.00000e+00 
9.35000e+01 0.00000e+00 0.00000e+00 0.00000e+00 0.00000e+00 
9.40000e+01 0.00000e+00 0.00000e+00 0.00000e+00 0.00000e+00 
9.45000e+01 0.00000e+00 0.00000e+00 0.00000e+00 0.00000e+00 
9.50000e+01 0.00000e+00 0.00000e+00 0.00000e+00 0.00000e+00 
9.55000e+01 0.00000e+00 0.00000e+00 0.00000e+00 0.00000e+00 
9.60000e+01 0.00000e+00 0.00000e+00 0.00000e+00 0.00000e+00 
9.65000e+01 0.00000e+00 0.00000e+00 0.00000e+00 0.00000e+00 
9.70000e+01 0.00000e+00 0.00000e+00 0.00000e+00 0.00000e+00 
9.75000e+01 0.00000e+00 0.00000e+00 0.00000e+00 0.00000e+00 
9.80000e+01 0.00000e+00 0.00000e+00 0.00000e+00 0.00000e+00 
9.85000e+01 0.00000e+00 0.00000e+00 0.00000e+00 0.00000e+00 
9.90000e+01 0.00000e+00 0.00000e+00 0.00000e+00 0.00000e+00 
9.95000e+01 0.00000e+00 0.00000e+00 0.00000e+00 0.00000e+00 
1.00000e+02 0.00000e+00 0.00000e+00 0.00000e+00 0.00000e+00 
1.00500e+02 0.00000e+00 0.00000e+00 0.00000e+00 0.00000e+00 
1.01000e+02 0.00000e+00 0.00000e+00 0.00000e+00 0.00000e+00 
1.01500e+02 0.00000e+00 0.00000e+00 0.00000e+00 0.00000e+00 
1.02000e+02 0.00000e+00 0.00000e+00 0.00000e+00 0.00000e+00 
1.02500e+02 0.00000e+00 0.00000e+00 0.00000e+00 0.00000e+00 
1.03000e+02 0.00000e+00 0.00000e+00 0.00000e+00 0.00000e+00 
1.03500e+02 0.00000e+00 0.00000e+00 0.00000e+00 0.00000e+00 
1.04000e+02 0.00000e+00 0.00000e+00 0.00000e+00 0.00000e+00 
1.04500e+02 0.00000e+00 0.00000e+00 0.00000e+00 0.00000e+00 
1.05000e+02 0.00000e+00 0.00000e+00 0.00000e+00 0.00000e+00 
1.05500e+02 0.00000e+00 0.00000e+00 0.00000e+00 0.00000e+00 
1.06000e+02 0.00000e+00 0.00000e+00 0.00000e+00 0.00000e+00 
1.06500e+02 0.00000e+00 0.00000e+00 0.00000e+00 0.00000e+00 
1.07000e+02 0.00000e+00 0.00000e+00 0.00000e+00 0.00000e+00 
1.07500e+02 0.00000e+00 0.00000e+00 0.00000e+00 0.00000e+00 
1.08000e+02 0.00000e+00 1.56453e-147 0.00000e+00 0.00000e+00 
1.08500e+02 0.00000e+00 2.90655e-52 0.00000e+00 0.00000e+00 
1.09000e+02 0.00000e+00 1.70586e-17 0.00000e+00 0.00000e+00 
1.09500e+02 0.00000e+00 2.02287e-05 0.00000e+00 0.00000e+00 
1.10000e+02 0.00000e+00 4.18045e-02 0.00000e+00 0.00000e+00 
1.10500e+02 0.00000e+00 8.07348e-02 0.00000e+00 0.00000e+00 
1.11000e+02 0.00000e+00 9.19621e-02 0.00000e+00 0.00000e+00 
1.11500e+02 0.00000e+00 9.77366e-02 0.00000e+00 0.00000e+00 
1.12000e+02 0.00000e+00 1.01654e-01 0.00000e+00 0.00000e+00 
1.12500e+02 0.00000e+00 1.04692e-01 0.00000e+00 0.00000e+00 
1.13000e+02 0.00000e+00 1.07214e-01 0.00000e+00 0.00000e+00 
1.13500e+02 0.00000e+00 1.09409e-01 0.00000e+00 0.00000e+00 
1.14000e+02 0.00000e+00 1.11377e-01 0.00000e+00 0.00000e+00 
1.14500e+02 0.00000e+00 1.13172e-01 0.00000e+00 0.00000e+00 
1.15000e+02 0.00000e+00 1.14829e-01 0.00000e+00 0.00000e+00 
1.15500e+02 0.00000e+00 1.16371e-01 0.00000e+00 0.00000e+00 
1.16000e+02 0.00000e+00 1.17814e-01 0.00000e+00 0.00000e+00 
1.16500e+02 0.00000e+00 1.19173e-01 0.00000e+00 0.00000e+00 
1.17000e+02 0.00000e+00 1.20459e-01 0.00000e+00 0.00000e+00 
1.17500e+02 0.00000e+00 1.21682e-01 0.00000e+00 0.00000e+00 
1.18000e+02 0.00000e+00 1.22850e-01 0.00000e+00 0.00000e+00 
1.18500e+02 4.93658e-156 1.23972e-01 0.00000e+00 0.00000e+00 
1.19000e+02 4.20231e-62 1.25051e-01 0.00000e+00 0.00000e+00 
1.19500e+02 1.01211e-20 1.26094e-01 0.00000e+00 0.00000e+00 
1.20000e+02 1.02311e-05 1.27102e-01 0.00000e+00 0.00000e+00 
1.20500e+02 5.15836e-02 1.28079e-01 0.00000e+00 0.00000e+00 
1.21000e+02 9.02395e-02 1.29027e-01 0.00000e+00 0.00000e+00 
1.21500e+02 1.03816e-01 1.29947e-01 0.00000e+00 0.00000e+00 
1.22000e+02 1.12655e-01 1.30840e-01 0.00000e+00 0.00000e+00 
1.22500e+02 1.19123e-01 1.31710e-01 0.00000e+00 1.16872e-195 
1.23000e+02 1.24295e-01 1.32558e-01 0.00000e+00 2.28448e-103 
1.23500e+02 1.28661e-01 1.33388e-01 0.00000e+00 5.32721e-53 
1.24000e+02 1.32452e-01 1.34200e-01 0.00000e+00 1.35994e-25 
1.24500e+02 1.35801e-01 1.34998e-01 0.00000e+00 2.32025e-11 
1.25000e+02 1.38798e-01 1.35781e-01 0.00000e+00 9.57313e-05 
1.25500e+02 1.41511e-01 1.36552e-01 0.00000e+00 2.48723e-02 
1.26000e+02 1.44000e-01 1.37312e-01 0.00000e+00 5.62464e-02 
1.26500e+02 1.46298e-01 1.38061e-01 0.00000e+00 6.43980e-02 
1.27000e+02 1.48440e-01 1.38798e-01 0.00000e+00 6.88446e-02 
1.27500e+02 1.50453e-01 1.39523e-01 0.00000e+00 7.20315e-02 
1.28000e+02 1.52362e-01 1.40237e-01 0.00000e+00 7.45821e-02 
1.28500e+02 1.54183e-01 1.40940e-01 0.00000e+00 7.67630e-02 
1.29000e+02 1.55930e-01 1.41634e-01 0.00000e+00 7.87072e-02 
1.29500e+02 1.57611e-01 1.42319e-01 0.00000e+00 8.04857e-02 
1.30000e+02 1.59231e-01 1.42996e-01 0.00000e+00 8.21394e-02 
1.30500e+02 1.60792e-01 1.43666e-01 0.00000e+00 8.36932e-02 
1.31000e+02 1.62297e-01 1.44329e-01 0.00000e+00 8.51631e-02 
1.31500e+02 1.63747e-01 1.44986e-01 0.00000e+00 8.65598e-02 
1.32000e+02 1.65144e-01 1.45636e-01 0.00000e+00 8.78912e-02 
1.32500e+02 1.66491e-01 1.46281e-01 0.00000e+00 8.91636e-02 
1.33000e+02 1.67790e-01 1.46919e-01 0.00000e+00 9.03826e-02 
1.33500e+02 1.69046e-01 1.47550e-01 0.00000e+00 9.15534e-02 
1.34000e+02 1.70262e-01 1.48174e-01 0.00000e+00 9.26805e-02 
1.34500e+02 1.71441e-01 1.48789e-01 0.00000e+00 9.37679e-02 
1.35000e+02 1.72585e-01 1.49395e-01 0.00000e+00 9.48191e-02 
1.35500e+02 1.73697e-01 1.49991e-01 0.00000e+00 9.58370e-02 
1.36000e+02 1.74780e-01 1.50579e-01 0.00000e+00 9.68243e-02 
1.36500e+02 1.75836e-01 1.51156e-01 0.00000e+00 9.77833e-02 
1.37000e+02 1.76865e-01 1.51723e-01 0.00000e+00 9.87163e-02 
1.37500e+02 1.77871e-01 1.52281e-01 0.00000e+00 9.96252e-02 
1.38000e+02 1.78854e-01 1.52829e-01 0.00000e+00 1.00512e-01 
1.38500e+02 1.79816e-01 1.53367e-01 0.00000e+00 1.01379e-01 
1.39000e+02 1.80757e-01 1.53897e-01 0.00000e+00 1.02226e-01 
1.39500e+02 1.81679e-01 1.54419e-01 0.00000e+00 1.03056e-01 
1.40000e+02 1.82582e-01 1.54932e-01 0.00000e+00 1.03869e-01 
1.40500e+02 1.83468e-01 1.55438e-01 0.00000e+00 1.04666e-01 
1.41000e+02 1.84338e-01 1.55937e-01 0.00000e+00 1.05448e-01 
1.41500e+02 1.85191e-01 1.56428e-01 0.00000e+00 1.06216e-01 
1.42000e+02 1.86029e-01 1.56913e-01 0.00000e+00 1.06969e-01 
1.42500e+02 1.86852e-01 1.57391e-01 0.00000e+00 1.07708e-01 
1.43000e+02 1.87662e-01 1.57864e-01 0.00000e+00 1.08434e-01 
1.43500e+02 1.88458e-01 1.58330e-01 0.00000e+00 1.09148e-01 
1.44000e+02 1.89241e-01 1.58791e-01 0.00000e+00 1.09848e-01 
1.44500e+02 1.90012e-01 1.59247e-01 0.00000e+00 1.10536e-01 
1.45000e+02 1.90772e-01 1.59698e-01 0.00000e+00 1.11213e-01 
1.45500e+02 1.91520e-01 1.60144e-01 0.00000e+00 1.11877e-01 
1.46000e+02 1.92258e-01 1.60585e-01 0.00000e+00 1.12530e-01 
1.46500e+02 1.92986e-01 1.61022e-01 0.00000e+00 1.13171e-01 
1.47000e+02 1.93705e-01 1.61454e-01 0.00000e+00 1.13801e-01 
1.47500e+02 1.94414e-01 1.61882e-01 0.00000e+00 1.14421e-01 
1.48000e+02 1.95115e-01 1.62306e-01 0.00000e+00 1.15029e-01 
1.48500e+02 1.95809e-01 1.62726e-01 0.00000e+00 1.15628e-01 
1.49000e+02 1.96494e-01 1.63142e-01 0.00000e+00 1.16216e-01 
1.49500e+02 1.97172e-01 1.63554e-01 0.00000e+00 1.16794e-01 
1.50000e+02 1.97844e-01 1.63962e-01 0.00000e+00 1.17363e-01 
1.50500e+02 1.98509e-01 1.64367e-01 0.00000e+00 1.17923e-01 
1.51000e+02 1.99167e-01 1.64768e-01 0.00000e+00 1.18474e-01 
1.51500e+02 1.99820e-01 1.65166e-01 0.00000e+00 1.19017e-01 
1.52000e+02 2.00466e-01 1.65561e-01 0.00000e+00 1.19551e-01 
1.52500e+02 2.01107e-01 1.65952e-01 0.00000e+00 1.20078e-01 
1.53000e+02 2.01742e-01 1.66340e-01 0.00000e+00 1.20597e-01 
1.53500e+02 2.02372e-01 1.66725e-01 0.00000e+00 1.21109e-01 
1.54000e+02 2.02996e-01 1.67107e-01 0.00000e+00 1.21614e-01 
1.54500e+02 2.03614e-01 1.67485e-01 0.00000e+00 1.22112e-01 
1.55000e+02 2.04227e-01 1.67861e-01 0.00000e+00 1.22604e-01 
1.55500e+02 2.04835e-01 1.68234e-01 0.00000e+00 1.23089e-01 
1.56000e+02 2.05438e-01 1.68604e-01 0.00000e+00 1.23570e-01 
1.56500e+02 2.06035e-01 1.68971e-01 0.00000e+00 1.24045e-01 
1.57000e+02 2.06626e-01 1.69335e-01 0.00000e+00 1.24516e-01 
1.57500e+02 2.07213e-01 1.69697e-01 0.00000e+00 1.24983e-01 
1.58000e+02 2.07794e-01 1.70056e-01 0.00000e+00 1.25448e-01 
1.58500e+02 2.08369e-01 1.70412e-01 0.00000e+00 1.25913e-01 
1.59000e+02 2.08940e-01 1.70765e-01 0.00000e+00 1.26377e-01 
1.59500e+02 2.09505e-01 1.71117e-01 0.00000e+00 1.26845e-01 
1.60000e+02 2.10065e-01 1.71465e-01 0.00000e+00 1.27316e-01 
1.60500e+02 2.10619e-01 1.71811e-01 0.00000e+00 1.27794e-01 
1.61000e+02 2.11169e-01 1.72155e-01 0.00000e+00 1.28279e-01 
1.61500e+02 2.11714e-01 1.72496e-01 0.00000e+00 1.28775e-01 
1.62000e+02 2.12253e-01 1.72835e-01 0.00000e+00 1.29282e-01 
1.62500e+02 2.12788e-01 1.73172e-01 0.00000e+00 1.29802e-01 
1.63000e+02 2.13318e-01 1.73506e-01 0.00000e+00 1.30336e-01 
1.63500e+02 2.13843e-01 1.73838e-01 0.00000e+00 1.30886e-01 
1.64000e+02 2.14363e-01 1.74168e-01 0.00000e+00 1.31452e-01 
1.64500e+02 2.14879e-01 1.74496e-01 0.00000e+00 1.32037e-01 
1.65000e+02 2.15390e-01 1.74822e-01 0.00000e+00 1.32641e-01 
1.65500e+02 2.15896e-01 1.75146e-01 0.00000e+00 1.33266e-01 
1.66000e+02 2.16399e-01 1.75467e-01 0.00000e+00 1.33917e-01 
1.66500e+02 2.16897e-01 1.75787e-01 0.00000e+00 1.34595e-01 
1.67000e+02 2.17390e-01 1.76104e-01 0.00000e+00 1.35307e-01 
1.67500e+02 2.17880e-01 1.76420e-01 0.00000e+00 1.36059e-01 
1.68000e+02 2.18366e-01 1.76733e-01 0.00000e+00 1.36862e-01 
1.68500e+02 2.18847e-01 1.77045e-01 0.00000e+00 1.37727e-01 
1.69000e+02 2.19325e-01 1.77355e-01 0.00000e+00 1.38666e-01 
1.69500e+02 2.19799e-01 1.77663e-01 0.00000e+00 1.39689e-01 
1.70000e+02 2.20269e-01 1.77969e-01 0.00000e+00 1.40800e-01 
1.70500e+02 2.20736e-01 1.78273e-01 0.00000e+00 1.41999e-01 
1.71000e+02 2.21200e-01 1.78576e-01 0.00000e+00 1.43275e-01 
1.71500e+02 2.21660e-01 1.78876e-01 0.00000e+00 1.44616e-01 
1.72000e+02 2.22117e-01 1.79175e-01 0.00000e+00 1.46007e-01 
1.72500e+02 2.22570e-01 1.79473e-01 0.00000e+00 1.47429e-01 
1.73000e+02 2.23021e-01 1.79768e-01 0.00000e+00 1.48869e-01 
1.73500e+02 2.23469e-01 1.80062e-01 0.00000e+00 1.50312e-01 
1.74000e+02 2.23914e-01 1.80354e-01 0.00000e+00 1.51746e-01 
1.74500e+02 2.24356e-01 1.80644e-01 0.00000e+00 1.53163e-01 
1.75000e+02 2.24795e-01 1.80933e-01 0.00000e+00 1.54557e-01 
1.75500e+02 2.25232e-01 1.81220e-01 0.00000e+00 1.55930e-01 
1.76000e+02 2.25666e-01 1.81506e-01 0.00000e+00 1.57286e-01 
1.76500e+02 2.26097e-01 1.81790e-01 0.00000e+00 1.58633e-01 
1.77000e+02 2.26526e-01 1.82073e-01 0.00000e+00 1.59973e-01 
1.77500e+02 2.26952e-01 1.82354e-01 0.00000e+00 1.61309e-01 
1.78000e+02 2.27375e-01 1.82634e-01 0.00000e+00 1.62634e-01 
1.78500e+02 2.27795e-01 1.82912e-01 0.00000e+00 1.63940e-01 
1.79000e+02 2.28212e-01 1.83189e-01 0.00000e+00 1.65219e-01 
1.79500e+02 2.28627e-01 1.83465e-01 0.00000e+00 1.66464e-01 
1.80000e+02 2.29039e-01 1.83739e-01 0.00000e+00 1.67673e-01 
1.80500e+02 2.29448e-01 1.84012e-01 0.00000e+00 1.68846e-01 
1.81000e+02 2.29854e-01 1.84283e-01 0.00000e+00 1.69988e-01 
1.81500e+02 2.30257e-01 1.84554e-01 0.00000e+00 1.71102e-01 
1.82000e+02 2.30657e-01 1.84822e-01 0.00000e+00 1.72188e-01 
1.82500e+02 2.31054e-01 1.85090e-01 0.00000e+00 1.73245e-01 
1.83000e+02 2.31449e-01 1.85357e-01 0.00000e+00 1.74270e-01 
1.83500e+02 2.31840e-01 1.85622e-01 0.00000e+00 1.75259e-01 
1.84000e+02 2.32229e-01 1.85886e-01 0.00000e+00 1.76210e-01 
1.84500e+02 2.32615e-01 1.86148e-01 0.00000e+00 1.77125e-01 
1.85000e+02 2.32998e-01 1.86410e-01 0.00000e+00 1.78005e-01 
1.85500e+02 2.33378e-01 1.86670e-01 0.00000e+00 1.78859e-01 
1.86000e+02 2.33756e-01 1.86930e-01 0.00000e+00 1.79696e-01 
1.86500e+02 2.34131e-01 1.87188e-01 0.00000e+00 1.80526e-01 
1.87000e+02 2.34504e-01 1.87445e-01 0.00000e+00 1.81359e-01 
1.87500e+02 2.34874e-01 1.87701e-01 0.00000e+00 1.82197e-01 
1.88000e+02 2.35241e-01 1.87955e-01 0.00000e+00 1.83039e-01 
1.88500e+02 2.35606e-01 1.88209e-01 0.00000e+00 1.83879e-01 
1.89000e+02 2.35968e-01 1.88462e-01 0.00000e+00 1.84710e-01 
1.89500e+02 2.36329e-01 1.88713e-01 0.00000e+00 1.85528e-01 
1.90000e+02 2.36686e-01 1.88963e-01 0.00000e+00 1.86327e-01 
1.90500e+02 2.37042e-01 1.89213e-01 0.00000e+00 1.87104e-01 
1.91000e+02 2.37395e-01 1.89461e-01 0.00000e+00 1.87859e-01 
1.91500e+02 2.37747e-01 1.89708e-01 0.00000e+00 1.88590e-01 
1.92000e+02 2.38096e-01 1.89954e-01 0.00000e+00 1.89296e-01 
1.92500e+02 2.38443e-01 1.90199e-01 0.00000e+00 1.89978e-01 
1.93000e+02 2.38788e-01 1.90443e-01 0.00000e+00 1.90635e-01 
1.93500e+02 2.39131e-01 1.90686e-01 0.00000e+00 1.91269e-01 
1.94000e+02 2.39472e-01 1.90928e-01 0.00000e+00 1.91881e-01 
1.94500e+02 2.39811e-01 1.91169e-01 0.00000e+00 1.92472e-01 
1.95000e+02 2.40148e-01 1.91409e-01 0.00000e+00 1.93044e-01 
1.95500e+02 2.40484e-01 1.91648e-01 0.00000e+00 1.93599e-01 
1.96000e+02 2.40817e-01 1.91887e-01 0.00000e+00 1.94139e-01 
1.96500e+02 2.41149e-01 1.92124e-01 0.00000e+00 1.94664e-01 
1.97000e+02 2.41478e-01 1.92360e-01 0.00000e+00 1.95177e-01 
1.97500e+02 2.41806e-01 1.92595e-01 0.00000e+00 1.95678e-01 
1.98000e+02 2.42132e-01 1.92829e-01 0.00000e+00 1.96169e-01 
1.98500e+02 2.42456e-01 1.93062e-01 0.00000e+00 1.96651e-01 
1.99000e+02 2.42778e-01 1.93295e-01 0.00000e+00 1.97125e-01 
1.99500e+02 2.43098e-01 1.93526e-01 0.00000e+00 1.97590e-01 
2.00000e+02 2.43417e-01 1.93757e-01 0.00000e+00 1.98049e-01 
2.00500e+02 2.43733e-01 1.93986e-01 0.00000e+00 1.98502e-01 
2.01000e+02 2.44048e-01 1.94215e-01 0.00000e+00 1.98949e-01 
2.01500e+02 2.44361e-01 1.94443e-01 0.00000e+00 1.99391e-01 
2.02000e+02 2.44672e-01 1.94670e-01 0.00000e+00 1.99827e-01 
2.02500e+02 2.44982e-01 1.94896e-01 0.00000e+00 2.00260e-01 
2.03000e+02 2.45290e-01 1.95121e-01 0.00000e+00 2.00688e-01 
2.03500e+02 2.45596e-01 1.95346e-01 0.00000e+00 2.01112e-01 
2.04000e+02 2.45900e-01 1.95570e-01 0.00000e+00 2.01533e-01 
2.04500e+02 2.46203e-01 1.95793e-01 0.00000e+00 2.01949e-01 
2.05000e+02 2.46504e-01 1.96015e-01 1.33476e-295 2.02363e-01 
2.05500e+02 2.46803e-01 1.96236e-01 8.51533e-226 2.02773e-01 
2.06000e+02 2.47101e-01 1.96457e-01 1.22378e-171 2.03180e-01 
2.06500e+02 2.47397e-01 1.96677e-01 8.24217e-129 2.03584e-01 
2.07000e+02 2.47691e-01 1.96896e-01 1.26413e-95 2.03984e-01 
2.07500e+02 2.47985e-01 1.97114e-01 4.59521e-70 2.04381e-01 
2.08000e+02 2.48276e-01 1.97332e-01 1.50710e-50 2.04775e-01 
2.08500e+02 2.48566e-01 1.97549e-01 7.76193e-36 2.05166e-01 
2.09000e+02 2.48855e-01 1.97766e-01 6.54464e-25 2.05554e-01 
2.09500e+02 2.49143e-01 1.97982e-01 6.41023e-17 2.05938e-01 
2.10000e+02 2.49429e-01 1.98197e-01 3.36834e-11 2.06319e-01 
2.10500e+02 2.49713e-01 1.98412e-01 2.90571e-07 2.06697e-01 
2.11000e+02 2.49997e-01 1.98626e-01 1.04438e-04 2.07072e-01 
2.11500e+02 2.50279e-01 1.98840e-01 3.69969e-03 2.07443e-01 
2.12000e+02 2.50560e-01 1.99053e-01 2.35648e-02 2.07811e-01 
2.12500e+02 2.50840e-01 1.99266e-01 4.47477e-02 2.08176e-01 
2.13000e+02 2.51119e-01 1.99479e-01 5.46326e-02 2.08538e-01 
2.13500e+02 2.51397e-01 1.99691e-01 6.00175e-02 2.08897e-01 
2.14000e+02 2.51673e-01 1.99902e-01 6.37291e-02 2.09252e-01 
2.14500e+02 2.51949e-01 2.00113e-01 6.66240e-02 2.09604e-01 
2.15000e+02 2.52223e-01 2.00324e-01 6.90316e-02 2.09953e-01 
2.15500e+02 2.52496e-01 2.00534e-01 7.11171e-02 2.10298e-01 
2.16000e+02 2.52768e-01 2.00744e-01 7.29802e-02 2.10641e-01 
2.16500e+02 2.53039e-01 2.00954e-01 7.46854e-02 2.10980e-01 
2.17000e+02 2.53309e-01 2.01163e-01 7.62752e-02 2.11317e-01 
2.17500e+02 2.53577e-01 2.01371e-01 7.77771e-02 2.11651e-01 
2.18000e+02 2.53845e-01 2.01579e-01 7.92089e-02 2.11982e-01 
2.18500e+02 2.54112e-01 2.01787e-01 8.05821e-02 2.12310e-01 
2.19000e+02 2.54378e-01 2.01995e-01 8.19048e-02 2.12636e-01 
2.19500e+02 2.54643e-01 2.02202e-01 8.31833e-02 2.12959e-01 
2.20000e+02 2.54907e-01 2.02409e-01 8.44228e-02 2.13279e-01 
2.20500e+02 2.55170e-01 2.02616e-01 8.56272e-02 2.13598e-01 
2.21000e+02 2.55432e-01 2.02823e-01 8.67987e-02 2.13914e-01 
2.21500e+02 2.55693e-01 2.03029e-01 8.79379e-02 2.14228e-01 
2.22000e+02 2.55953e-01 2.03235e-01 8.90439e-02 2.14540e-01 
2.22500e+02 2.56213e-01 2.03441e-01 9.01153e-02 2.14850e-01 
2.23000e+02 2.56472e-01 2.03646e-01 9.11512e-02 2.15158e-01 
2.23500e+02 2.56730e-01 2.03851e-01 9.21513e-02 2.15464e-01 
2.24000e+02 2.56987e-01 2.04056e-01 9.31169e-02 2.15768e-01 
2.24500e+02 2.57243e-01 2.04261e-01 9.40504e-02 2.16071e-01 
2.25000e+02 2.57499e-01 2.04466e-01 9.49554e-02 2.16373e-01 
2.25500e+02 2.57754e-01 2.04670e-01 9.58357e-02 2.16673e-01 
2.26000e+02 2.58009e-01 2.04874e-01 9.66950e-02 2.16971e-01 
2.26500e+02 2.58262e-01 2.05078e-01 9.75367e-02 2.17268e-01 
2.27000e+02 2.58515e-01 2.05282e-01 9.83631e-02 2.17565e-01 
2.27500e+02 2.58768e-01 2.05486e-01 9.91756e-02 2.17860e-01 
2.28000e+02 2.59019e-01 2.05689e-01 9.99748e-02 2.18153e-01 
2.28500e+02 2.59270e-01 2.05893e-01 1.00760e-01 2.18446e-01 
2.29000e+02 2.59521e-01 2.06096e-01 1.01531e-01 2.18738e-01 
2.29500e+02 2.59771e-01 2.06299e-01 1.02287e-01 2.19029e-01 
2.30000e+02 2.60020e-01 2.06501e-01 1.03026e-01 2.19320e-01 
2.30500e+02 2.60269e-01 2.06704e-01 1.03749e-01 2.19609e-01 
2.31000e+02 2.60517e-01 2.06906e-01 1.04454e-01 2.19897e-01 
2.31500e+02 2.60765e-01 2.07109e-01 1.05143e-01 2.20185e-01 
2.32000e+02 2.61012e-01 2.07311e-01 1.05815e-01 2.20472e-01 
2.32500e+02 2.61258e-01 2.07513e-01 1.06472e-01 2.20758e-01 
2.33000e+02 2.61504e-01 2.07714e-01 1.07113e-01 2.21044e-01 
2.33500e+02 2.61749e-01 2.07916e-01 1.07740e-01 2.21328e-01 
2.34000e+02 2.61994e-01 2.08117e-01 1.08354e-01 2.21611e-01 
2.34500e+02 2.62239e-01 2.08318e-01 1.08955e-01 2.21894e-01 
2.35000e+02 2.62482e-01 2.08519e-01 1.09545e-01 2.22175e-01 
2.35500e+02 2.62726e-01 2.08720e-01 1.10124e-01 2.22456e-01 
2.36000e+02 2.62968e-01 2.08921e-01 1.10693e-01 2.22735e-01 
2.36500e+02 2.63210e-01 2.09121e-01 1.11252e-01 2.23013e-01 
2.37000e+02 2.63452e-01 2.09322e-01 1.11801e-01 2.23290e-01 
2.37500e+02 2.63693e-01 2.09522e-01 1.12342e-01 2.23566e-01 
2.38000e+02 2.63933e-01 2.09721e-01 1.12874e-01 2.23840e-01 
2.38500e+02 2.64173e-01 2.09921e-01 1.13399e-01 2.24112e-01 
2.39000e+02 2.64413e-01 2.10121e-01 1.13915e-01 2.24384e-01 
2.39500e+02 2.64652e-01 2.10320e-01 1.14424e-01 2.24653e-01 
2.40000e+02 2.64890e-01 2.10519e-01 1.14925e-01 2.24921e-01 
