0.00000e+00 0.00000e+00 0.00000e+00 0.00000e+00 0.00000e+00 
5.00000e-01 0.00000e+00 0.00000e+00 0.00000e+00 0.00000e+00 
1.00000e+00 0.00000e+00 0.00000e+00 0.00000e+00 0.00000e+00 
1.50000e+00 0.00000e+00 0.00000e+00 0.00000e+00 0.00000e+00 
2.00000e+00 0.00000e+00 0.00000e+00 0.00000e+00 0.00000e+00 
2.50000e+00 0.00000e+00 0.00000e+00 0.00000e+00 0.00000e+00 
3.00000e+00 0.00000e+00 0.00000e+00 0.00000e+00 0.00000e+00 
3.50000e+00 0.00000e+00 0.00000e+00 0.00000e+00 0.00000e+00 
4.00000e+00 0.00000e+00 0.00000e+00 0.00000e+00 0.00000e+00 
4.50000e+00 0.00000e+00 0.00000e+00 0.00000e+00 0.00000e+00 
5.00000e+00 0.00000e+00 0.00000e+00 0.00000e+00 0.00000e+00 
5.50000e+00 0.00000e+00 0.00000e+00 0.00000e+00 0.00000e+00 
6.00000e+00 0.00000e+00 0.00000e+00 0.00000e+00 0.00000e+00 
6.50000e+00 0.00000e+00 0.00000e+00 0.00000e+00 0.00000e+00 
7.00000e+00 0.00000e+00 0.00000e+00 0.00000e+00 0.00000e+00 
7.50000e+00 0.00000e+00 0.00000e+00 0.00000e+00 0.00000e+00 
8.00000e+00 0.00000e+00 0.00000e+00 0.00000e+00 0.00000e+00 
8.50000e+00 0.00000e+00 0.00000e+00 0.00000e+00 0.00000e+00 
9.00000e+00 0.00000e+00 0.00000e+00 0.00000e+00 0.00000e+00 
9.50000e+00 0.00000e+00 0.00000e+00 0.00000e+00 0.00000e+00 
1.00000e+01 0.00000e+00 0.00000e+00 0.00000e+00 0.00000e+00 
1.05000e+01 0.00000e+00 0.00000e+00 0.00000e+00 0.00000e+00 
1.10000e+01 0.00000e+00 0.00000e+00 0.00000e+00 0.00000e+00 
1.15000e+01 0.00000e+00 0.00000e+00 0.00000e+00 0.00000e+00 
1.20000e+01 0.00000e+00 0.00000e+00 0.00000e+00 0.00000e+00 
1.25000e+01 0.00000e+00 0.00000e+00 0.00000e+00 0.00000e+00 
1.30000e+01 0.00000e+00 0.00000e+00 0.00000e+00 0.00000e+00 
1.35000e+01 0.00000e+00 0.00000e+00 0.00000e+00 0.00000e+00 
1.40000e+01 0.00000e+00 0.00000e+00 0.00000e+00 0.00000e+00 
1.45000e+01 0.00000e+00 0.00000e+00 0.00000e+00 0.00000e+00 
1.50000e+01 0.00000e+00 0.00000e+00 0.00000e+00 0.00000e+00 
1.55000e+01 0.00000e+00 0.00000e+00 0.00000e+00 0.00000e+00 
1.60000e+01 0.00000e+00 0.00000e+00 0.00000e+00 0.00000e+00 
1.65000e+01 0.00000e+00 0.00000e+00 0.00000e+00 0.00000e+00 
1.70000e+01 0.00000e+00 0.00000e+00 0.00000e+00 0.00000e+00 
1.75000e+01 0.00000e+00 0.00000e+00 0.00000e+00 0.00000e+00 
1.80000e+01 0.00000e+00 0.00000e+00 0.00000e+00 0.00000e+00 
1.85000e+01 0.00000e+00 0.00000e+00 0.00000e+00 0.00000e+00 
1.90000e+01 0.00000e+00 0.00000e+00 0.00000e+00 0.00000e+00 
1.95000e+01 0.00000e+00 0.00000e+00 0.00000e+00 0.00000e+00 
2.00000e+01 0.00000e+00 0.00000e+00 0.00000e+00 0.00000e+00 
2.05000e+01 0.00000e+00 0.00000e+00 0.00000e+00 0.00000e+00 
2.10000e+01 0.00000e+00 0.00000e+00 0.00000e+00 0.00000e+00 
2.15000e+01 0.00000e+00 0.00000e+00 0.00000e+00 0.00000e+00 
2.20000e+01 0.00000e+00 0.00000e+00 0.00000e+00 0.00000e+00 
2.25000e+01 0.00000e+00 0.00000e+00 0.00000e+00 0.00000e+00 
2.30000e+01 0.00000e+00 0.00000e+00 0.00000e+00 0.00000e+00 
2.35000e+01 0.00000e+00 0.00000e+00 0.00000e+00 0.00000e+00 
2.40000e+01 0.00000e+00 0.00000e+00 0.00000e+00 0.00000e+00 
2.45000e+01 0.00000e+00 0.00000e+00 0.00000e+00 0.00000e+00 
2.50000e+01 0.00000e+00 0.00000e+00 0.00000e+00 0.00000e+00 
2.55000e+01 0.00000e+00 0.00000e+00 0.00000e+00 0.00000e+00 
2.60000e+01 0.00000e+00 0.00000e+00 0.00000e+00 0.00000e+00 
2.65000e+01 0.00000e+00 0.00000e+00 0.00000e+00 0.00000e+00 
2.70000e+01 0.00000e+00 0.00000e+00 0.00000e+00 0.00000e+00 
2.75000e+01 0.00000e+00 0.00000e+00 0.00000e+00 0.00000e+00 
2.80000e+01 0.00000e+00 0.00000e+00 0.00000e+00 0.00000e+00 
2.85000e+01 0.00000e+00 0.00000e+00 0.00000e+00 0.00000e+00 
2.90000e+01 0.00000e+00 0.00000e+00 0.00000e+00 0.00000e+00 
2.95000e+01 0.00000e+00 0.00000e+00 0.00000e+00 0.00000e+00 
3.00000e+01 0.00000e+00 0.00000e+00 0.00000e+00 0.00000e+00 
3.05000e+01 0.00000e+00 0.00000e+00 0.00000e+00 0.00000e+00 
3.10000e+01 0.00000e+00 0.00000e+00 0.00000e+00 0.00000e+00 
3.15000e+01 0.00000e+00 0.00000e+00 0.00000e+00 0.00000e+00 
3.20000e+01 0.00000e+00 0.00000e+00 0.00000e+00 0.00000e+00 
3.25000e+01 0.00000e+00 0.00000e+00 0.00000e+00 0.00000e+00 
3.30000e+01 0.00000e+00 0.00000e+00 0.00000e+00 0.00000e+00 
3.35000e+01 0.00000e+00 0.00000e+00 0.00000e+00 0.00000e+00 
3.40000e+01 0.00000e+00 0.00000e+00 0.00000e+00 0.00000e+00 
3.45000e+01 0.00000e+00 0.00000e+00 0.00000e+00 0.00000e+00 
3.50000e+01 0.00000e+00 0.00000e+00 0.00000e+00 0.00000e+00 
3.55000e+01 0.00000e+00 0.00000e+00 0.00000e+00 0.00000e+00 
3.60000e+01 0.00000e+00 0.00000e+00 0.00000e+00 0.00000e+00 
3.65000e+01 0.00000e+00 0.00000e+00 0.00000e+00 0.00000e+00 
3.70000e+01 0.00000e+00 0.00000e+00 0.00000e+00 0.00000e+00 
3.75000e+01 0.00000e+00 0.00000e+00 0.00000e+00 0.00000e+00 
3.80000e+01 0.00000e+00 0.00000e+00 0.00000e+00 0.00000e+00 
3.85000e+01 0.00000e+00 0.00000e+00 0.00000e+00 0.00000e+00 
3.90000e+01 0.00000e+00 0.00000e+00 0.00000e+00 0.00000e+00 
3.95000e+01 0.00000e+00 0.00000e+00 0.00000e+00 0.00000e+00 
4.00000e+01 0.00000e+00 0.00000e+00 0.00000e+00 0.00000e+00 
4.05000e+01 0.00000e+00 0.00000e+00 0.00000e+00 0.00000e+00 
4.10000e+01 0.00000e+00 0.00000e+00 0.00000e+00 0.00000e+00 
4.15000e+01 0.00000e+00 0.00000e+00 0.00000e+00 0.00000e+00 
4.20000e+01 0.00000e+00 0.00000e+00 0.00000e+00 0.00000e+00 
4.25000e+01 0.00000e+00 0.00000e+00 0.00000e+00 0.00000e+00 
4.30000e+01 0.00000e+00 0.00000e+00 0.00000e+00 0.00000e+00 
4.35000e+01 0.00000e+00 0.00000e+00 0.00000e+00 0.00000e+00 
4.40000e+01 0.00000e+00 0.00000e+00 0.00000e+00 0.00000e+00 
4.45000e+01 0.00000e+00 0.00000e+00 0.00000e+00 0.00000e+00 
4.50000e+01 0.00000e+00 0.00000e+00 0.00000e+00 0.00000e+00 
4.55000e+01 0.00000e+00 0.00000e+00 0.00000e+00 0.00000e+00 
4.60000e+01 0.00000e+00 0.00000e+00 0.00000e+00 0.00000e+00 
4.65000e+01 0.00000e+00 0.00000e+00 0.00000e+00 0.00000e+00 
4.70000e+01 0.00000e+00 0.00000e+00 0.00000e+00 0.00000e+00 
4.75000e+01 0.00000e+00 0.00000e+00 0.00000e+00 0.00000e+00 
4.80000e+01 0.00000e+00 0.00000e+00 0.00000e+00 0.00000e+00 
4.85000e+01 0.00000e+00 0.00000e+00 0.00000e+00 0.00000e+00 
4.90000e+01 0.00000e+00 0.00000e+00 0.00000e+00 0.00000e+00 
4.95000e+01 0.00000e+00 0.00000e+00 0.00000e+00 0.00000e+00 
5.00000e+01 0.00000e+00 0.00000e+00 0.00000e+00 0.00000e+00 
5.05000e+01 0.00000e+00 0.00000e+00 0.00000e+00 0.00000e+00 
5.10000e+01 0.00000e+00 0.00000e+00 0.00000e+00 0.00000e+00 
5.15000e+01 0.00000e+00 0.00000e+00 0.00000e+00 0.00000e+00 
5.20000e+01 0.00000e+00 0.00000e+00 0.00000e+00 0.00000e+00 
5.25000e+01 0.00000e+00 0.00000e+00 0.00000e+00 0.00000e+00 
5.30000e+01 0.00000e+00 0.00000e+00 0.00000e+00 0.00000e+00 
5.35000e+01 0.00000e+00 0.00000e+00 0.00000e+00 0.00000e+00 
5.40000e+01 0.00000e+00 0.00000e+00 0.00000e+00 0.00000e+00 
5.45000e+01 0.00000e+00 0.00000e+00 0.00000e+00 0.00000e+00 
5.50000e+01 0.00000e+00 0.00000e+00 0.00000e+00 0.00000e+00 
5.55000e+01 0.00000e+00 0.00000e+00 0.00000e+00 0.00000e+00 
5.60000e+01 0.00000e+00 0.00000e+00 0.00000e+00 0.00000e+00 
5.65000e+01 0.00000e+00 0.00000e+00 0.00000e+00 0.00000e+00 
5.70000e+01 0.00000e+00 0.00000e+00 0.00000e+00 0.00000e+00 
5.75000e+01 0.00000e+00 0.00000e+00 0.00000e+00 0.00000e+00 
5.80000e+01 0.00000e+00 0.00000e+00 0.00000e+00 0.00000e+00 
5.85000e+01 0.00000e+00 0.00000e+00 0.00000e+00 0.00000e+00 
5.90000e+01 0.00000e+00 0.00000e+00 0.00000e+00 0.00000e+00 
5.95000e+01 0.00000e+00 0.00000e+00 0.00000e+00 0.00000e+00 
6.00000e+01 0.00000e+00 0.00000e+00 0.00000e+00 0.00000e+00 
6.05000e+01 0.00000e+00 0.00000e+00 0.00000e+00 0.00000e+00 
6.10000e+01 0.00000e+00 0.00000e+00 0.00000e+00 0.00000e+00 
6.15000e+01 0.00000e+00 0.00000e+00 0.00000e+00 0.00000e+00 
6.20000e+01 0.00000e+00 0.00000e+00 0.00000e+00 0.00000e+00 
6.25000e+01 0.00000e+00 0.00000e+00 0.00000e+00 0.00000e+00 
6.30000e+01 0.00000e+00 0.00000e+00 0.00000e+00 0.00000e+00 
6.35000e+01 0.00000e+00 0.00000e+00 0.00000e+00 0.00000e+00 
6.40000e+01 0.00000e+00 0.00000e+00 0.00000e+00 0.00000e+00 
6.45000e+01 0.00000e+00 0.00000e+00 0.00000e+00 0.00000e+00 
6.50000e+01 0.00000e+00 0.00000e+00 0.00000e+00 0.00000e+00 
6.55000e+01 0.00000e+00 0.00000e+00 0.00000e+00 0.00000e+00 
6.60000e+01 0.00000e+00 0.00000e+00 0.00000e+00 0.00000e+00 
6.65000e+01 0.00000e+00 0.00000e+00 0.00000e+00 0.00000e+00 
6.70000e+01 0.00000e+00 0.00000e+00 0.00000e+00 0.00000e+00 
6.75000e+01 0.00000e+00 0.00000e+00 0.00000e+00 0.00000e+00 
6.80000e+01 0.00000e+00 0.00000e+00 0.00000e+00 0.00000e+00 
6.85000e+01 0.00000e+00 0.00000e+00 0.00000e+00 0.00000e+00 
6.90000e+01 0.00000e+00 0.00000e+00 0.00000e+00 0.00000e+00 
6.95000e+01 0.00000e+00 0.00000e+00 0.00000e+00 0.00000e+00 
7.00000e+01 0.00000e+00 0.00000e+00 0.00000e+00 0.00000e+00 
7.05000e+01 0.00000e+00 0.00000e+00 0.00000e+00 0.00000e+00 
7.10000e+01 0.00000e+00 0.00000e+00 0.00000e+00 0.00000e+00 
7.15000e+01 0.00000e+00 0.00000e+00 0.00000e+00 0.00000e+00 
7.20000e+01 0.00000e+00 0.00000e+00 0.00000e+00 0.00000e+00 
7.25000e+01 0.00000e+00 0.00000e+00 0.00000e+00 0.00000e+00 
7.30000e+01 0.00000e+00 0.00000e+00 0.00000e+00 0.00000e+00 
7.35000e+01 0.00000e+00 0.00000e+00 0.00000e+00 0.00000e+00 
7.40000e+01 0.00000e+00 0.00000e+00 0.00000e+00 0.00000e+00 
7.45000e+01 0.00000e+00 0.00000e+00 0.00000e+00 0.00000e+00 
7.50000e+01 0.00000e+00 0.00000e+00 0.00000e+00 0.00000e+00 
7.55000e+01 0.00000e+00 0.00000e+00 0.00000e+00 0.00000e+00 
7.60000e+01 0.00000e+00 0.00000e+00 0.00000e+00 0.00000e+00 
7.65000e+01 0.00000e+00 0.00000e+00 0.00000e+00 0.00000e+00 
7.70000e+01 0.00000e+00 0.00000e+00 0.00000e+00 0.00000e+00 
7.75000e+01 0.00000e+00 0.00000e+00 0.00000e+00 0.00000e+00 
7.80000e+01 0.00000e+00 0.00000e+00 0.00000e+00 0.00000e+00 
7.85000e+01 0.00000e+00 0.00000e+00 0.00000e+00 0.00000e+00 
7.90000e+01 0.00000e+00 0.00000e+00 0.00000e+00 0.00000e+00 
7.95000e+01 0.00000e+00 0.00000e+00 0.00000e+00 0.00000e+00 
8.00000e+01 0.00000e+00 0.00000e+00 0.00000e+00 0.00000e+00 
8.05000e+01 0.00000e+00 0.00000e+00 0.00000e+00 0.00000e+00 
8.10000e+01 0.00000e+00 0.00000e+00 0.00000e+00 0.00000e+00 
8.15000e+01 0.00000e+00 0.00000e+00 0.00000e+00 0.00000e+00 
8.20000e+01 0.00000e+00 0.00000e+00 0.00000e+00 0.00000e+00 
8.25000e+01 0.00000e+00 0.00000e+00 0.00000e+00 0.00000e+00 
8.30000e+01 0.00000e+00 0.00000e+00 0.00000e+00 0.00000e+00 
8.35000e+01 0.00000e+00 0.00000e+00 0.00000e+00 0.00000e+00 
8.40000e+01 0.00000e+00 0.00000e+00 0.00000e+00 0.00000e+00 
8.45000e+01 0.00000e+00 0.00000e+00 0.00000e+00 0.00000e+00 
8.50000e+01 0.00000e+00 0.00000e+00 0.00000e+00 0.00000e+00 
8.55000e+01 0.00000e+00 0.00000e+00 0.00000e+00 0.00000e+00 
8.60000e+01 0.00000e+00 0.00000e+00 0.00000e+00 0.00000e+00 
8.65000e+01 0.00000e+00 0.00000e+00 0.00000e+00 0.00000e+00 
8.70000e+01 0.00000e+00 0.00000e+00 0.00000e+00 0.00000e+00 
8.75000e+01 0.00000e+00 0.00000e+00 0.00000e+00 0.00000e+00 
8.80000e+01 0.00000e+00 0.00000e+00 0.00000e+00 0.00000e+00 
8.85000e+01 0.00000e+00 0.00000e+00 0.00000e+00 0.00000e+00 
8.90000e+01 0.00000e+00 0.00000e+00 0.00000e+00 0.00000e+00 
8.95000e+01 0.00000e+00 0.00000e+00 0.00000e+00 0.00000e+00 
9.00000e+01 0.00000e+00 0.00000e+00 0.00000e+00 0.00000e+00 
9.05000e+01 0.00000e+00 0.00000e+00 0.00000e+00 0.00000e+00 
9.10000e+01 0.00000e+00 0.00000e+00 0.00000e+00 0.00000e+00 
9.15000e+01 0.00000e+00 0.00000e+00 0.00000e+00 0.00000e+00 
9.20000e+01 0.00000e+00 0.00000e+00 0.00000e+00 0.00000e+00 
9.25000e+01 0.00000e+00 0.00000e+00 0.00000e+00 0.00000e+00 
9.30000e+01 0.00000e+00 0.00000e+00 0.00000e+00 0.00000e+00 
9.35000e+01 0.00000e+00 0.00000e+00 0.00000e+00 0.00000e+00 
9.40000e+01 0.00000e+00 0.00000e+00 0.00000e+00 0.00000e+00 
9.45000e+01 0.00000e+00 0.00000e+00 0.00000e+00 0.00000e+00 
9.50000e+01 0.00000e+00 0.00000e+00 0.00000e+00 0.00000e+00 
9.55000e+01 0.00000e+00 0.00000e+00 0.00000e+00 0.00000e+00 
9.60000e+01 0.00000e+00 0.00000e+00 0.00000e+00 0.00000e+00 
9.65000e+01 0.00000e+00 0.00000e+00 0.00000e+00 0.00000e+00 
9.70000e+01 0.00000e+00 0.00000e+00 0.00000e+00 0.00000e+00 
9.75000e+01 0.00000e+00 0.00000e+00 0.00000e+00 0.00000e+00 
9.80000e+01 0.00000e+00 0.00000e+00 0.00000e+00 0.00000e+00 
9.85000e+01 0.00000e+00 0.00000e+00 0.00000e+00 0.00000e+00 
9.90000e+01 0.00000e+00 0.00000e+00 0.00000e+00 0.00000e+00 
9.95000e+01 0.00000e+00 0.00000e+00 0.00000e+00 0.00000e+00 
1.00000e+02 0.00000e+00 0.00000e+00 0.00000e+00 0.00000e+00 
1.00500e+02 0.00000e+00 0.00000e+00 0.00000e+00 0.00000e+00 
1.01000e+02 0.00000e+00 0.00000e+00 0.00000e+00 0.00000e+00 
1.01500e+02 0.00000e+00 0.00000e+00 0.00000e+00 0.00000e+00 
1.02000e+02 0.00000e+00 0.00000e+00 0.00000e+00 0.00000e+00 
1.02500e+02 0.00000e+00 0.00000e+00 0.00000e+00 0.00000e+00 
1.03000e+02 0.00000e+00 0.00000e+00 0.00000e+00 0.00000e+00 
1.03500e+02 0.00000e+00 0.00000e+00 0.00000e+00 0.00000e+00 
1.04000e+02 0.00000e+00 0.00000e+00 0.00000e+00 0.00000e+00 
1.04500e+02 0.00000e+00 0.00000e+00 0.00000e+00 0.00000e+00 
1.05000e+02 0.00000e+00 0.00000e+00 0.00000e+00 0.00000e+00 
1.05500e+02 0.00000e+00 0.00000e+00 0.00000e+00 0.00000e+00 
1.06000e+02 0.00000e+00 0.00000e+00 0.00000e+00 0.00000e+00 
1.06500e+02 0.00000e+00 0.00000e+00 0.00000e+00 0.00000e+00 
1.07000e+02 0.00000e+00 0.00000e+00 0.00000e+00 0.00000e+00 
1.07500e+02 0.00000e+00 0.00000e+00 0.00000e+00 0.00000e+00 
1.08000e+02 0.00000e+00 0.00000e+00 0.00000e+00 0.00000e+00 
1.08500e+02 0.00000e+00 0.00000e+00 0.00000e+00 0.00000e+00 
1.09000e+02 0.00000e+00 0.00000e+00 0.00000e+00 0.00000e+00 
1.09500e+02 0.00000e+00 0.00000e+00 0.00000e+00 0.00000e+00 
1.10000e+02 0.00000e+00 0.00000e+00 0.00000e+00 0.00000e+00 
1.10500e+02 0.00000e+00 0.00000e+00 0.00000e+00 0.00000e+00 
1.11000e+02 0.00000e+00 0.00000e+00 0.00000e+00 0.00000e+00 
1.11500e+02 0.00000e+00 0.00000e+00 0.00000e+00 0.00000e+00 
1.12000e+02 0.00000e+00 0.00000e+00 0.00000e+00 0.00000e+00 
1.12500e+02 0.00000e+00 0.00000e+00 0.00000e+00 0.00000e+00 
1.13000e+02 0.00000e+00 0.00000e+00 0.00000e+00 0.00000e+00 
1.13500e+02 0.00000e+00 0.00000e+00 0.00000e+00 0.00000e+00 
1.14000e+02 0.00000e+00 0.00000e+00 0.00000e+00 0.00000e+00 
1.14500e+02 0.00000e+00 0.00000e+00 0.00000e+00 0.00000e+00 
1.15000e+02 0.00000e+00 0.00000e+00 0.00000e+00 0.00000e+00 
1.15500e+02 0.00000e+00 0.00000e+00 0.00000e+00 0.00000e+00 
1.16000e+02 9.66367e-298 0.00000e+00 0.00000e+00 0.00000e+00 
1.16500e+02 2.96871e-161 4.22874e-155 0.00000e+00 0.00000e+00 
1.17000e+02 6.88669e-82 1.49809e-69 0.00000e+00 0.00000e+00 
1.17500e+02 3.82671e-38 1.06702e-29 0.00000e+00 0.00000e+00 
1.18000e+02 3.87510e-16 4.79528e-12 0.00000e+00 0.00000e+00 
1.18500e+02 4.64290e-06 1.27992e-04 0.00000e+00 0.00000e+00 
1.19000e+02 2.20330e-02 3.79260e-02 0.00000e+00 0.00000e+00 
1.19500e+02 6.53260e-02 6.91301e-02 0.00000e+00 0.00000e+00 
1.20000e+02 7.56312e-02 7.86053e-02 0.00000e+00 0.00000e+00 
1.20500e+02 8.16707e-02 8.49901e-02 0.00000e+00 0.00000e+00 
1.21000e+02 8.60045e-02 9.01685e-02 0.00000e+00 0.00000e+00 
1.21500e+02 8.94465e-02 9.45335e-02 0.00000e+00 0.00000e+00 
1.22000e+02 9.23883e-02 9.82390e-02 0.00000e+00 0.00000e+00 
1.22500e+02 9.50243e-02 1.01458e-01 0.00000e+00 0.00000e+00 
1.23000e+02 9.74513e-02 1.04388e-01 0.00000e+00 0.00000e+00 
1.23500e+02 9.97205e-02 1.07191e-01 0.00000e+00 0.00000e+00 
1.24000e+02 1.01862e-01 1.09945e-01 0.00000e+00 0.00000e+00 
1.24500e+02 1.03899e-01 1.12639e-01 0.00000e+00 0.00000e+00 
1.25000e+02 1.05848e-01 1.15221e-01 0.00000e+00 0.00000e+00 
1.25500e+02 1.07726e-01 1.17649e-01 0.00000e+00 0.00000e+00 
1.26000e+02 1.09545e-01 1.19906e-01 0.00000e+00 0.00000e+00 
1.26500e+02 1.11314e-01 1.22001e-01 0.00000e+00 0.00000e+00 
1.27000e+02 1.13040e-01 1.23954e-01 0.00000e+00 0.00000e+00 
1.27500e+02 1.14728e-01 1.25790e-01 0.00000e+00 0.00000e+00 
1.28000e+02 1.16379e-01 1.27533e-01 0.00000e+00 0.00000e+00 
1.28500e+02 1.17995e-01 1.29209e-01 0.00000e+00 0.00000e+00 
1.29000e+02 1.19576e-01 1.30842e-01 0.00000e+00 0.00000e+00 
1.29500e+02 1.21122e-01 1.32448e-01 0.00000e+00 0.00000e+00 
1.30000e+02 1.22633e-01 1.34035e-01 0.00000e+00 0.00000e+00 
1.30500e+02 1.24109e-01 1.35596e-01 0.00000e+00 0.00000e+00 
1.31000e+02 1.25549e-01 1.37117e-01 0.00000e+00 0.00000e+00 
1.31500e+02 1.26953e-01 1.38584e-01 0.00000e+00 0.00000e+00 
1.32000e+02 1.28324e-01 1.39987e-01 0.00000e+00 0.00000e+00 
1.32500e+02 1.29662e-01 1.41322e-01 0.00000e+00 0.00000e+00 
1.33000e+02 1.30968e-01 1.42593e-01 0.00000e+00 0.00000e+00 
1.33500e+02 1.32245e-01 1.43805e-01 0.00000e+00 0.00000e+00 
1.34000e+02 1.33495e-01 1.44965e-01 0.00000e+00 0.00000e+00 
1.34500e+02 1.34718e-01 1.46080e-01 0.00000e+00 0.00000e+00 
1.35000e+02 1.35917e-01 1.47156e-01 0.00000e+00 0.00000e+00 
1.35500e+02 1.37095e-01 1.48197e-01 0.00000e+00 0.00000e+00 
1.36000e+02 1.38253e-01 1.49209e-01 0.00000e+00 0.00000e+00 
1.36500e+02 1.39393e-01 1.50195e-01 0.00000e+00 0.00000e+00 
1.37000e+02 1.40518e-01 1.51156e-01 0.00000e+00 0.00000e+00 
1.37500e+02 1.41629e-01 1.52095e-01 0.00000e+00 0.00000e+00 
1.38000e+02 1.42728e-01 1.53014e-01 0.00000e+00 0.00000e+00 
1.38500e+02 1.43818e-01 1.53915e-01 0.00000e+00 0.00000e+00 
1.39000e+02 1.44901e-01 1.54798e-01 0.00000e+00 0.00000e+00 
1.39500e+02 1.45978e-01 1.55665e-01 0.00000e+00 0.00000e+00 
1.40000e+02 1.47051e-01 1.56517e-01 0.00000e+00 0.00000e+00 
1.40500e+02 1.48121e-01 1.57354e-01 0.00000e+00 0.00000e+00 
1.41000e+02 1.49189e-01 1.58178e-01 0.00000e+00 0.00000e+00 
1.41500e+02 1.50257e-01 1.58989e-01 0.00000e+00 0.00000e+00 
1.42000e+02 1.51323e-01 1.59788e-01 0.00000e+00 0.00000e+00 
1.42500e+02 1.52389e-01 1.60576e-01 0.00000e+00 0.00000e+00 
1.43000e+02 1.53453e-01 1.61352e-01 0.00000e+00 0.00000e+00 
1.43500e+02 1.54517e-01 1.62118e-01 0.00000e+00 0.00000e+00 
1.44000e+02 1.55579e-01 1.62874e-01 0.00000e+00 0.00000e+00 
1.44500e+02 1.56638e-01 1.63620e-01 0.00000e+00 0.00000e+00 
1.45000e+02 1.57694e-01 1.64356e-01 0.00000e+00 0.00000e+00 
1.45500e+02 1.58746e-01 1.65084e-01 0.00000e+00 0.00000e+00 
1.46000e+02 1.59792e-01 1.65803e-01 0.00000e+00 0.00000e+00 
1.46500e+02 1.60831e-01 1.66513e-01 0.00000e+00 0.00000e+00 
1.47000e+02 1.61863e-01 1.67215e-01 0.00000e+00 0.00000e+00 
1.47500e+02 1.62886e-01 1.67908e-01 0.00000e+00 0.00000e+00 
1.48000e+02 1.63898e-01 1.68594e-01 0.00000e+00 0.00000e+00 
1.48500e+02 1.64899e-01 1.69272e-01 0.00000e+00 0.00000e+00 
1.49000e+02 1.65887e-01 1.69943e-01 0.00000e+00 0.00000e+00 
1.49500e+02 1.66861e-01 1.70607e-01 0.00000e+00 0.00000e+00 
1.50000e+02 1.67820e-01 1.71263e-01 0.00000e+00 0.00000e+00 
1.50500e+02 1.68764e-01 1.71912e-01 0.00000e+00 0.00000e+00 
1.51000e+02 1.69690e-01 1.72555e-01 0.00000e+00 0.00000e+00 
1.51500e+02 1.70600e-01 1.73191e-01 0.00000e+00 0.00000e+00 
1.52000e+02 1.71492e-01 1.73820e-01 0.00000e+00 0.00000e+00 
1.52500e+02 1.72366e-01 1.74443e-01 0.00000e+00 0.00000e+00 
1.53000e+02 1.73223e-01 1.75059e-01 0.00000e+00 0.00000e+00 
1.53500e+02 1.74062e-01 1.75670e-01 0.00000e+00 0.00000e+00 
1.54000e+02 1.74883e-01 1.76274e-01 0.00000e+00 0.00000e+00 
1.54500e+02 1.75687e-01 1.76872e-01 0.00000e+00 0.00000e+00 
1.55000e+02 1.76475e-01 1.77465e-01 0.00000e+00 0.00000e+00 
1.55500e+02 1.77246e-01 1.78052e-01 0.00000e+00 0.00000e+00 
1.56000e+02 1.78001e-01 1.78633e-01 0.00000e+00 0.00000e+00 
1.56500e+02 1.78742e-01 1.79208e-01 0.00000e+00 0.00000e+00 
1.57000e+02 1.79468e-01 1.79778e-01 0.00000e+00 0.00000e+00 
1.57500e+02 1.80180e-01 1.80343e-01 0.00000e+00 0.00000e+00 
1.58000e+02 1.80879e-01 1.80902e-01 0.00000e+00 0.00000e+00 
1.58500e+02 1.81564e-01 1.81457e-01 0.00000e+00 0.00000e+00 
1.59000e+02 1.82238e-01 1.82006e-01 0.00000e+00 0.00000e+00 
1.59500e+02 1.82899e-01 1.82549e-01 0.00000e+00 0.00000e+00 
1.60000e+02 1.83549e-01 1.83088e-01 0.00000e+00 0.00000e+00 
1.60500e+02 1.84189e-01 1.83622e-01 0.00000e+00 0.00000e+00 
1.61000e+02 1.84817e-01 1.84152e-01 0.00000e+00 0.00000e+00 
1.61500e+02 1.85435e-01 1.84676e-01 0.00000e+00 0.00000e+00 
1.62000e+02 1.86043e-01 1.85196e-01 0.00000e+00 0.00000e+00 
1.62500e+02 1.86642e-01 1.85711e-01 0.00000e+00 0.00000e+00 
1.63000e+02 1.87230e-01 1.86222e-01 0.00000e+00 0.00000e+00 
1.63500e+02 1.87810e-01 1.86728e-01 0.00000e+00 0.00000e+00 
1.64000e+02 1.88380e-01 1.87229e-01 0.00000e+00 0.00000e+00 
1.64500e+02 1.88942e-01 1.87727e-01 0.00000e+00 0.00000e+00 
1.65000e+02 1.89495e-01 1.88220e-01 0.00000e+00 0.00000e+00 
1.65500e+02 1.90040e-01 1.88709e-01 0.00000e+00 0.00000e+00 
1.66000e+02 1.90577e-01 1.89193e-01 0.00000e+00 0.00000e+00 
1.66500e+02 1.91106e-01 1.89674e-01 0.00000e+00 0.00000e+00 
1.67000e+02 1.91628e-01 1.90150e-01 0.00000e+00 0.00000e+00 
1.67500e+02 1.92143e-01 1.90623e-01 0.00000e+00 0.00000e+00 
1.68000e+02 1.92650e-01 1.91092e-01 0.00000e+00 0.00000e+00 
1.68500e+02 1.93152e-01 1.91557e-01 0.00000e+00 0.00000e+00 
1.69000e+02 1.93647e-01 1.92018e-01 0.00000e+00 0.00000e+00 
1.69500e+02 1.94137e-01 1.92475e-01 0.00000e+00 0.00000e+00 
1.70000e+02 1.94621e-01 1.92929e-01 0.00000e+00 0.00000e+00 
1.70500e+02 1.95100e-01 1.93380e-01 0.00000e+00 0.00000e+00 
1.71000e+02 1.95575e-01 1.93827e-01 0.00000e+00 0.00000e+00 
1.71500e+02 1.96045e-01 1.94270e-01 0.00000e+00 0.00000e+00 
1.72000e+02 1.96511e-01 1.94711e-01 0.00000e+00 0.00000e+00 
1.72500e+02 1.96974e-01 1.95148e-01 0.00000e+00 0.00000e+00 
1.73000e+02 1.97433e-01 1.95582e-01 0.00000e+00 0.00000e+00 
1.73500e+02 1.97889e-01 1.96012e-01 0.00000e+00 0.00000e+00 
1.74000e+02 1.98342e-01 1.96440e-01 0.00000e+00 7.11357e-263 
1.74500e+02 1.98792e-01 1.96865e-01 0.00000e+00 1.25847e-166 
1.75000e+02 1.99240e-01 1.97286e-01 0.00000e+00 3.01593e-102 
1.75500e+02 1.99685e-01 1.97705e-01 0.00000e+00 2.80992e-60 
1.76000e+02 2.00128e-01 1.98121e-01 0.00000e+00 8.10644e-34 
1.76500e+02 2.00568e-01 1.98534e-01 0.00000e+00 1.04961e-17 
1.77000e+02 2.01006e-01 1.98944e-01 0.00000e+00 1.35628e-08 
1.77500e+02 2.01442e-01 1.99352e-01 0.00000e+00 5.21041e-04 
1.78000e+02 2.01877e-01 1.99757e-01 0.00000e+00 3.56404e-02 
1.78500e+02 2.02310e-01 2.00161e-01 0.00000e+00 6.98544e-02 
1.79000e+02 2.02740e-01 2.00562e-01 0.00000e+00 8.08054e-02 
1.79500e+02 2.03168e-01 2.00959e-01 0.00000e+00 8.71426e-02 
1.80000e+02 2.03594e-01 2.01354e-01 0.00000e+00 9.17365e-02 
1.80500e+02 2.04017e-01 2.01746e-01 0.00000e+00 9.53644e-02 
1.81000e+02 2.04438e-01 2.02135e-01 0.00000e+00 9.83716e-02 
1.81500e+02 2.04857e-01 2.02522e-01 0.00000e+00 1.00956e-01 
1.82000e+02 2.05274e-01 2.02906e-01 0.00000e+00 1.03238e-01 
1.82500e+02 2.05689e-01 2.03287e-01 0.00000e+00 1.05288e-01 
1.83000e+02 2.06101e-01 2.03667e-01 0.00000e+00 1.07152e-01 
1.83500e+02 2.06512e-01 2.04043e-01 0.00000e+00 1.08859e-01 
1.84000e+02 2.06921e-01 2.04418e-01 0.00000e+00 1.10433e-01 
1.84500e+02 2.07328e-01 2.04790e-01 0.00000e+00 1.11890e-01 
1.85000e+02 2.07732e-01 2.05159e-01 0.00000e+00 1.13247e-01 
1.85500e+02 2.08136e-01 2.05527e-01 0.00000e+00 1.14515e-01 
1.86000e+02 2.08537e-01 2.05892e-01 0.00000e+00 1.15706e-01 
1.86500e+02 2.08936e-01 2.06255e-01 0.00000e+00 1.16827e-01 
1.87000e+02 2.09334e-01 2.06616e-01 0.00000e+00 1.17888e-01 
1.87500e+02 2.09730e-01 2.06974e-01 0.00000e+00 1.18895e-01 
1.88000e+02 2.10125e-01 2.07331e-01 0.00000e+00 1.19853e-01 
1.88500e+02 2.10518e-01 2.07686e-01 0.00000e+00 1.20767e-01 
1.89000e+02 2.10909e-01 2.08038e-01 0.00000e+00 1.21640e-01 
1.89500e+02 2.11298e-01 2.08388e-01 0.00000e+00 1.22476e-01 
1.90000e+02 2.11686e-01 2.08737e-01 0.00000e+00 1.23278e-01 
1.90500e+02 2.12073e-01 2.09083e-01 0.00000e+00 1.24048e-01 
1.91000e+02 2.12458e-01 2.09428e-01 0.00000e+00 1.24789e-01 
1.91500e+02 2.12841e-01 2.09770e-01 0.00000e+00 1.25502e-01 
1.92000e+02 2.13223e-01 2.10111e-01 0.00000e+00 1.26189e-01 
1.92500e+02 2.13603e-01 2.10450e-01 0.00000e+00 1.26852e-01 
1.93000e+02 2.13982e-01 2.10786e-01 0.00000e+00 1.27492e-01 
1.93500e+02 2.14360e-01 2.11121e-01 0.00000e+00 1.28112e-01 
1.94000e+02 2.14736e-01 2.11454e-01 0.00000e+00 1.28712e-01 
1.94500e+02 2.15110e-01 2.11786e-01 0.00000e+00 1.29295e-01 
1.95000e+02 2.15483e-01 2.12115e-01 0.00000e+00 1.29862e-01 
1.95500e+02 2.15854e-01 2.12443e-01 0.00000e+00 1.30414e-01 
1.96000e+02 2.16225e-01 2.12769e-01 0.00000e+00 1.30955e-01 
1.96500e+02 2.16593e-01 2.13093e-01 0.00000e+00 1.31484e-01 
1.97000e+02 2.16961e-01 2.13415e-01 0.00000e+00 1.32003e-01 
1.97500e+02 2.17326e-01 2.13736e-01 0.00000e+00 1.32515e-01 
1.98000e+02 2.17691e-01 2.14055e-01 0.00000e+00 1.33020e-01 
1.98500e+02 2.18054e-01 2.14372e-01 0.00000e+00 1.33519e-01 
1.99000e+02 2.18417e-01 2.14688e-01 0.00000e+00 1.34013e-01 
1.99500e+02 2.18778e-01 2.15002e-01 0.00000e+00 1.34504e-01 
2.00000e+02 2.19137e-01 2.15314e-01 0.00000e+00 1.34992e-01 
2.00500e+02 2.19496e-01 2.15625e-01 0.00000e+00 1.35477e-01 
2.01000e+02 2.19853e-01 2.15934e-01 0.00000e+00 1.35960e-01 
2.01500e+02 2.20210e-01 2.16241e-01 0.00000e+00 1.36441e-01 
2.02000e+02 2.20566e-01 2.16547e-01 0.00000e+00 1.36919e-01 
2.02500e+02 2.20920e-01 2.16851e-01 0.00000e+00 1.37396e-01 
2.03000e+02 2.21274e-01 2.17154e-01 0.00000e+00 1.37871e-01 
2.03500e+02 2.21627e-01 2.17455e-01 0.00000e+00 1.38343e-01 
2.04000e+02 2.21980e-01 2.17755e-01 0.00000e+00 1.38814e-01 
2.04500e+02 2.22331e-01 2.18053e-01 0.00000e+00 1.39282e-01 
2.05000e+02 2.22682e-01 2.18349e-01 0.00000e+00 1.39749e-01 
2.05500e+02 2.23033e-01 2.18644e-01 0.00000e+00 1.40213e-01 
2.06000e+02 2.23382e-01 2.18937e-01 0.00000e+00 1.40675e-01 
2.06500e+02 2.23731e-01 2.19229e-01 0.00000e+00 1.41136e-01 
2.07000e+02 2.24080e-01 2.19519e-01 0.00000e+00 1.41594e-01 
2.07500e+02 2.24427e-01 2.19807e-01 0.00000e+00 1.42051e-01 
2.08000e+02 2.24774e-01 2.20094e-01 0.00000e+00 1.42507e-01 
2.08500e+02 2.25121e-01 2.20380e-01 0.00000e+00 1.42962e-01 
2.09000e+02 2.25467e-01 2.20664e-01 0.00000e+00 1.43415e-01 
2.09500e+02 2.25812e-01 2.20947e-01 0.00000e+00 1.43868e-01 
2.10000e+02 2.26156e-01 2.21227e-01 0.00000e+00 1.44320e-01 
2.10500e+02 2.26499e-01 2.21507e-01 0.00000e+00 1.44772e-01 
2.11000e+02 2.26842e-01 2.21785e-01 0.00000e+00 1.45223e-01 
2.11500e+02 2.27183e-01 2.22061e-01 0.00000e+00 1.45675e-01 
2.12000e+02 2.27524e-01 2.22336e-01 0.00000e+00 1.46126e-01 
2.12500e+02 2.27864e-01 2.22609e-01 0.00000e+00 1.46578e-01 
2.13000e+02 2.28202e-01 2.22881e-01 0.00000e+00 1.47029e-01 
2.13500e+02 2.28540e-01 2.23152e-01 0.00000e+00 1.47482e-01 
2.14000e+02 2.28876e-01 2.23420e-01 0.00000e+00 1.47935e-01 
2.14500e+02 2.29211e-01 2.23688e-01 0.00000e+00 1.48388e-01 
2.15000e+02 2.29545e-01 2.23954e-01 0.00000e+00 1.48842e-01 
2.15500e+02 2.29877e-01 2.24218e-01 0.00000e+00 1.49297e-01 
2.16000e+02 2.30209e-01 2.24481e-01 0.00000e+00 1.49753e-01 
2.16500e+02 2.30538e-01 2.24742e-01 0.00000e+00 1.50210e-01 
2.17000e+02 2.30867e-01 2.25002e-01 0.00000e+00 1.50668e-01 
2.17500e+02 2.31194e-01 2.25260e-01 0.00000e+00 1.51127e-01 
2.18000e+02 2.31520e-01 2.25517e-01 0.00000e+00 1.51586e-01 
2.18500e+02 2.31844e-01 2.25773e-01 0.00000e+00 1.52047e-01 
2.19000e+02 2.32168e-01 2.26027e-01 0.00000e+00 1.52510e-01 
2.19500e+02 2.32489e-01 2.26280e-01 0.00000e+00 1.52973e-01 
2.20000e+02 2.32810e-01 2.26531e-01 0.00000e+00 1.53437e-01 
2.20500e+02 2.33129e-01 2.26780e-01 0.00000e+00 1.53903e-01 
2.21000e+02 2.33446e-01 2.27029e-01 0.00000e+00 1.54369e-01 
2.21500e+02 2.33763e-01 2.27276e-01 0.00000e+00 1.54837e-01 
2.22000e+02 2.34078e-01 2.27521e-01 0.00000e+00 1.55305e-01 
2.22500e+02 2.34392e-01 2.27766e-01 0.00000e+00 1.55775e-01 
2.23000e+02 2.34705e-01 2.28008e-01 0.00000e+00 1.56245e-01 
2.23500e+02 2.35016e-01 2.28250e-01 0.00000e+00 1.56717e-01 
2.24000e+02 2.35327e-01 2.28490e-01 0.00000e+00 1.57189e-01 
2.24500e+02 2.35636e-01 2.28729e-01 0.00000e+00 1.57661e-01 
2.25000e+02 2.35944e-01 2.28966e-01 0.00000e+00 1.58134e-01 
2.25500e+02 2.36251e-01 2.29203e-01 0.00000e+00 1.58607e-01 
2.26000e+02 2.36557e-01 2.29438e-01 0.00000e+00 1.59081e-01 
2.26500e+02 2.36862e-01 2.29672e-01 0.00000e+00 1.59555e-01 
2.27000e+02 2.37166e-01 2.29904e-01 0.00000e+00 1.60029e-01 
2.27500e+02 2.37470e-01 2.30135e-01 0.00000e+00 1.60502e-01 
2.28000e+02 2.37772e-01 2.30366e-01 0.00000e+00 1.60975e-01 
2.28500e+02 2.38073e-01 2.30595e-01 0.00000e+00 1.61448e-01 
2.29000e+02 2.38374e-01 2.30823e-01 0.00000e+00 1.61921e-01 
2.29500e+02 2.38674e-01 2.31049e-01 0.00000e+00 1.62392e-01 
2.30000e+02 2.38973e-01 2.31275e-01 0.00000e+00 1.62863e-01 
2.30500e+02 2.39271e-01 2.31500e-01 0.00000e+00 1.63333e-01 
2.31000e+02 2.39568e-01 2.31723e-01 0.00000e+00 1.63801e-01 
2.31500e+02 2.39865e-01 2.31946e-01 0.00000e+00 1.64268e-01 
2.32000e+02 2.40161e-01 2.32167e-01 0.00000e+00 1.64734e-01 
2.32500e+02 2.40456e-01 2.32388e-01 0.00000e+00 1.65199e-01 
2.33000e+02 2.40751e-01 2.32607e-01 0.00000e+00 1.65661e-01 
2.33500e+02 2.41045e-01 2.32826e-01 0.00000e+00 1.66122e-01 
2.34000e+02 2.41338e-01 2.33044e-01 0.00000e+00 1.66582e-01 
2.34500e+02 2.41631e-01 2.33261e-01 0.00000e+00 1.67039e-01 
2.35000e+02 2.41923e-01 2.33477e-01 0.00000e+00 1.67494e-01 
2.35500e+02 2.42214e-01 2.33692e-01 0.00000e+00 1.67947e-01 
2.36000e+02 2.42505e-01 2.33907e-01 0.00000e+00 1.68398e-01 
2.36500e+02 2.42795e-01 2.34121e-01 0.00000e+00 1.68846e-01 
2.37000e+02 2.43084e-01 2.34334e-01 0.00000e+00 1.69293e-01 
2.37500e+02 2.43373e-01 2.34547e-01 0.00000e+00 1.69736e-01 
2.38000e+02 2.43661e-01 2.34759e-01 0.00000e+00 1.70178e-01 
2.38500e+02 2.43949e-01 2.34970e-01 0.00000e+00 1.70617e-01 
2.39000e+02 2.44236e-01 2.35181e-01 0.00000e+00 1.71053e-01 
2.39500e+02 2.44522e-01 2.35391e-01 0.00000e+00 1.71487e-01 
2.40000e+02 2.44807e-01 2.35601e-01 0.00000e+00 1.71918e-01 
