0.00000e+00 0.00000e+00 0.00000e+00 0.00000e+00 0.00000e+00 
5.00000e-01 0.00000e+00 0.00000e+00 0.00000e+00 0.00000e+00 
1.00000e+00 0.00000e+00 0.00000e+00 0.00000e+00 0.00000e+00 
1.50000e+00 0.00000e+00 0.00000e+00 0.00000e+00 0.00000e+00 
2.00000e+00 0.00000e+00 0.00000e+00 0.00000e+00 0.00000e+00 
2.50000e+00 0.00000e+00 0.00000e+00 0.00000e+00 0.00000e+00 
3.00000e+00 0.00000e+00 0.00000e+00 0.00000e+00 0.00000e+00 
3.50000e+00 0.00000e+00 0.00000e+00 0.00000e+00 0.00000e+00 
4.00000e+00 0.00000e+00 0.00000e+00 0.00000e+00 0.00000e+00 
4.50000e+00 0.00000e+00 0.00000e+00 0.00000e+00 0.00000e+00 
5.00000e+00 0.00000e+00 0.00000e+00 0.00000e+00 0.00000e+00 
5.50000e+00 0.00000e+00 0.00000e+00 0.00000e+00 0.00000e+00 
6.00000e+00 0.00000e+00 0.00000e+00 0.00000e+00 0.00000e+00 
6.50000e+00 0.00000e+00 0.00000e+00 0.00000e+00 0.00000e+00 
7.00000e+00 0.00000e+00 0.00000e+00 0.00000e+00 0.00000e+00 
7.50000e+00 0.00000e+00 0.00000e+00 0.00000e+00 0.00000e+00 
8.00000e+00 0.00000e+00 0.00000e+00 0.00000e+00 0.00000e+00 
8.50000e+00 0.00000e+00 0.00000e+00 0.00000e+00 0.00000e+00 
9.00000e+00 0.00000e+00 0.00000e+00 0.00000e+00 0.00000e+00 
9.50000e+00 0.00000e+00 0.00000e+00 0.00000e+00 0.00000e+00 
1.00000e+01 0.00000e+00 0.00000e+00 0.00000e+00 0.00000e+00 
1.05000e+01 0.00000e+00 0.00000e+00 0.00000e+00 0.00000e+00 
1.10000e+01 0.00000e+00 0.00000e+00 0.00000e+00 0.00000e+00 
1.15000e+01 0.00000e+00 0.00000e+00 0.00000e+00 0.00000e+00 
1.20000e+01 0.00000e+00 0.00000e+00 0.00000e+00 0.00000e+00 
1.25000e+01 0.00000e+00 0.00000e+00 0.00000e+00 0.00000e+00 
1.30000e+01 0.00000e+00 0.00000e+00 0.00000e+00 0.00000e+00 
1.35000e+01 0.00000e+00 0.00000e+00 0.00000e+00 0.00000e+00 
1.40000e+01 0.00000e+00 0.00000e+00 0.00000e+00 0.00000e+00 
1.45000e+01 0.00000e+00 0.00000e+00 0.00000e+00 0.00000e+00 
1.50000e+01 0.00000e+00 0.00000e+00 0.00000e+00 0.00000e+00 
1.55000e+01 0.00000e+00 0.00000e+00 0.00000e+00 0.00000e+00 
1.60000e+01 0.00000e+00 0.00000e+00 0.00000e+00 0.00000e+00 
1.65000e+01 0.00000e+00 0.00000e+00 0.00000e+00 0.00000e+00 
1.70000e+01 0.00000e+00 0.00000e+00 0.00000e+00 0.00000e+00 
1.75000e+01 0.00000e+00 0.00000e+00 0.00000e+00 0.00000e+00 
1.80000e+01 0.00000e+00 0.00000e+00 0.00000e+00 0.00000e+00 
1.85000e+01 0.00000e+00 0.00000e+00 0.00000e+00 0.00000e+00 
1.90000e+01 0.00000e+00 0.00000e+00 0.00000e+00 0.00000e+00 
1.95000e+01 0.00000e+00 0.00000e+00 0.00000e+00 0.00000e+00 
2.00000e+01 0.00000e+00 0.00000e+00 0.00000e+00 0.00000e+00 
2.05000e+01 0.00000e+00 0.00000e+00 0.00000e+00 0.00000e+00 
2.10000e+01 0.00000e+00 0.00000e+00 0.00000e+00 0.00000e+00 
2.15000e+01 0.00000e+00 0.00000e+00 0.00000e+00 0.00000e+00 
2.20000e+01 0.00000e+00 0.00000e+00 0.00000e+00 0.00000e+00 
2.25000e+01 0.00000e+00 0.00000e+00 0.00000e+00 0.00000e+00 
2.30000e+01 0.00000e+00 0.00000e+00 0.00000e+00 0.00000e+00 
2.35000e+01 0.00000e+00 0.00000e+00 0.00000e+00 0.00000e+00 
2.40000e+01 0.00000e+00 0.00000e+00 0.00000e+00 0.00000e+00 
2.45000e+01 0.00000e+00 0.00000e+00 0.00000e+00 0.00000e+00 
2.50000e+01 0.00000e+00 0.00000e+00 0.00000e+00 0.00000e+00 
2.55000e+01 0.00000e+00 0.00000e+00 0.00000e+00 0.00000e+00 
2.60000e+01 0.00000e+00 0.00000e+00 0.00000e+00 0.00000e+00 
2.65000e+01 0.00000e+00 0.00000e+00 0.00000e+00 0.00000e+00 
2.70000e+01 0.00000e+00 0.00000e+00 0.00000e+00 0.00000e+00 
2.75000e+01 0.00000e+00 0.00000e+00 0.00000e+00 0.00000e+00 
2.80000e+01 0.00000e+00 0.00000e+00 0.00000e+00 0.00000e+00 
2.85000e+01 0.00000e+00 0.00000e+00 0.00000e+00 0.00000e+00 
2.90000e+01 0.00000e+00 0.00000e+00 0.00000e+00 0.00000e+00 
2.95000e+01 0.00000e+00 0.00000e+00 0.00000e+00 0.00000e+00 
3.00000e+01 0.00000e+00 0.00000e+00 0.00000e+00 0.00000e+00 
3.05000e+01 0.00000e+00 0.00000e+00 0.00000e+00 0.00000e+00 
3.10000e+01 0.00000e+00 0.00000e+00 0.00000e+00 0.00000e+00 
3.15000e+01 0.00000e+00 0.00000e+00 0.00000e+00 0.00000e+00 
3.20000e+01 0.00000e+00 0.00000e+00 0.00000e+00 0.00000e+00 
3.25000e+01 0.00000e+00 0.00000e+00 0.00000e+00 0.00000e+00 
3.30000e+01 0.00000e+00 0.00000e+00 0.00000e+00 0.00000e+00 
3.35000e+01 0.00000e+00 0.00000e+00 0.00000e+00 0.00000e+00 
3.40000e+01 0.00000e+00 0.00000e+00 0.00000e+00 0.00000e+00 
3.45000e+01 0.00000e+00 0.00000e+00 0.00000e+00 0.00000e+00 
3.50000e+01 0.00000e+00 0.00000e+00 0.00000e+00 0.00000e+00 
3.55000e+01 0.00000e+00 0.00000e+00 0.00000e+00 0.00000e+00 
3.60000e+01 0.00000e+00 0.00000e+00 0.00000e+00 0.00000e+00 
3.65000e+01 0.00000e+00 0.00000e+00 0.00000e+00 0.00000e+00 
3.70000e+01 0.00000e+00 0.00000e+00 0.00000e+00 0.00000e+00 
3.75000e+01 0.00000e+00 0.00000e+00 0.00000e+00 0.00000e+00 
3.80000e+01 0.00000e+00 0.00000e+00 0.00000e+00 0.00000e+00 
3.85000e+01 0.00000e+00 0.00000e+00 0.00000e+00 0.00000e+00 
3.90000e+01 0.00000e+00 0.00000e+00 0.00000e+00 0.00000e+00 
3.95000e+01 0.00000e+00 0.00000e+00 0.00000e+00 0.00000e+00 
4.00000e+01 0.00000e+00 0.00000e+00 0.00000e+00 0.00000e+00 
4.05000e+01 0.00000e+00 0.00000e+00 0.00000e+00 0.00000e+00 
4.10000e+01 0.00000e+00 0.00000e+00 0.00000e+00 0.00000e+00 
4.15000e+01 0.00000e+00 0.00000e+00 0.00000e+00 0.00000e+00 
4.20000e+01 0.00000e+00 0.00000e+00 0.00000e+00 0.00000e+00 
4.25000e+01 0.00000e+00 0.00000e+00 0.00000e+00 0.00000e+00 
4.30000e+01 0.00000e+00 0.00000e+00 0.00000e+00 0.00000e+00 
4.35000e+01 0.00000e+00 0.00000e+00 0.00000e+00 0.00000e+00 
4.40000e+01 0.00000e+00 0.00000e+00 0.00000e+00 0.00000e+00 
4.45000e+01 0.00000e+00 0.00000e+00 0.00000e+00 0.00000e+00 
4.50000e+01 0.00000e+00 0.00000e+00 0.00000e+00 0.00000e+00 
4.55000e+01 0.00000e+00 0.00000e+00 0.00000e+00 0.00000e+00 
4.60000e+01 0.00000e+00 0.00000e+00 0.00000e+00 0.00000e+00 
4.65000e+01 0.00000e+00 0.00000e+00 0.00000e+00 0.00000e+00 
4.70000e+01 0.00000e+00 0.00000e+00 0.00000e+00 0.00000e+00 
4.75000e+01 0.00000e+00 0.00000e+00 0.00000e+00 0.00000e+00 
4.80000e+01 0.00000e+00 0.00000e+00 0.00000e+00 0.00000e+00 
4.85000e+01 0.00000e+00 0.00000e+00 0.00000e+00 0.00000e+00 
4.90000e+01 0.00000e+00 0.00000e+00 0.00000e+00 0.00000e+00 
4.95000e+01 0.00000e+00 0.00000e+00 0.00000e+00 0.00000e+00 
5.00000e+01 0.00000e+00 0.00000e+00 0.00000e+00 0.00000e+00 
5.05000e+01 0.00000e+00 0.00000e+00 0.00000e+00 0.00000e+00 
5.10000e+01 0.00000e+00 0.00000e+00 0.00000e+00 0.00000e+00 
5.15000e+01 0.00000e+00 0.00000e+00 0.00000e+00 0.00000e+00 
5.20000e+01 0.00000e+00 0.00000e+00 0.00000e+00 0.00000e+00 
5.25000e+01 0.00000e+00 0.00000e+00 0.00000e+00 0.00000e+00 
5.30000e+01 0.00000e+00 0.00000e+00 0.00000e+00 0.00000e+00 
5.35000e+01 0.00000e+00 0.00000e+00 0.00000e+00 0.00000e+00 
5.40000e+01 0.00000e+00 0.00000e+00 0.00000e+00 0.00000e+00 
5.45000e+01 0.00000e+00 0.00000e+00 0.00000e+00 0.00000e+00 
5.50000e+01 0.00000e+00 0.00000e+00 0.00000e+00 0.00000e+00 
5.55000e+01 0.00000e+00 0.00000e+00 0.00000e+00 0.00000e+00 
5.60000e+01 0.00000e+00 0.00000e+00 0.00000e+00 0.00000e+00 
5.65000e+01 0.00000e+00 0.00000e+00 0.00000e+00 0.00000e+00 
5.70000e+01 0.00000e+00 0.00000e+00 0.00000e+00 0.00000e+00 
5.75000e+01 0.00000e+00 0.00000e+00 0.00000e+00 0.00000e+00 
5.80000e+01 0.00000e+00 0.00000e+00 0.00000e+00 0.00000e+00 
5.85000e+01 0.00000e+00 0.00000e+00 0.00000e+00 0.00000e+00 
5.90000e+01 0.00000e+00 0.00000e+00 0.00000e+00 0.00000e+00 
5.95000e+01 0.00000e+00 0.00000e+00 0.00000e+00 0.00000e+00 
6.00000e+01 0.00000e+00 0.00000e+00 0.00000e+00 0.00000e+00 
6.05000e+01 0.00000e+00 0.00000e+00 0.00000e+00 0.00000e+00 
6.10000e+01 0.00000e+00 0.00000e+00 0.00000e+00 0.00000e+00 
6.15000e+01 0.00000e+00 0.00000e+00 0.00000e+00 0.00000e+00 
6.20000e+01 0.00000e+00 0.00000e+00 0.00000e+00 0.00000e+00 
6.25000e+01 0.00000e+00 0.00000e+00 0.00000e+00 0.00000e+00 
6.30000e+01 0.00000e+00 0.00000e+00 0.00000e+00 0.00000e+00 
6.35000e+01 0.00000e+00 0.00000e+00 0.00000e+00 0.00000e+00 
6.40000e+01 0.00000e+00 0.00000e+00 0.00000e+00 0.00000e+00 
6.45000e+01 0.00000e+00 0.00000e+00 0.00000e+00 0.00000e+00 
6.50000e+01 0.00000e+00 0.00000e+00 0.00000e+00 0.00000e+00 
6.55000e+01 0.00000e+00 0.00000e+00 0.00000e+00 0.00000e+00 
6.60000e+01 0.00000e+00 0.00000e+00 0.00000e+00 0.00000e+00 
6.65000e+01 0.00000e+00 0.00000e+00 0.00000e+00 0.00000e+00 
6.70000e+01 0.00000e+00 0.00000e+00 0.00000e+00 0.00000e+00 
6.75000e+01 0.00000e+00 0.00000e+00 0.00000e+00 0.00000e+00 
6.80000e+01 0.00000e+00 0.00000e+00 0.00000e+00 0.00000e+00 
6.85000e+01 0.00000e+00 0.00000e+00 0.00000e+00 0.00000e+00 
6.90000e+01 0.00000e+00 0.00000e+00 0.00000e+00 0.00000e+00 
6.95000e+01 0.00000e+00 0.00000e+00 0.00000e+00 0.00000e+00 
7.00000e+01 0.00000e+00 0.00000e+00 0.00000e+00 0.00000e+00 
7.05000e+01 0.00000e+00 0.00000e+00 0.00000e+00 0.00000e+00 
7.10000e+01 0.00000e+00 0.00000e+00 0.00000e+00 0.00000e+00 
7.15000e+01 0.00000e+00 0.00000e+00 0.00000e+00 0.00000e+00 
7.20000e+01 0.00000e+00 0.00000e+00 0.00000e+00 0.00000e+00 
7.25000e+01 0.00000e+00 0.00000e+00 0.00000e+00 0.00000e+00 
7.30000e+01 0.00000e+00 0.00000e+00 0.00000e+00 0.00000e+00 
7.35000e+01 0.00000e+00 0.00000e+00 0.00000e+00 0.00000e+00 
7.40000e+01 0.00000e+00 0.00000e+00 0.00000e+00 0.00000e+00 
7.45000e+01 0.00000e+00 0.00000e+00 0.00000e+00 0.00000e+00 
7.50000e+01 0.00000e+00 0.00000e+00 0.00000e+00 0.00000e+00 
7.55000e+01 0.00000e+00 0.00000e+00 0.00000e+00 0.00000e+00 
7.60000e+01 0.00000e+00 0.00000e+00 0.00000e+00 0.00000e+00 
7.65000e+01 0.00000e+00 0.00000e+00 0.00000e+00 0.00000e+00 
7.70000e+01 0.00000e+00 0.00000e+00 0.00000e+00 0.00000e+00 
7.75000e+01 0.00000e+00 0.00000e+00 0.00000e+00 0.00000e+00 
7.80000e+01 0.00000e+00 0.00000e+00 0.00000e+00 0.00000e+00 
7.85000e+01 0.00000e+00 0.00000e+00 0.00000e+00 0.00000e+00 
7.90000e+01 0.00000e+00 0.00000e+00 0.00000e+00 0.00000e+00 
7.95000e+01 0.00000e+00 0.00000e+00 0.00000e+00 0.00000e+00 
8.00000e+01 0.00000e+00 0.00000e+00 0.00000e+00 0.00000e+00 
8.05000e+01 0.00000e+00 0.00000e+00 0.00000e+00 0.00000e+00 
8.10000e+01 0.00000e+00 0.00000e+00 0.00000e+00 0.00000e+00 
8.15000e+01 0.00000e+00 0.00000e+00 0.00000e+00 0.00000e+00 
8.20000e+01 0.00000e+00 0.00000e+00 0.00000e+00 0.00000e+00 
8.25000e+01 0.00000e+00 0.00000e+00 0.00000e+00 0.00000e+00 
8.30000e+01 0.00000e+00 0.00000e+00 0.00000e+00 0.00000e+00 
8.35000e+01 0.00000e+00 0.00000e+00 0.00000e+00 0.00000e+00 
8.40000e+01 0.00000e+00 0.00000e+00 0.00000e+00 0.00000e+00 
8.45000e+01 0.00000e+00 0.00000e+00 0.00000e+00 0.00000e+00 
8.50000e+01 0.00000e+00 0.00000e+00 0.00000e+00 0.00000e+00 
8.55000e+01 0.00000e+00 0.00000e+00 0.00000e+00 0.00000e+00 
8.60000e+01 0.00000e+00 0.00000e+00 0.00000e+00 0.00000e+00 
8.65000e+01 0.00000e+00 0.00000e+00 0.00000e+00 0.00000e+00 
8.70000e+01 0.00000e+00 0.00000e+00 0.00000e+00 0.00000e+00 
8.75000e+01 0.00000e+00 0.00000e+00 0.00000e+00 0.00000e+00 
8.80000e+01 0.00000e+00 0.00000e+00 0.00000e+00 0.00000e+00 
8.85000e+01 0.00000e+00 0.00000e+00 0.00000e+00 0.00000e+00 
8.90000e+01 0.00000e+00 0.00000e+00 0.00000e+00 0.00000e+00 
8.95000e+01 0.00000e+00 0.00000e+00 0.00000e+00 0.00000e+00 
9.00000e+01 0.00000e+00 0.00000e+00 0.00000e+00 0.00000e+00 
9.05000e+01 0.00000e+00 0.00000e+00 0.00000e+00 0.00000e+00 
9.10000e+01 0.00000e+00 0.00000e+00 0.00000e+00 0.00000e+00 
9.15000e+01 0.00000e+00 0.00000e+00 0.00000e+00 0.00000e+00 
9.20000e+01 0.00000e+00 0.00000e+00 0.00000e+00 0.00000e+00 
9.25000e+01 0.00000e+00 0.00000e+00 0.00000e+00 0.00000e+00 
9.30000e+01 0.00000e+00 0.00000e+00 0.00000e+00 0.00000e+00 
9.35000e+01 0.00000e+00 0.00000e+00 0.00000e+00 0.00000e+00 
9.40000e+01 0.00000e+00 0.00000e+00 0.00000e+00 0.00000e+00 
9.45000e+01 0.00000e+00 0.00000e+00 0.00000e+00 0.00000e+00 
9.50000e+01 0.00000e+00 0.00000e+00 0.00000e+00 0.00000e+00 
9.55000e+01 0.00000e+00 0.00000e+00 0.00000e+00 0.00000e+00 
9.60000e+01 0.00000e+00 0.00000e+00 0.00000e+00 0.00000e+00 
9.65000e+01 0.00000e+00 0.00000e+00 0.00000e+00 0.00000e+00 
9.70000e+01 0.00000e+00 0.00000e+00 0.00000e+00 0.00000e+00 
9.75000e+01 0.00000e+00 0.00000e+00 0.00000e+00 0.00000e+00 
9.80000e+01 0.00000e+00 0.00000e+00 0.00000e+00 0.00000e+00 
9.85000e+01 0.00000e+00 0.00000e+00 0.00000e+00 0.00000e+00 
9.90000e+01 0.00000e+00 0.00000e+00 0.00000e+00 0.00000e+00 
9.95000e+01 0.00000e+00 0.00000e+00 0.00000e+00 0.00000e+00 
1.00000e+02 0.00000e+00 0.00000e+00 0.00000e+00 0.00000e+00 
1.00500e+02 0.00000e+00 0.00000e+00 0.00000e+00 0.00000e+00 
1.01000e+02 0.00000e+00 0.00000e+00 5.30390e-169 0.00000e+00 
1.01500e+02 0.00000e+00 0.00000e+00 3.70183e-62 0.00000e+00 
1.02000e+02 0.00000e+00 0.00000e+00 4.41823e-20 0.00000e+00 
1.02500e+02 0.00000e+00 0.00000e+00 4.41416e-05 0.00000e+00 
1.03000e+02 0.00000e+00 0.00000e+00 4.87339e-02 0.00000e+00 
1.03500e+02 0.00000e+00 0.00000e+00 6.50778e-02 0.00000e+00 
1.04000e+02 0.00000e+00 0.00000e+00 7.19624e-02 0.00000e+00 
1.04500e+02 0.00000e+00 0.00000e+00 7.67233e-02 0.00000e+00 
1.05000e+02 0.00000e+00 0.00000e+00 8.04509e-02 0.00000e+00 
1.05500e+02 0.00000e+00 0.00000e+00 8.35324e-02 0.00000e+00 
1.06000e+02 0.00000e+00 0.00000e+00 8.61676e-02 0.00000e+00 
1.06500e+02 0.00000e+00 0.00000e+00 8.84856e-02 0.00000e+00 
1.07000e+02 0.00000e+00 0.00000e+00 9.05753e-02 0.00000e+00 
1.07500e+02 0.00000e+00 0.00000e+00 9.24947e-02 0.00000e+00 
1.08000e+02 0.00000e+00 0.00000e+00 9.42792e-02 0.00000e+00 
1.08500e+02 0.00000e+00 0.00000e+00 9.59518e-02 0.00000e+00 
1.09000e+02 0.00000e+00 0.00000e+00 9.75315e-02 0.00000e+00 
1.09500e+02 0.00000e+00 0.00000e+00 9.90366e-02 0.00000e+00 
1.10000e+02 0.00000e+00 0.00000e+00 1.00483e-01 0.00000e+00 
1.10500e+02 0.00000e+00 0.00000e+00 1.01881e-01 0.00000e+00 
1.11000e+02 0.00000e+00 0.00000e+00 1.03235e-01 0.00000e+00 
1.11500e+02 0.00000e+00 0.00000e+00 1.04551e-01 0.00000e+00 
1.12000e+02 0.00000e+00 0.00000e+00 1.05838e-01 0.00000e+00 
1.12500e+02 0.00000e+00 0.00000e+00 1.07116e-01 0.00000e+00 
1.13000e+02 0.00000e+00 0.00000e+00 1.08402e-01 0.00000e+00 
1.13500e+02 0.00000e+00 0.00000e+00 1.09709e-01 0.00000e+00 
1.14000e+02 0.00000e+00 0.00000e+00 1.11027e-01 0.00000e+00 
1.14500e+02 0.00000e+00 0.00000e+00 1.12335e-01 0.00000e+00 
1.15000e+02 0.00000e+00 0.00000e+00 1.13605e-01 0.00000e+00 
1.15500e+02 0.00000e+00 0.00000e+00 1.14818e-01 0.00000e+00 
1.16000e+02 0.00000e+00 0.00000e+00 1.15962e-01 0.00000e+00 
1.16500e+02 0.00000e+00 0.00000e+00 1.17040e-01 0.00000e+00 
1.17000e+02 0.00000e+00 0.00000e+00 1.18055e-01 0.00000e+00 
1.17500e+02 0.00000e+00 0.00000e+00 1.19019e-01 0.00000e+00 
1.18000e+02 0.00000e+00 0.00000e+00 1.19941e-01 0.00000e+00 
1.18500e+02 0.00000e+00 0.00000e+00 1.20831e-01 0.00000e+00 
1.19000e+02 0.00000e+00 0.00000e+00 1.21702e-01 0.00000e+00 
1.19500e+02 0.00000e+00 0.00000e+00 1.22571e-01 0.00000e+00 
1.20000e+02 0.00000e+00 0.00000e+00 1.23455e-01 0.00000e+00 
1.20500e+02 0.00000e+00 0.00000e+00 1.24368e-01 0.00000e+00 
1.21000e+02 0.00000e+00 0.00000e+00 1.25313e-01 0.00000e+00 
1.21500e+02 0.00000e+00 0.00000e+00 1.26273e-01 0.00000e+00 
1.22000e+02 0.00000e+00 0.00000e+00 1.27226e-01 0.00000e+00 
1.22500e+02 0.00000e+00 0.00000e+00 1.28152e-01 0.00000e+00 
1.23000e+02 0.00000e+00 0.00000e+00 1.29041e-01 0.00000e+00 
1.23500e+02 0.00000e+00 0.00000e+00 1.29893e-01 0.00000e+00 
1.24000e+02 0.00000e+00 0.00000e+00 1.30712e-01 0.00000e+00 
1.24500e+02 0.00000e+00 0.00000e+00 1.31504e-01 0.00000e+00 
1.25000e+02 0.00000e+00 0.00000e+00 1.32276e-01 0.00000e+00 
1.25500e+02 0.00000e+00 0.00000e+00 1.33030e-01 0.00000e+00 
1.26000e+02 0.00000e+00 0.00000e+00 1.33771e-01 0.00000e+00 
1.26500e+02 0.00000e+00 0.00000e+00 1.34499e-01 0.00000e+00 
1.27000e+02 0.00000e+00 0.00000e+00 1.35215e-01 0.00000e+00 
1.27500e+02 0.00000e+00 0.00000e+00 1.35921e-01 0.00000e+00 
1.28000e+02 0.00000e+00 0.00000e+00 1.36616e-01 0.00000e+00 
1.28500e+02 0.00000e+00 0.00000e+00 1.37299e-01 0.00000e+00 
1.29000e+02 0.00000e+00 0.00000e+00 1.37971e-01 0.00000e+00 
1.29500e+02 0.00000e+00 0.00000e+00 1.38631e-01 0.00000e+00 
1.30000e+02 0.00000e+00 0.00000e+00 1.39279e-01 0.00000e+00 
1.30500e+02 0.00000e+00 0.00000e+00 1.39914e-01 0.00000e+00 
1.31000e+02 0.00000e+00 0.00000e+00 1.40537e-01 0.00000e+00 
1.31500e+02 0.00000e+00 0.00000e+00 1.41148e-01 0.00000e+00 
1.32000e+02 0.00000e+00 0.00000e+00 1.41746e-01 0.00000e+00 
1.32500e+02 0.00000e+00 0.00000e+00 1.42331e-01 0.00000e+00 
1.33000e+02 0.00000e+00 0.00000e+00 1.42904e-01 0.00000e+00 
1.33500e+02 0.00000e+00 0.00000e+00 1.43465e-01 0.00000e+00 
1.34000e+02 0.00000e+00 0.00000e+00 1.44013e-01 0.00000e+00 
1.34500e+02 0.00000e+00 0.00000e+00 1.44550e-01 0.00000e+00 
1.35000e+02 0.00000e+00 0.00000e+00 1.45075e-01 0.00000e+00 
1.35500e+02 0.00000e+00 0.00000e+00 1.45588e-01 0.00000e+00 
1.36000e+02 0.00000e+00 0.00000e+00 1.46091e-01 0.00000e+00 
1.36500e+02 0.00000e+00 0.00000e+00 1.46584e-01 0.00000e+00 
1.37000e+02 0.00000e+00 0.00000e+00 1.47068e-01 0.00000e+00 
1.37500e+02 0.00000e+00 0.00000e+00 1.47542e-01 0.00000e+00 
1.38000e+02 0.00000e+00 0.00000e+00 1.48010e-01 0.00000e+00 
1.38500e+02 0.00000e+00 0.00000e+00 1.48471e-01 0.00000e+00 
1.39000e+02 0.00000e+00 0.00000e+00 1.48927e-01 0.00000e+00 
1.39500e+02 0.00000e+00 0.00000e+00 1.49379e-01 0.00000e+00 
1.40000e+02 0.00000e+00 0.00000e+00 1.49831e-01 0.00000e+00 
1.40500e+02 0.00000e+00 0.00000e+00 1.50282e-01 0.00000e+00 
1.41000e+02 0.00000e+00 0.00000e+00 1.50736e-01 0.00000e+00 
1.41500e+02 0.00000e+00 0.00000e+00 1.51195e-01 0.00000e+00 
1.42000e+02 0.00000e+00 0.00000e+00 1.51659e-01 0.00000e+00 
1.42500e+02 0.00000e+00 0.00000e+00 1.52131e-01 0.00000e+00 
1.43000e+02 0.00000e+00 0.00000e+00 1.52613e-01 0.00000e+00 
1.43500e+02 0.00000e+00 0.00000e+00 1.53105e-01 0.00000e+00 
1.44000e+02 0.00000e+00 0.00000e+00 1.53608e-01 0.00000e+00 
1.44500e+02 0.00000e+00 0.00000e+00 1.54124e-01 0.00000e+00 
1.45000e+02 0.00000e+00 0.00000e+00 1.54653e-01 0.00000e+00 
1.45500e+02 0.00000e+00 0.00000e+00 1.55195e-01 0.00000e+00 
1.46000e+02 0.00000e+00 0.00000e+00 1.55751e-01 0.00000e+00 
1.46500e+02 0.00000e+00 0.00000e+00 1.56319e-01 0.00000e+00 
1.47000e+02 0.00000e+00 0.00000e+00 1.56901e-01 0.00000e+00 
1.47500e+02 0.00000e+00 0.00000e+00 1.57495e-01 0.00000e+00 
1.48000e+02 0.00000e+00 0.00000e+00 1.58101e-01 0.00000e+00 
1.48500e+02 0.00000e+00 0.00000e+00 1.58717e-01 0.00000e+00 
1.49000e+02 0.00000e+00 0.00000e+00 1.59343e-01 0.00000e+00 
1.49500e+02 0.00000e+00 0.00000e+00 1.59976e-01 0.00000e+00 
1.50000e+02 0.00000e+00 0.00000e+00 1.60615e-01 0.00000e+00 
1.50500e+02 0.00000e+00 0.00000e+00 1.61259e-01 0.00000e+00 
1.51000e+02 0.00000e+00 0.00000e+00 1.61906e-01 0.00000e+00 
1.51500e+02 0.00000e+00 0.00000e+00 1.62554e-01 0.00000e+00 
1.52000e+02 0.00000e+00 0.00000e+00 1.63203e-01 0.00000e+00 
1.52500e+02 0.00000e+00 0.00000e+00 1.63852e-01 0.00000e+00 
1.53000e+02 0.00000e+00 0.00000e+00 1.64502e-01 0.00000e+00 
1.53500e+02 0.00000e+00 0.00000e+00 1.65152e-01 0.00000e+00 
1.54000e+02 0.00000e+00 0.00000e+00 1.65803e-01 0.00000e+00 
1.54500e+02 0.00000e+00 0.00000e+00 1.66455e-01 0.00000e+00 
1.55000e+02 0.00000e+00 0.00000e+00 1.67110e-01 0.00000e+00 
1.55500e+02 0.00000e+00 0.00000e+00 1.67768e-01 0.00000e+00 
1.56000e+02 0.00000e+00 0.00000e+00 1.68431e-01 0.00000e+00 
1.56500e+02 0.00000e+00 0.00000e+00 1.69099e-01 0.00000e+00 
1.57000e+02 0.00000e+00 0.00000e+00 1.69772e-01 0.00000e+00 
1.57500e+02 0.00000e+00 0.00000e+00 1.70452e-01 0.00000e+00 
1.58000e+02 0.00000e+00 0.00000e+00 1.71139e-01 0.00000e+00 
1.58500e+02 0.00000e+00 0.00000e+00 1.71833e-01 0.00000e+00 
1.59000e+02 0.00000e+00 0.00000e+00 1.72535e-01 0.00000e+00 
1.59500e+02 0.00000e+00 0.00000e+00 1.73244e-01 0.00000e+00 
1.60000e+02 0.00000e+00 0.00000e+00 1.73962e-01 0.00000e+00 
1.60500e+02 0.00000e+00 0.00000e+00 1.74689e-01 0.00000e+00 
1.61000e+02 0.00000e+00 0.00000e+00 1.75424e-01 0.00000e+00 
1.61500e+02 0.00000e+00 0.00000e+00 1.76169e-01 0.00000e+00 
1.62000e+02 0.00000e+00 0.00000e+00 1.76923e-01 0.00000e+00 
1.62500e+02 0.00000e+00 0.00000e+00 1.77687e-01 0.00000e+00 
1.63000e+02 0.00000e+00 0.00000e+00 1.78461e-01 0.00000e+00 
1.63500e+02 0.00000e+00 0.00000e+00 1.79245e-01 0.00000e+00 
1.64000e+02 0.00000e+00 0.00000e+00 1.80038e-01 0.00000e+00 
1.64500e+02 0.00000e+00 0.00000e+00 1.80841e-01 0.00000e+00 
1.65000e+02 0.00000e+00 0.00000e+00 1.81654e-01 0.00000e+00 
1.65500e+02 0.00000e+00 0.00000e+00 1.82478e-01 0.00000e+00 
1.66000e+02 0.00000e+00 0.00000e+00 1.83314e-01 0.00000e+00 
1.66500e+02 0.00000e+00 0.00000e+00 1.84165e-01 0.00000e+00 
1.67000e+02 0.00000e+00 0.00000e+00 1.85032e-01 0.00000e+00 
1.67500e+02 0.00000e+00 0.00000e+00 1.85919e-01 0.00000e+00 
1.68000e+02 0.00000e+00 0.00000e+00 1.86829e-01 0.00000e+00 
1.68500e+02 0.00000e+00 0.00000e+00 1.87765e-01 0.00000e+00 
1.69000e+02 0.00000e+00 0.00000e+00 1.88730e-01 0.00000e+00 
1.69500e+02 0.00000e+00 0.00000e+00 1.89726e-01 0.00000e+00 
1.70000e+02 0.00000e+00 0.00000e+00 1.90756e-01 0.00000e+00 
1.70500e+02 0.00000e+00 0.00000e+00 1.91821e-01 0.00000e+00 
1.71000e+02 0.00000e+00 0.00000e+00 1.92921e-01 0.00000e+00 
1.71500e+02 0.00000e+00 0.00000e+00 1.94055e-01 0.00000e+00 
1.72000e+02 0.00000e+00 0.00000e+00 1.95218e-01 0.00000e+00 
1.72500e+02 0.00000e+00 0.00000e+00 1.96406e-01 0.00000e+00 
1.73000e+02 0.00000e+00 0.00000e+00 1.97614e-01 0.00000e+00 
1.73500e+02 0.00000e+00 0.00000e+00 1.98834e-01 0.00000e+00 
1.74000e+02 0.00000e+00 0.00000e+00 2.00062e-01 0.00000e+00 
1.74500e+02 0.00000e+00 0.00000e+00 2.01293e-01 0.00000e+00 
1.75000e+02 0.00000e+00 0.00000e+00 2.02523e-01 0.00000e+00 
1.75500e+02 0.00000e+00 0.00000e+00 2.03749e-01 0.00000e+00 
1.76000e+02 0.00000e+00 0.00000e+00 2.04968e-01 0.00000e+00 
1.76500e+02 0.00000e+00 0.00000e+00 2.06179e-01 0.00000e+00 
1.77000e+02 0.00000e+00 0.00000e+00 2.07379e-01 0.00000e+00 
1.77500e+02 0.00000e+00 0.00000e+00 2.08565e-01 0.00000e+00 
1.78000e+02 0.00000e+00 0.00000e+00 2.09735e-01 0.00000e+00 
1.78500e+02 0.00000e+00 0.00000e+00 2.10887e-01 0.00000e+00 
1.79000e+02 0.00000e+00 0.00000e+00 2.12018e-01 0.00000e+00 
1.79500e+02 0.00000e+00 0.00000e+00 2.13127e-01 0.00000e+00 
1.80000e+02 0.00000e+00 0.00000e+00 2.14212e-01 0.00000e+00 
1.80500e+02 0.00000e+00 0.00000e+00 2.15273e-01 0.00000e+00 
1.81000e+02 0.00000e+00 0.00000e+00 2.16308e-01 0.00000e+00 
1.81500e+02 0.00000e+00 0.00000e+00 2.17318e-01 0.00000e+00 
1.82000e+02 0.00000e+00 0.00000e+00 2.18304e-01 0.00000e+00 
1.82500e+02 0.00000e+00 0.00000e+00 2.19265e-01 0.00000e+00 
1.83000e+02 0.00000e+00 0.00000e+00 2.20202e-01 0.00000e+00 
1.83500e+02 0.00000e+00 0.00000e+00 2.21116e-01 0.00000e+00 
1.84000e+02 0.00000e+00 0.00000e+00 2.22009e-01 0.00000e+00 
1.84500e+02 0.00000e+00 0.00000e+00 2.22882e-01 0.00000e+00 
1.85000e+02 0.00000e+00 0.00000e+00 2.23735e-01 0.00000e+00 
1.85500e+02 0.00000e+00 0.00000e+00 2.24572e-01 0.00000e+00 
1.86000e+02 0.00000e+00 0.00000e+00 2.25393e-01 0.00000e+00 
1.86500e+02 0.00000e+00 0.00000e+00 2.26200e-01 0.00000e+00 
1.87000e+02 0.00000e+00 0.00000e+00 2.26995e-01 0.00000e+00 
1.87500e+02 0.00000e+00 0.00000e+00 2.27779e-01 0.00000e+00 
1.88000e+02 0.00000e+00 0.00000e+00 2.28553e-01 0.00000e+00 
1.88500e+02 0.00000e+00 0.00000e+00 2.29319e-01 0.00000e+00 
1.89000e+02 0.00000e+00 0.00000e+00 2.30078e-01 0.00000e+00 
1.89500e+02 0.00000e+00 0.00000e+00 2.30830e-01 0.00000e+00 
1.90000e+02 0.00000e+00 0.00000e+00 2.31576e-01 0.00000e+00 
1.90500e+02 0.00000e+00 0.00000e+00 2.32316e-01 0.00000e+00 
1.91000e+02 0.00000e+00 6.52711e-213 2.33051e-01 0.00000e+00 
1.91500e+02 0.00000e+00 1.99880e-126 2.33780e-01 0.00000e+00 
1.92000e+02 0.00000e+00 1.02286e-70 2.34503e-01 0.00000e+00 
1.92500e+02 0.00000e+00 2.39196e-36 2.35221e-01 0.00000e+00 
1.93000e+02 0.00000e+00 9.29481e-17 2.35932e-01 0.00000e+00 
1.93500e+02 0.00000e+00 5.20052e-07 2.36638e-01 0.00000e+00 
1.94000e+02 0.00000e+00 5.72867e-03 2.37337e-01 0.00000e+00 
1.94500e+02 0.00000e+00 6.42431e-02 2.38030e-01 0.00000e+00 
1.95000e+02 0.00000e+00 8.69063e-02 2.38716e-01 0.00000e+00 
1.95500e+02 0.00000e+00 9.64409e-02 2.39393e-01 0.00000e+00 
1.96000e+02 0.00000e+00 1.02353e-01 2.40063e-01 0.00000e+00 
1.96500e+02 0.00000e+00 1.06609e-01 2.40726e-01 0.00000e+00 
1.97000e+02 0.00000e+00 1.09974e-01 2.41382e-01 0.00000e+00 
1.97500e+02 0.00000e+00 1.12818e-01 2.42032e-01 0.00000e+00 
1.98000e+02 0.00000e+00 1.15339e-01 2.42675e-01 0.00000e+00 
1.98500e+02 0.00000e+00 1.17648e-01 2.43312e-01 0.00000e+00 
1.99000e+02 0.00000e+00 1.19806e-01 2.43944e-01 0.00000e+00 
1.99500e+02 0.00000e+00 1.21844e-01 2.44571e-01 0.00000e+00 
2.00000e+02 0.00000e+00 1.23774e-01 2.45193e-01 0.00000e+00 
2.00500e+02 0.00000e+00 1.25601e-01 2.45810e-01 0.00000e+00 
2.01000e+02 0.00000e+00 1.27329e-01 2.46423e-01 0.00000e+00 
2.01500e+02 0.00000e+00 1.28960e-01 2.47031e-01 0.00000e+00 
2.02000e+02 0.00000e+00 1.30500e-01 2.47635e-01 0.00000e+00 
2.02500e+02 0.00000e+00 1.31957e-01 2.48235e-01 0.00000e+00 
2.03000e+02 0.00000e+00 1.33342e-01 2.48831e-01 0.00000e+00 
2.03500e+02 0.00000e+00 1.34666e-01 2.49422e-01 0.00000e+00 
2.04000e+02 0.00000e+00 1.35940e-01 2.50009e-01 0.00000e+00 
2.04500e+02 0.00000e+00 1.37173e-01 2.50591e-01 0.00000e+00 
2.05000e+02 0.00000e+00 1.38370e-01 2.51169e-01 0.00000e+00 
2.05500e+02 0.00000e+00 1.39535e-01 2.51743e-01 0.00000e+00 
2.06000e+02 0.00000e+00 1.40667e-01 2.52313e-01 0.00000e+00 
2.06500e+02 0.00000e+00 1.41764e-01 2.52879e-01 0.00000e+00 
2.07000e+02 0.00000e+00 1.42824e-01 2.53440e-01 0.00000e+00 
2.07500e+02 0.00000e+00 1.43844e-01 2.53999e-01 0.00000e+00 
2.08000e+02 0.00000e+00 1.44823e-01 2.54553e-01 0.00000e+00 
2.08500e+02 0.00000e+00 1.45762e-01 2.55104e-01 0.00000e+00 
2.09000e+02 0.00000e+00 1.46659e-01 2.55651e-01 0.00000e+00 
2.09500e+02 0.00000e+00 1.47518e-01 2.56194e-01 0.00000e+00 
2.10000e+02 0.00000e+00 1.48341e-01 2.56734e-01 0.00000e+00 
2.10500e+02 0.00000e+00 1.49129e-01 2.57271e-01 0.00000e+00 
2.11000e+02 0.00000e+00 1.49885e-01 2.57804e-01 0.00000e+00 
2.11500e+02 0.00000e+00 1.50613e-01 2.58334e-01 0.00000e+00 
2.12000e+02 0.00000e+00 1.51313e-01 2.58861e-01 0.00000e+00 
2.12500e+02 0.00000e+00 1.51990e-01 2.59384e-01 0.00000e+00 
2.13000e+02 0.00000e+00 1.52644e-01 2.59903e-01 0.00000e+00 
2.13500e+02 0.00000e+00 1.53279e-01 2.60419e-01 0.00000e+00 
2.14000e+02 0.00000e+00 1.53896e-01 2.60932e-01 0.00000e+00 
2.14500e+02 0.00000e+00 1.54498e-01 2.61442e-01 0.00000e+00 
2.15000e+02 0.00000e+00 1.55088e-01 2.61947e-01 0.00000e+00 
2.15500e+02 0.00000e+00 1.55667e-01 2.62450e-01 0.00000e+00 
2.16000e+02 0.00000e+00 1.56238e-01 2.62949e-01 0.00000e+00 
2.16500e+02 0.00000e+00 1.56802e-01 2.63445e-01 0.00000e+00 
2.17000e+02 0.00000e+00 1.57363e-01 2.63937e-01 0.00000e+00 
2.17500e+02 0.00000e+00 1.57921e-01 2.64427e-01 0.00000e+00 
2.18000e+02 0.00000e+00 1.58476e-01 2.64913e-01 0.00000e+00 
2.18500e+02 0.00000e+00 1.59030e-01 2.65395e-01 0.00000e+00 
2.19000e+02 0.00000e+00 1.59582e-01 2.65875e-01 0.00000e+00 
2.19500e+02 0.00000e+00 1.60129e-01 2.66352e-01 0.00000e+00 
2.20000e+02 0.00000e+00 1.60673e-01 2.66825e-01 0.00000e+00 
2.20500e+02 0.00000e+00 1.61209e-01 2.67296e-01 0.00000e+00 
2.21000e+02 0.00000e+00 1.61738e-01 2.67764e-01 0.00000e+00 
2.21500e+02 0.00000e+00 1.62258e-01 2.68228e-01 0.00000e+00 
2.22000e+02 0.00000e+00 1.62768e-01 2.68690e-01 0.00000e+00 
2.22500e+02 0.00000e+00 1.63267e-01 2.69149e-01 0.00000e+00 
2.23000e+02 0.00000e+00 1.63755e-01 2.69605e-01 0.00000e+00 
2.23500e+02 0.00000e+00 1.64232e-01 2.70059e-01 0.00000e+00 
2.24000e+02 0.00000e+00 1.64699e-01 2.70509e-01 0.00000e+00 
2.24500e+02 0.00000e+00 1.65155e-01 2.70958e-01 0.00000e+00 
2.25000e+02 0.00000e+00 1.65600e-01 2.71403e-01 0.00000e+00 
2.25500e+02 0.00000e+00 1.66037e-01 2.71846e-01 0.00000e+00 
2.26000e+02 0.00000e+00 1.66464e-01 2.72286e-01 0.00000e+00 
2.26500e+02 0.00000e+00 1.66882e-01 2.72724e-01 0.00000e+00 
2.27000e+02 0.00000e+00 1.67293e-01 2.73159e-01 0.00000e+00 
2.27500e+02 0.00000e+00 1.67696e-01 2.73591e-01 0.00000e+00 
2.28000e+02 0.00000e+00 1.68093e-01 2.74021e-01 0.00000e+00 
2.28500e+02 0.00000e+00 1.68482e-01 2.74449e-01 0.00000e+00 
2.29000e+02 0.00000e+00 1.68866e-01 2.74874e-01 0.00000e+00 
2.29500e+02 0.00000e+00 1.69243e-01 2.75297e-01 0.00000e+00 
2.30000e+02 0.00000e+00 1.69615e-01 2.75717e-01 0.00000e+00 
2.30500e+02 0.00000e+00 1.69982e-01 2.76135e-01 0.00000e+00 
2.31000e+02 0.00000e+00 1.70344e-01 2.76550e-01 0.00000e+00 
2.31500e+02 0.00000e+00 1.70701e-01 2.76963e-01 0.00000e+00 
2.32000e+02 0.00000e+00 1.71054e-01 2.77374e-01 0.00000e+00 
2.32500e+02 0.00000e+00 1.71402e-01 2.77783e-01 0.00000e+00 
2.33000e+02 0.00000e+00 1.71747e-01 2.78189e-01 0.00000e+00 
2.33500e+02 0.00000e+00 1.72087e-01 2.78593e-01 0.00000e+00 
2.34000e+02 0.00000e+00 1.72424e-01 2.78994e-01 0.00000e+00 
2.34500e+02 0.00000e+00 1.72758e-01 2.79394e-01 0.00000e+00 
2.35000e+02 0.00000e+00 1.73087e-01 2.79791e-01 0.00000e+00 
2.35500e+02 0.00000e+00 1.73414e-01 2.80186e-01 0.00000e+00 
2.36000e+02 0.00000e+00 1.73738e-01 2.80579e-01 0.00000e+00 
2.36500e+02 0.00000e+00 1.74058e-01 2.80970e-01 0.00000e+00 
2.37000e+02 0.00000e+00 1.74376e-01 2.81358e-01 0.00000e+00 
2.37500e+02 0.00000e+00 1.74691e-01 2.81745e-01 0.00000e+00 
2.38000e+02 0.00000e+00 1.75003e-01 2.82130e-01 0.00000e+00 
2.38500e+02 0.00000e+00 1.75313e-01 2.82513e-01 0.00000e+00 
2.39000e+02 0.00000e+00 1.75620e-01 2.82893e-01 0.00000e+00 
2.39500e+02 0.00000e+00 1.75925e-01 2.83272e-01 0.00000e+00 
2.40000e+02 0.00000e+00 1.76227e-01 2.83649e-01 0.00000e+00 
