0.00000e+00 0.00000e+00 0.00000e+00 0.00000e+00 0.00000e+00 
5.00000e-01 0.00000e+00 0.00000e+00 0.00000e+00 0.00000e+00 
1.00000e+00 0.00000e+00 0.00000e+00 0.00000e+00 0.00000e+00 
1.50000e+00 0.00000e+00 0.00000e+00 0.00000e+00 0.00000e+00 
2.00000e+00 0.00000e+00 0.00000e+00 0.00000e+00 0.00000e+00 
2.50000e+00 0.00000e+00 0.00000e+00 0.00000e+00 0.00000e+00 
3.00000e+00 0.00000e+00 0.00000e+00 0.00000e+00 0.00000e+00 
3.50000e+00 0.00000e+00 0.00000e+00 0.00000e+00 0.00000e+00 
4.00000e+00 0.00000e+00 0.00000e+00 0.00000e+00 0.00000e+00 
4.50000e+00 0.00000e+00 0.00000e+00 0.00000e+00 0.00000e+00 
5.00000e+00 0.00000e+00 0.00000e+00 0.00000e+00 0.00000e+00 
5.50000e+00 0.00000e+00 0.00000e+00 0.00000e+00 0.00000e+00 
6.00000e+00 0.00000e+00 0.00000e+00 0.00000e+00 0.00000e+00 
6.50000e+00 0.00000e+00 0.00000e+00 0.00000e+00 0.00000e+00 
7.00000e+00 0.00000e+00 0.00000e+00 0.00000e+00 0.00000e+00 
7.50000e+00 0.00000e+00 0.00000e+00 0.00000e+00 0.00000e+00 
8.00000e+00 0.00000e+00 0.00000e+00 0.00000e+00 0.00000e+00 
8.50000e+00 0.00000e+00 0.00000e+00 0.00000e+00 0.00000e+00 
9.00000e+00 0.00000e+00 0.00000e+00 0.00000e+00 0.00000e+00 
9.50000e+00 0.00000e+00 0.00000e+00 0.00000e+00 0.00000e+00 
1.00000e+01 0.00000e+00 0.00000e+00 0.00000e+00 0.00000e+00 
1.05000e+01 0.00000e+00 0.00000e+00 0.00000e+00 0.00000e+00 
1.10000e+01 0.00000e+00 0.00000e+00 0.00000e+00 0.00000e+00 
1.15000e+01 0.00000e+00 0.00000e+00 0.00000e+00 0.00000e+00 
1.20000e+01 0.00000e+00 0.00000e+00 0.00000e+00 0.00000e+00 
1.25000e+01 0.00000e+00 0.00000e+00 0.00000e+00 0.00000e+00 
1.30000e+01 0.00000e+00 0.00000e+00 0.00000e+00 0.00000e+00 
1.35000e+01 0.00000e+00 0.00000e+00 0.00000e+00 0.00000e+00 
1.40000e+01 0.00000e+00 0.00000e+00 0.00000e+00 0.00000e+00 
1.45000e+01 0.00000e+00 0.00000e+00 0.00000e+00 0.00000e+00 
1.50000e+01 0.00000e+00 0.00000e+00 0.00000e+00 0.00000e+00 
1.55000e+01 0.00000e+00 0.00000e+00 0.00000e+00 0.00000e+00 
1.60000e+01 0.00000e+00 0.00000e+00 0.00000e+00 0.00000e+00 
1.65000e+01 0.00000e+00 0.00000e+00 0.00000e+00 0.00000e+00 
1.70000e+01 0.00000e+00 0.00000e+00 0.00000e+00 0.00000e+00 
1.75000e+01 0.00000e+00 0.00000e+00 0.00000e+00 0.00000e+00 
1.80000e+01 0.00000e+00 0.00000e+00 0.00000e+00 0.00000e+00 
1.85000e+01 0.00000e+00 0.00000e+00 0.00000e+00 0.00000e+00 
1.90000e+01 0.00000e+00 0.00000e+00 0.00000e+00 0.00000e+00 
1.95000e+01 0.00000e+00 0.00000e+00 0.00000e+00 0.00000e+00 
2.00000e+01 0.00000e+00 0.00000e+00 0.00000e+00 0.00000e+00 
2.05000e+01 0.00000e+00 0.00000e+00 0.00000e+00 0.00000e+00 
2.10000e+01 0.00000e+00 0.00000e+00 0.00000e+00 0.00000e+00 
2.15000e+01 0.00000e+00 0.00000e+00 0.00000e+00 0.00000e+00 
2.20000e+01 0.00000e+00 0.00000e+00 0.00000e+00 0.00000e+00 
2.25000e+01 0.00000e+00 0.00000e+00 0.00000e+00 0.00000e+00 
2.30000e+01 0.00000e+00 0.00000e+00 0.00000e+00 0.00000e+00 
2.35000e+01 0.00000e+00 0.00000e+00 0.00000e+00 0.00000e+00 
2.40000e+01 0.00000e+00 0.00000e+00 0.00000e+00 0.00000e+00 
2.45000e+01 0.00000e+00 0.00000e+00 0.00000e+00 0.00000e+00 
2.50000e+01 0.00000e+00 0.00000e+00 0.00000e+00 0.00000e+00 
2.55000e+01 0.00000e+00 0.00000e+00 0.00000e+00 0.00000e+00 
2.60000e+01 0.00000e+00 0.00000e+00 0.00000e+00 0.00000e+00 
2.65000e+01 0.00000e+00 0.00000e+00 0.00000e+00 0.00000e+00 
2.70000e+01 0.00000e+00 0.00000e+00 0.00000e+00 0.00000e+00 
2.75000e+01 0.00000e+00 0.00000e+00 0.00000e+00 0.00000e+00 
2.80000e+01 0.00000e+00 0.00000e+00 0.00000e+00 0.00000e+00 
2.85000e+01 0.00000e+00 0.00000e+00 0.00000e+00 0.00000e+00 
2.90000e+01 0.00000e+00 0.00000e+00 0.00000e+00 0.00000e+00 
2.95000e+01 0.00000e+00 0.00000e+00 0.00000e+00 0.00000e+00 
3.00000e+01 0.00000e+00 0.00000e+00 0.00000e+00 0.00000e+00 
3.05000e+01 0.00000e+00 0.00000e+00 0.00000e+00 0.00000e+00 
3.10000e+01 0.00000e+00 0.00000e+00 0.00000e+00 0.00000e+00 
3.15000e+01 0.00000e+00 0.00000e+00 0.00000e+00 0.00000e+00 
3.20000e+01 0.00000e+00 0.00000e+00 0.00000e+00 0.00000e+00 
3.25000e+01 0.00000e+00 0.00000e+00 0.00000e+00 0.00000e+00 
3.30000e+01 0.00000e+00 0.00000e+00 0.00000e+00 0.00000e+00 
3.35000e+01 0.00000e+00 0.00000e+00 0.00000e+00 0.00000e+00 
3.40000e+01 0.00000e+00 0.00000e+00 0.00000e+00 0.00000e+00 
3.45000e+01 0.00000e+00 0.00000e+00 0.00000e+00 0.00000e+00 
3.50000e+01 0.00000e+00 0.00000e+00 0.00000e+00 0.00000e+00 
3.55000e+01 0.00000e+00 0.00000e+00 0.00000e+00 0.00000e+00 
3.60000e+01 0.00000e+00 0.00000e+00 0.00000e+00 0.00000e+00 
3.65000e+01 0.00000e+00 0.00000e+00 0.00000e+00 0.00000e+00 
3.70000e+01 0.00000e+00 0.00000e+00 0.00000e+00 0.00000e+00 
3.75000e+01 0.00000e+00 0.00000e+00 0.00000e+00 0.00000e+00 
3.80000e+01 0.00000e+00 0.00000e+00 0.00000e+00 0.00000e+00 
3.85000e+01 0.00000e+00 0.00000e+00 0.00000e+00 0.00000e+00 
3.90000e+01 0.00000e+00 0.00000e+00 0.00000e+00 0.00000e+00 
3.95000e+01 0.00000e+00 0.00000e+00 0.00000e+00 0.00000e+00 
4.00000e+01 0.00000e+00 0.00000e+00 0.00000e+00 0.00000e+00 
4.05000e+01 0.00000e+00 0.00000e+00 0.00000e+00 0.00000e+00 
4.10000e+01 0.00000e+00 0.00000e+00 0.00000e+00 0.00000e+00 
4.15000e+01 0.00000e+00 0.00000e+00 0.00000e+00 0.00000e+00 
4.20000e+01 0.00000e+00 0.00000e+00 0.00000e+00 0.00000e+00 
4.25000e+01 0.00000e+00 0.00000e+00 0.00000e+00 0.00000e+00 
4.30000e+01 0.00000e+00 0.00000e+00 0.00000e+00 0.00000e+00 
4.35000e+01 0.00000e+00 0.00000e+00 0.00000e+00 0.00000e+00 
4.40000e+01 0.00000e+00 0.00000e+00 0.00000e+00 0.00000e+00 
4.45000e+01 0.00000e+00 0.00000e+00 0.00000e+00 0.00000e+00 
4.50000e+01 0.00000e+00 0.00000e+00 0.00000e+00 0.00000e+00 
4.55000e+01 0.00000e+00 0.00000e+00 0.00000e+00 0.00000e+00 
4.60000e+01 0.00000e+00 0.00000e+00 0.00000e+00 0.00000e+00 
4.65000e+01 0.00000e+00 0.00000e+00 0.00000e+00 0.00000e+00 
4.70000e+01 0.00000e+00 0.00000e+00 0.00000e+00 0.00000e+00 
4.75000e+01 0.00000e+00 0.00000e+00 0.00000e+00 0.00000e+00 
4.80000e+01 0.00000e+00 0.00000e+00 0.00000e+00 0.00000e+00 
4.85000e+01 0.00000e+00 0.00000e+00 0.00000e+00 0.00000e+00 
4.90000e+01 0.00000e+00 0.00000e+00 0.00000e+00 0.00000e+00 
4.95000e+01 0.00000e+00 0.00000e+00 0.00000e+00 0.00000e+00 
5.00000e+01 0.00000e+00 0.00000e+00 0.00000e+00 0.00000e+00 
5.05000e+01 0.00000e+00 0.00000e+00 0.00000e+00 0.00000e+00 
5.10000e+01 0.00000e+00 0.00000e+00 0.00000e+00 0.00000e+00 
5.15000e+01 0.00000e+00 0.00000e+00 0.00000e+00 0.00000e+00 
5.20000e+01 0.00000e+00 0.00000e+00 0.00000e+00 0.00000e+00 
5.25000e+01 0.00000e+00 0.00000e+00 0.00000e+00 0.00000e+00 
5.30000e+01 0.00000e+00 0.00000e+00 0.00000e+00 0.00000e+00 
5.35000e+01 0.00000e+00 0.00000e+00 0.00000e+00 0.00000e+00 
5.40000e+01 0.00000e+00 0.00000e+00 0.00000e+00 0.00000e+00 
5.45000e+01 0.00000e+00 0.00000e+00 0.00000e+00 0.00000e+00 
5.50000e+01 0.00000e+00 0.00000e+00 0.00000e+00 0.00000e+00 
5.55000e+01 0.00000e+00 0.00000e+00 0.00000e+00 0.00000e+00 
5.60000e+01 0.00000e+00 0.00000e+00 0.00000e+00 0.00000e+00 
5.65000e+01 0.00000e+00 0.00000e+00 0.00000e+00 0.00000e+00 
5.70000e+01 0.00000e+00 0.00000e+00 0.00000e+00 0.00000e+00 
5.75000e+01 0.00000e+00 0.00000e+00 0.00000e+00 0.00000e+00 
5.80000e+01 0.00000e+00 0.00000e+00 0.00000e+00 0.00000e+00 
5.85000e+01 0.00000e+00 0.00000e+00 0.00000e+00 0.00000e+00 
5.90000e+01 0.00000e+00 0.00000e+00 0.00000e+00 0.00000e+00 
5.95000e+01 0.00000e+00 0.00000e+00 0.00000e+00 0.00000e+00 
6.00000e+01 0.00000e+00 0.00000e+00 0.00000e+00 0.00000e+00 
6.05000e+01 0.00000e+00 0.00000e+00 0.00000e+00 0.00000e+00 
6.10000e+01 0.00000e+00 0.00000e+00 0.00000e+00 0.00000e+00 
6.15000e+01 0.00000e+00 0.00000e+00 0.00000e+00 0.00000e+00 
6.20000e+01 0.00000e+00 0.00000e+00 0.00000e+00 0.00000e+00 
6.25000e+01 0.00000e+00 0.00000e+00 0.00000e+00 0.00000e+00 
6.30000e+01 0.00000e+00 0.00000e+00 0.00000e+00 0.00000e+00 
6.35000e+01 0.00000e+00 0.00000e+00 0.00000e+00 0.00000e+00 
6.40000e+01 0.00000e+00 0.00000e+00 0.00000e+00 0.00000e+00 
6.45000e+01 0.00000e+00 0.00000e+00 0.00000e+00 0.00000e+00 
6.50000e+01 0.00000e+00 0.00000e+00 0.00000e+00 0.00000e+00 
6.55000e+01 0.00000e+00 0.00000e+00 0.00000e+00 0.00000e+00 
6.60000e+01 0.00000e+00 0.00000e+00 0.00000e+00 0.00000e+00 
6.65000e+01 0.00000e+00 0.00000e+00 0.00000e+00 0.00000e+00 
6.70000e+01 0.00000e+00 0.00000e+00 0.00000e+00 0.00000e+00 
6.75000e+01 0.00000e+00 0.00000e+00 0.00000e+00 0.00000e+00 
6.80000e+01 0.00000e+00 0.00000e+00 0.00000e+00 0.00000e+00 
6.85000e+01 0.00000e+00 0.00000e+00 0.00000e+00 0.00000e+00 
6.90000e+01 0.00000e+00 0.00000e+00 0.00000e+00 0.00000e+00 
6.95000e+01 0.00000e+00 0.00000e+00 0.00000e+00 0.00000e+00 
7.00000e+01 0.00000e+00 0.00000e+00 0.00000e+00 0.00000e+00 
7.05000e+01 0.00000e+00 0.00000e+00 0.00000e+00 0.00000e+00 
7.10000e+01 0.00000e+00 0.00000e+00 0.00000e+00 0.00000e+00 
7.15000e+01 0.00000e+00 0.00000e+00 0.00000e+00 0.00000e+00 
7.20000e+01 0.00000e+00 0.00000e+00 0.00000e+00 0.00000e+00 
7.25000e+01 0.00000e+00 0.00000e+00 0.00000e+00 0.00000e+00 
7.30000e+01 0.00000e+00 0.00000e+00 0.00000e+00 0.00000e+00 
7.35000e+01 0.00000e+00 0.00000e+00 0.00000e+00 0.00000e+00 
7.40000e+01 0.00000e+00 0.00000e+00 0.00000e+00 0.00000e+00 
7.45000e+01 0.00000e+00 0.00000e+00 0.00000e+00 0.00000e+00 
7.50000e+01 0.00000e+00 0.00000e+00 0.00000e+00 0.00000e+00 
7.55000e+01 0.00000e+00 0.00000e+00 0.00000e+00 0.00000e+00 
7.60000e+01 0.00000e+00 0.00000e+00 0.00000e+00 0.00000e+00 
7.65000e+01 0.00000e+00 0.00000e+00 0.00000e+00 0.00000e+00 
7.70000e+01 0.00000e+00 0.00000e+00 0.00000e+00 0.00000e+00 
7.75000e+01 0.00000e+00 0.00000e+00 0.00000e+00 0.00000e+00 
7.80000e+01 0.00000e+00 0.00000e+00 0.00000e+00 0.00000e+00 
7.85000e+01 0.00000e+00 0.00000e+00 0.00000e+00 0.00000e+00 
7.90000e+01 0.00000e+00 0.00000e+00 0.00000e+00 0.00000e+00 
7.95000e+01 0.00000e+00 0.00000e+00 0.00000e+00 0.00000e+00 
8.00000e+01 0.00000e+00 0.00000e+00 0.00000e+00 0.00000e+00 
8.05000e+01 0.00000e+00 0.00000e+00 0.00000e+00 0.00000e+00 
8.10000e+01 0.00000e+00 0.00000e+00 0.00000e+00 0.00000e+00 
8.15000e+01 0.00000e+00 0.00000e+00 0.00000e+00 0.00000e+00 
8.20000e+01 0.00000e+00 0.00000e+00 0.00000e+00 0.00000e+00 
8.25000e+01 0.00000e+00 0.00000e+00 0.00000e+00 0.00000e+00 
8.30000e+01 0.00000e+00 0.00000e+00 0.00000e+00 0.00000e+00 
8.35000e+01 0.00000e+00 0.00000e+00 0.00000e+00 0.00000e+00 
8.40000e+01 0.00000e+00 0.00000e+00 0.00000e+00 0.00000e+00 
8.45000e+01 0.00000e+00 0.00000e+00 0.00000e+00 0.00000e+00 
8.50000e+01 0.00000e+00 0.00000e+00 0.00000e+00 0.00000e+00 
8.55000e+01 0.00000e+00 0.00000e+00 0.00000e+00 0.00000e+00 
8.60000e+01 0.00000e+00 0.00000e+00 0.00000e+00 0.00000e+00 
8.65000e+01 0.00000e+00 0.00000e+00 0.00000e+00 0.00000e+00 
8.70000e+01 0.00000e+00 0.00000e+00 0.00000e+00 0.00000e+00 
8.75000e+01 0.00000e+00 0.00000e+00 0.00000e+00 0.00000e+00 
8.80000e+01 0.00000e+00 0.00000e+00 0.00000e+00 0.00000e+00 
8.85000e+01 0.00000e+00 0.00000e+00 0.00000e+00 0.00000e+00 
8.90000e+01 0.00000e+00 0.00000e+00 0.00000e+00 0.00000e+00 
8.95000e+01 0.00000e+00 0.00000e+00 0.00000e+00 0.00000e+00 
9.00000e+01 0.00000e+00 0.00000e+00 0.00000e+00 0.00000e+00 
9.05000e+01 0.00000e+00 0.00000e+00 0.00000e+00 0.00000e+00 
9.10000e+01 0.00000e+00 0.00000e+00 0.00000e+00 0.00000e+00 
9.15000e+01 0.00000e+00 0.00000e+00 0.00000e+00 0.00000e+00 
9.20000e+01 0.00000e+00 0.00000e+00 0.00000e+00 0.00000e+00 
9.25000e+01 0.00000e+00 0.00000e+00 0.00000e+00 0.00000e+00 
9.30000e+01 0.00000e+00 0.00000e+00 0.00000e+00 0.00000e+00 
9.35000e+01 0.00000e+00 0.00000e+00 0.00000e+00 0.00000e+00 
9.40000e+01 0.00000e+00 0.00000e+00 0.00000e+00 0.00000e+00 
9.45000e+01 0.00000e+00 0.00000e+00 0.00000e+00 0.00000e+00 
9.50000e+01 0.00000e+00 0.00000e+00 0.00000e+00 0.00000e+00 
9.55000e+01 0.00000e+00 0.00000e+00 0.00000e+00 0.00000e+00 
9.60000e+01 0.00000e+00 0.00000e+00 0.00000e+00 0.00000e+00 
9.65000e+01 0.00000e+00 0.00000e+00 0.00000e+00 0.00000e+00 
9.70000e+01 0.00000e+00 0.00000e+00 0.00000e+00 0.00000e+00 
9.75000e+01 0.00000e+00 0.00000e+00 0.00000e+00 0.00000e+00 
9.80000e+01 0.00000e+00 0.00000e+00 0.00000e+00 0.00000e+00 
9.85000e+01 0.00000e+00 0.00000e+00 0.00000e+00 0.00000e+00 
9.90000e+01 0.00000e+00 0.00000e+00 0.00000e+00 0.00000e+00 
9.95000e+01 0.00000e+00 0.00000e+00 0.00000e+00 0.00000e+00 
1.00000e+02 0.00000e+00 0.00000e+00 0.00000e+00 0.00000e+00 
1.00500e+02 0.00000e+00 0.00000e+00 0.00000e+00 0.00000e+00 
1.01000e+02 0.00000e+00 0.00000e+00 0.00000e+00 0.00000e+00 
1.01500e+02 0.00000e+00 0.00000e+00 0.00000e+00 0.00000e+00 
1.02000e+02 0.00000e+00 0.00000e+00 0.00000e+00 0.00000e+00 
1.02500e+02 0.00000e+00 0.00000e+00 0.00000e+00 0.00000e+00 
1.03000e+02 0.00000e+00 0.00000e+00 0.00000e+00 0.00000e+00 
1.03500e+02 0.00000e+00 0.00000e+00 0.00000e+00 0.00000e+00 
1.04000e+02 0.00000e+00 0.00000e+00 0.00000e+00 0.00000e+00 
1.04500e+02 0.00000e+00 0.00000e+00 0.00000e+00 0.00000e+00 
1.05000e+02 0.00000e+00 0.00000e+00 0.00000e+00 0.00000e+00 
1.05500e+02 0.00000e+00 0.00000e+00 0.00000e+00 0.00000e+00 
1.06000e+02 0.00000e+00 0.00000e+00 0.00000e+00 0.00000e+00 
1.06500e+02 0.00000e+00 0.00000e+00 0.00000e+00 0.00000e+00 
1.07000e+02 0.00000e+00 0.00000e+00 0.00000e+00 0.00000e+00 
1.07500e+02 0.00000e+00 0.00000e+00 0.00000e+00 0.00000e+00 
1.08000e+02 0.00000e+00 0.00000e+00 0.00000e+00 0.00000e+00 
1.08500e+02 0.00000e+00 0.00000e+00 0.00000e+00 0.00000e+00 
1.09000e+02 0.00000e+00 0.00000e+00 0.00000e+00 0.00000e+00 
1.09500e+02 0.00000e+00 0.00000e+00 0.00000e+00 0.00000e+00 
1.10000e+02 0.00000e+00 0.00000e+00 0.00000e+00 0.00000e+00 
1.10500e+02 0.00000e+00 0.00000e+00 0.00000e+00 0.00000e+00 
1.11000e+02 0.00000e+00 0.00000e+00 0.00000e+00 0.00000e+00 
1.11500e+02 0.00000e+00 0.00000e+00 0.00000e+00 0.00000e+00 
1.12000e+02 0.00000e+00 0.00000e+00 0.00000e+00 0.00000e+00 
1.12500e+02 0.00000e+00 0.00000e+00 0.00000e+00 0.00000e+00 
1.13000e+02 0.00000e+00 0.00000e+00 0.00000e+00 0.00000e+00 
1.13500e+02 0.00000e+00 0.00000e+00 0.00000e+00 0.00000e+00 
1.14000e+02 0.00000e+00 0.00000e+00 0.00000e+00 0.00000e+00 
1.14500e+02 0.00000e+00 0.00000e+00 0.00000e+00 0.00000e+00 
1.15000e+02 0.00000e+00 0.00000e+00 0.00000e+00 0.00000e+00 
1.15500e+02 0.00000e+00 0.00000e+00 0.00000e+00 0.00000e+00 
1.16000e+02 0.00000e+00 0.00000e+00 0.00000e+00 0.00000e+00 
1.16500e+02 0.00000e+00 0.00000e+00 0.00000e+00 0.00000e+00 
1.17000e+02 0.00000e+00 0.00000e+00 0.00000e+00 0.00000e+00 
1.17500e+02 0.00000e+00 0.00000e+00 0.00000e+00 0.00000e+00 
1.18000e+02 0.00000e+00 0.00000e+00 0.00000e+00 0.00000e+00 
1.18500e+02 0.00000e+00 0.00000e+00 0.00000e+00 0.00000e+00 
1.19000e+02 0.00000e+00 0.00000e+00 0.00000e+00 0.00000e+00 
1.19500e+02 0.00000e+00 0.00000e+00 0.00000e+00 0.00000e+00 
1.20000e+02 0.00000e+00 0.00000e+00 0.00000e+00 0.00000e+00 
1.20500e+02 0.00000e+00 0.00000e+00 0.00000e+00 0.00000e+00 
1.21000e+02 0.00000e+00 0.00000e+00 0.00000e+00 0.00000e+00 
1.21500e+02 0.00000e+00 0.00000e+00 0.00000e+00 0.00000e+00 
1.22000e+02 0.00000e+00 0.00000e+00 0.00000e+00 0.00000e+00 
1.22500e+02 0.00000e+00 0.00000e+00 0.00000e+00 0.00000e+00 
1.23000e+02 0.00000e+00 0.00000e+00 0.00000e+00 0.00000e+00 
1.23500e+02 0.00000e+00 0.00000e+00 0.00000e+00 0.00000e+00 
1.24000e+02 0.00000e+00 0.00000e+00 0.00000e+00 0.00000e+00 
1.24500e+02 0.00000e+00 0.00000e+00 0.00000e+00 0.00000e+00 
1.25000e+02 0.00000e+00 0.00000e+00 0.00000e+00 0.00000e+00 
1.25500e+02 0.00000e+00 0.00000e+00 0.00000e+00 0.00000e+00 
1.26000e+02 0.00000e+00 0.00000e+00 0.00000e+00 0.00000e+00 
1.26500e+02 0.00000e+00 0.00000e+00 0.00000e+00 0.00000e+00 
1.27000e+02 0.00000e+00 0.00000e+00 0.00000e+00 0.00000e+00 
1.27500e+02 0.00000e+00 0.00000e+00 0.00000e+00 0.00000e+00 
1.28000e+02 0.00000e+00 0.00000e+00 0.00000e+00 0.00000e+00 
1.28500e+02 0.00000e+00 0.00000e+00 0.00000e+00 0.00000e+00 
1.29000e+02 0.00000e+00 0.00000e+00 0.00000e+00 0.00000e+00 
1.29500e+02 0.00000e+00 0.00000e+00 0.00000e+00 0.00000e+00 
1.30000e+02 0.00000e+00 0.00000e+00 0.00000e+00 0.00000e+00 
1.30500e+02 0.00000e+00 0.00000e+00 0.00000e+00 0.00000e+00 
1.31000e+02 0.00000e+00 0.00000e+00 0.00000e+00 0.00000e+00 
1.31500e+02 0.00000e+00 0.00000e+00 0.00000e+00 0.00000e+00 
1.32000e+02 0.00000e+00 0.00000e+00 0.00000e+00 0.00000e+00 
1.32500e+02 0.00000e+00 0.00000e+00 0.00000e+00 0.00000e+00 
1.33000e+02 0.00000e+00 5.03499e-216 0.00000e+00 0.00000e+00 
1.33500e+02 0.00000e+00 8.54887e-94 0.00000e+00 0.00000e+00 
1.34000e+02 0.00000e+00 1.31682e-40 0.00000e+00 0.00000e+00 
1.34500e+02 0.00000e+00 1.88124e-16 0.00000e+00 0.00000e+00 
1.35000e+02 0.00000e+00 4.89324e-07 0.00000e+00 0.00000e+00 
1.35500e+02 0.00000e+00 5.04710e-03 0.00000e+00 0.00000e+00 
1.36000e+02 0.00000e+00 5.69304e-02 0.00000e+00 0.00000e+00 
1.36500e+02 0.00000e+00 7.50431e-02 0.00000e+00 0.00000e+00 
1.37000e+02 0.00000e+00 8.33022e-02 0.00000e+00 0.00000e+00 
1.37500e+02 0.00000e+00 8.92263e-02 0.00000e+00 0.00000e+00 
1.38000e+02 0.00000e+00 9.40889e-02 0.00000e+00 0.00000e+00 
1.38500e+02 0.00000e+00 9.82669e-02 0.00000e+00 0.00000e+00 
1.39000e+02 0.00000e+00 1.01865e-01 0.00000e+00 0.00000e+00 
1.39500e+02 0.00000e+00 1.04916e-01 0.00000e+00 0.00000e+00 
1.40000e+02 0.00000e+00 1.07512e-01 0.00000e+00 0.00000e+00 
1.40500e+02 0.00000e+00 1.09772e-01 0.00000e+00 0.00000e+00 
1.41000e+02 0.00000e+00 1.11782e-01 0.00000e+00 0.00000e+00 
1.41500e+02 0.00000e+00 1.13592e-01 0.00000e+00 0.00000e+00 
1.42000e+02 0.00000e+00 1.15235e-01 0.00000e+00 0.00000e+00 
1.42500e+02 0.00000e+00 1.16741e-01 0.00000e+00 0.00000e+00 
1.43000e+02 0.00000e+00 1.18139e-01 0.00000e+00 0.00000e+00 
1.43500e+02 0.00000e+00 1.19455e-01 0.00000e+00 0.00000e+00 
1.44000e+02 0.00000e+00 1.20712e-01 0.00000e+00 0.00000e+00 
1.44500e+02 0.00000e+00 1.21928e-01 0.00000e+00 0.00000e+00 
1.45000e+02 0.00000e+00 1.23120e-01 0.00000e+00 0.00000e+00 
1.45500e+02 0.00000e+00 1.24299e-01 0.00000e+00 0.00000e+00 
1.46000e+02 0.00000e+00 1.25475e-01 0.00000e+00 0.00000e+00 
1.46500e+02 0.00000e+00 1.26657e-01 0.00000e+00 0.00000e+00 
1.47000e+02 0.00000e+00 1.27851e-01 0.00000e+00 0.00000e+00 
1.47500e+02 0.00000e+00 1.29061e-01 0.00000e+00 0.00000e+00 
1.48000e+02 0.00000e+00 1.30291e-01 0.00000e+00 0.00000e+00 
1.48500e+02 0.00000e+00 1.31540e-01 0.00000e+00 0.00000e+00 
1.49000e+02 0.00000e+00 1.32807e-01 0.00000e+00 0.00000e+00 
1.49500e+02 0.00000e+00 1.34089e-01 0.00000e+00 0.00000e+00 
1.50000e+02 0.00000e+00 1.35383e-01 0.00000e+00 0.00000e+00 
1.50500e+02 0.00000e+00 1.36683e-01 0.00000e+00 0.00000e+00 
1.51000e+02 0.00000e+00 1.37984e-01 0.00000e+00 0.00000e+00 
1.51500e+02 0.00000e+00 1.39279e-01 0.00000e+00 0.00000e+00 
1.52000e+02 0.00000e+00 1.40563e-01 0.00000e+00 0.00000e+00 
1.52500e+02 0.00000e+00 1.41830e-01 0.00000e+00 0.00000e+00 
1.53000e+02 0.00000e+00 1.43074e-01 0.00000e+00 0.00000e+00 
1.53500e+02 0.00000e+00 1.44293e-01 0.00000e+00 0.00000e+00 
1.54000e+02 0.00000e+00 1.45481e-01 0.00000e+00 0.00000e+00 
1.54500e+02 0.00000e+00 1.46636e-01 0.00000e+00 3.38804e-184 
1.55000e+02 0.00000e+00 1.47756e-01 0.00000e+00 2.11505e-101 
1.55500e+02 0.00000e+00 1.48840e-01 0.00000e+00 2.74222e-54 
1.56000e+02 0.00000e+00 1.49888e-01 0.00000e+00 6.45930e-28 
1.56500e+02 0.00000e+00 1.50900e-01 0.00000e+00 1.65794e-13 
1.57000e+02 0.00000e+00 1.51877e-01 0.00000e+00 3.89854e-06 
1.57500e+02 0.00000e+00 1.52822e-01 6.36891e-203 7.41922e-03 
1.58000e+02 0.00000e+00 1.53737e-01 9.67702e-116 5.36394e-02 
1.58500e+02 0.00000e+00 1.54625e-01 1.25295e-63 6.91980e-02 
1.59000e+02 0.00000e+00 1.55485e-01 3.71083e-33 7.61187e-02 
1.59500e+02 0.00000e+00 1.56321e-01 4.14474e-16 8.05032e-02 
1.60000e+02 0.00000e+00 1.57134e-01 3.18359e-07 8.37007e-02 
1.60500e+02 0.00000e+00 1.57928e-01 2.89748e-03 8.62871e-02 
1.61000e+02 0.00000e+00 1.58705e-01 4.48711e-02 8.85708e-02 
1.61500e+02 0.00000e+00 1.59467e-01 6.38469e-02 9.07333e-02 
1.62000e+02 0.00000e+00 1.60213e-01 7.12640e-02 9.28696e-02 
1.62500e+02 0.00000e+00 1.60944e-01 7.59724e-02 9.50192e-02 
1.63000e+02 0.00000e+00 1.61661e-01 7.95370e-02 9.71747e-02 
1.63500e+02 0.00000e+00 1.62364e-01 8.24673e-02 9.93059e-02 
1.64000e+02 0.00000e+00 1.63055e-01 8.49737e-02 1.01382e-01 
1.64500e+02 0.00000e+00 1.63733e-01 8.71698e-02 1.03381e-01 
1.65000e+02 0.00000e+00 1.64400e-01 8.91342e-02 1.05294e-01 
1.65500e+02 0.00000e+00 1.65056e-01 9.09249e-02 1.07119e-01 
1.66000e+02 0.00000e+00 1.65701e-01 9.25829e-02 1.08859e-01 
1.66500e+02 0.00000e+00 1.66336e-01 9.41357e-02 1.10519e-01 
1.67000e+02 0.00000e+00 1.66961e-01 9.56013e-02 1.12109e-01 
1.67500e+02 0.00000e+00 1.67578e-01 9.69920e-02 1.13633e-01 
1.68000e+02 0.00000e+00 1.68187e-01 9.83166e-02 1.15100e-01 
1.68500e+02 0.00000e+00 1.68788e-01 9.95823e-02 1.16515e-01 
1.69000e+02 0.00000e+00 1.69383e-01 1.00795e-01 1.17883e-01 
1.69500e+02 0.00000e+00 1.69971e-01 1.01960e-01 1.19208e-01 
1.70000e+02 0.00000e+00 1.70554e-01 1.03083e-01 1.20494e-01 
1.70500e+02 0.00000e+00 1.71133e-01 1.04167e-01 1.21744e-01 
1.71000e+02 0.00000e+00 1.71707e-01 1.05216e-01 1.22959e-01 
1.71500e+02 0.00000e+00 1.72278e-01 1.06234e-01 1.24143e-01 
1.72000e+02 0.00000e+00 1.72846e-01 1.07223e-01 1.25296e-01 
1.72500e+02 0.00000e+00 1.73410e-01 1.08185e-01 1.26421e-01 
1.73000e+02 0.00000e+00 1.73971e-01 1.09124e-01 1.27520e-01 
1.73500e+02 0.00000e+00 1.74530e-01 1.10040e-01 1.28598e-01 
1.74000e+02 0.00000e+00 1.75085e-01 1.10935e-01 1.29658e-01 
1.74500e+02 0.00000e+00 1.75637e-01 1.11811e-01 1.30704e-01 
1.75000e+02 0.00000e+00 1.76185e-01 1.12668e-01 1.31740e-01 
1.75500e+02 0.00000e+00 1.76729e-01 1.13508e-01 1.32766e-01 
1.76000e+02 0.00000e+00 1.77269e-01 1.14331e-01 1.33782e-01 
1.76500e+02 0.00000e+00 1.77804e-01 1.15138e-01 1.34786e-01 
1.77000e+02 0.00000e+00 1.78335e-01 1.15931e-01 1.35774e-01 
1.77500e+02 0.00000e+00 1.78860e-01 1.16709e-01 1.36741e-01 
1.78000e+02 0.00000e+00 1.79381e-01 1.17473e-01 1.37683e-01 
1.78500e+02 0.00000e+00 1.79898e-01 1.18223e-01 1.38597e-01 
1.79000e+02 0.00000e+00 1.80409e-01 1.18960e-01 1.39483e-01 
1.79500e+02 0.00000e+00 1.80917e-01 1.19685e-01 1.40339e-01 
1.80000e+02 0.00000e+00 1.81421e-01 1.20398e-01 1.41168e-01 
1.80500e+02 0.00000e+00 1.81922e-01 1.21098e-01 1.41971e-01 
1.81000e+02 0.00000e+00 1.82420e-01 1.21787e-01 1.42749e-01 
1.81500e+02 0.00000e+00 1.82915e-01 1.22464e-01 1.43505e-01 
1.82000e+02 0.00000e+00 1.83409e-01 1.23131e-01 1.44241e-01 
1.82500e+02 0.00000e+00 1.83900e-01 1.23786e-01 1.44958e-01 
1.83000e+02 0.00000e+00 1.84391e-01 1.24432e-01 1.45659e-01 
1.83500e+02 0.00000e+00 1.84881e-01 1.25067e-01 1.46343e-01 
1.84000e+02 0.00000e+00 1.85370e-01 1.25692e-01 1.47013e-01 
1.84500e+02 0.00000e+00 1.85860e-01 1.26309e-01 1.47670e-01 
1.85000e+02 0.00000e+00 1.86348e-01 1.26916e-01 1.48314e-01 
1.85500e+02 0.00000e+00 1.86837e-01 1.27514e-01 1.48946e-01 
1.86000e+02 0.00000e+00 1.87326e-01 1.28104e-01 1.49566e-01 
1.86500e+02 0.00000e+00 1.87814e-01 1.28686e-01 1.50176e-01 
1.87000e+02 0.00000e+00 1.88303e-01 1.29261e-01 1.50775e-01 
1.87500e+02 0.00000e+00 1.88791e-01 1.29828e-01 1.51365e-01 
1.88000e+02 0.00000e+00 1.89280e-01 1.30388e-01 1.51945e-01 
1.88500e+02 0.00000e+00 1.89768e-01 1.30942e-01 1.52516e-01 
1.89000e+02 0.00000e+00 1.90256e-01 1.31490e-01 1.53078e-01 
1.89500e+02 0.00000e+00 1.90743e-01 1.32031e-01 1.53631e-01 
1.90000e+02 0.00000e+00 1.91231e-01 1.32567e-01 1.54177e-01 
1.90500e+02 0.00000e+00 1.91718e-01 1.33098e-01 1.54714e-01 
1.91000e+02 0.00000e+00 1.92205e-01 1.33623e-01 1.55245e-01 
1.91500e+02 0.00000e+00 1.92692e-01 1.34144e-01 1.55768e-01 
1.92000e+02 0.00000e+00 1.93180e-01 1.34661e-01 1.56284e-01 
1.92500e+02 0.00000e+00 1.93667e-01 1.35173e-01 1.56794e-01 
1.93000e+02 0.00000e+00 1.94154e-01 1.35681e-01 1.57297e-01 
1.93500e+02 0.00000e+00 1.94641e-01 1.36185e-01 1.57794e-01 
1.94000e+02 0.00000e+00 1.95129e-01 1.36686e-01 1.58286e-01 
1.94500e+02 0.00000e+00 1.95617e-01 1.37183e-01 1.58772e-01 
1.95000e+02 0.00000e+00 1.96106e-01 1.37677e-01 1.59252e-01 
1.95500e+02 0.00000e+00 1.96595e-01 1.38168e-01 1.59727e-01 
1.96000e+02 0.00000e+00 1.97084e-01 1.38656e-01 1.60197e-01 
1.96500e+02 0.00000e+00 1.97575e-01 1.39142e-01 1.60661e-01 
1.97000e+02 0.00000e+00 1.98066e-01 1.39624e-01 1.61121e-01 
1.97500e+02 0.00000e+00 1.98557e-01 1.40105e-01 1.61575e-01 
1.98000e+02 0.00000e+00 1.99050e-01 1.40583e-01 1.62025e-01 
1.98500e+02 0.00000e+00 1.99544e-01 1.41058e-01 1.62469e-01 
1.99000e+02 0.00000e+00 2.00038e-01 1.41532e-01 1.62909e-01 
1.99500e+02 0.00000e+00 2.00533e-01 1.42003e-01 1.63344e-01 
2.00000e+02 0.00000e+00 2.01029e-01 1.42472e-01 1.63774e-01 
2.00500e+02 0.00000e+00 2.01527e-01 1.42940e-01 1.64199e-01 
2.01000e+02 0.00000e+00 2.02025e-01 1.43405e-01 1.64619e-01 
2.01500e+02 0.00000e+00 2.02523e-01 1.43869e-01 1.65035e-01 
2.02000e+02 0.00000e+00 2.03023e-01 1.44331e-01 1.65445e-01 
2.02500e+02 0.00000e+00 2.03523e-01 1.44791e-01 1.65852e-01 
2.03000e+02 0.00000e+00 2.04023e-01 1.45250e-01 1.66253e-01 
2.03500e+02 0.00000e+00 2.04524e-01 1.45707e-01 1.66650e-01 
2.04000e+02 0.00000e+00 2.05025e-01 1.46162e-01 1.67042e-01 
2.04500e+02 0.00000e+00 2.05526e-01 1.46616e-01 1.67430e-01 
2.05000e+02 0.00000e+00 2.06027e-01 1.47069e-01 1.67814e-01 
2.05500e+02 0.00000e+00 2.06528e-01 1.47519e-01 1.68193e-01 
2.06000e+02 0.00000e+00 2.07028e-01 1.47968e-01 1.68568e-01 
2.06500e+02 0.00000e+00 2.07528e-01 1.48416e-01 1.68939e-01 
2.07000e+02 0.00000e+00 2.08028e-01 1.48862e-01 1.69305e-01 
2.07500e+02 0.00000e+00 2.08526e-01 1.49306e-01 1.69668e-01 
2.08000e+02 0.00000e+00 2.09024e-01 1.49749e-01 1.70027e-01 
2.08500e+02 0.00000e+00 2.09521e-01 1.50190e-01 1.70382e-01 
2.09000e+02 0.00000e+00 2.10017e-01 1.50629e-01 1.70733e-01 
2.09500e+02 0.00000e+00 2.10513e-01 1.51067e-01 1.71080e-01 
2.10000e+02 0.00000e+00 2.11006e-01 1.51503e-01 1.71424e-01 
2.10500e+02 0.00000e+00 2.11499e-01 1.51937e-01 1.71764e-01 
2.11000e+02 0.00000e+00 2.11991e-01 1.52370e-01 1.72101e-01 
2.11500e+02 0.00000e+00 2.12481e-01 1.52800e-01 1.72434e-01 
2.12000e+02 3.15619e-243 2.12970e-01 1.53229e-01 1.72764e-01 
2.12500e+02 5.15219e-166 2.13458e-01 1.53656e-01 1.73091e-01 
2.13000e+02 3.01456e-112 2.13945e-01 1.54082e-01 1.73415e-01 
2.13500e+02 1.40398e-74 2.14430e-01 1.54505e-01 1.73735e-01 
2.14000e+02 9.55624e-49 2.14914e-01 1.54927e-01 1.74052e-01 
2.14500e+02 2.72603e-31 2.15397e-01 1.55347e-01 1.74367e-01 
2.15000e+02 1.03048e-19 2.15879e-01 1.55766e-01 1.74678e-01 
2.15500e+02 3.79134e-12 2.16359e-01 1.56182e-01 1.74987e-01 
2.16000e+02 2.71733e-07 2.16839e-01 1.56597e-01 1.75292e-01 
2.16500e+02 2.55721e-04 2.17317e-01 1.57010e-01 1.75595e-01 
2.17000e+02 1.07096e-02 2.17794e-01 1.57421e-01 1.75896e-01 
2.17500e+02 4.23330e-02 2.18271e-01 1.57831e-01 1.76194e-01 
2.18000e+02 5.77720e-02 2.18747e-01 1.58240e-01 1.76489e-01 
2.18500e+02 6.47330e-02 2.19222e-01 1.58647e-01 1.76782e-01 
2.19000e+02 6.90135e-02 2.19696e-01 1.59052e-01 1.77073e-01 
2.19500e+02 7.20903e-02 2.20169e-01 1.59456e-01 1.77361e-01 
2.20000e+02 7.45085e-02 2.20640e-01 1.59857e-01 1.77646e-01 
2.20500e+02 7.65238e-02 2.21110e-01 1.60257e-01 1.77930e-01 
2.21000e+02 7.82708e-02 2.21579e-01 1.60655e-01 1.78211e-01 
2.21500e+02 7.98251e-02 2.22046e-01 1.61051e-01 1.78490e-01 
2.22000e+02 8.12325e-02 2.22512e-01 1.61445e-01 1.78766e-01 
2.22500e+02 8.25221e-02 2.22977e-01 1.61838e-01 1.79041e-01 
2.23000e+02 8.37139e-02 2.23440e-01 1.62228e-01 1.79314e-01 
2.23500e+02 8.48226e-02 2.23901e-01 1.62617e-01 1.79585e-01 
2.24000e+02 8.58594e-02 2.24361e-01 1.63004e-01 1.79855e-01 
2.24500e+02 8.68336e-02 2.24819e-01 1.63389e-01 1.80123e-01 
2.25000e+02 8.77530e-02 2.25276e-01 1.63772e-01 1.80390e-01 
2.25500e+02 8.86242e-02 2.25731e-01 1.64154e-01 1.80656e-01 
2.26000e+02 8.94531e-02 2.26184e-01 1.64533e-01 1.80920e-01 
2.26500e+02 9.02450e-02 2.26635e-01 1.64911e-01 1.81183e-01 
2.27000e+02 9.10042e-02 2.27084e-01 1.65287e-01 1.81446e-01 
2.27500e+02 9.17347e-02 2.27532e-01 1.65660e-01 1.81708e-01 
2.28000e+02 9.24396e-02 2.27977e-01 1.66032e-01 1.81969e-01 
2.28500e+02 9.31217e-02 2.28421e-01 1.66402e-01 1.82229e-01 
2.29000e+02 9.37827e-02 2.28863e-01 1.66770e-01 1.82489e-01 
2.29500e+02 9.44243e-02 2.29303e-01 1.67137e-01 1.82749e-01 
2.30000e+02 9.50473e-02 2.29742e-01 1.67501e-01 1.83008e-01 
2.30500e+02 9.56523e-02 2.30178e-01 1.67863e-01 1.83267e-01 
2.31000e+02 9.62398e-02 2.30613e-01 1.68224e-01 1.83526e-01 
2.31500e+02 9.68099e-02 2.31046e-01 1.68583e-01 1.83784e-01 
2.32000e+02 9.73628e-02 2.31477e-01 1.68940e-01 1.84042e-01 
2.32500e+02 9.78987e-02 2.31907e-01 1.69295e-01 1.84299e-01 
2.33000e+02 9.84179e-02 2.32334e-01 1.69648e-01 1.84557e-01 
2.33500e+02 9.89211e-02 2.32760e-01 1.70000e-01 1.84814e-01 
2.34000e+02 9.94092e-02 2.33184e-01 1.70350e-01 1.85070e-01 
2.34500e+02 9.98838e-02 2.33607e-01 1.70698e-01 1.85326e-01 
2.35000e+02 1.00347e-01 2.34028e-01 1.71045e-01 1.85582e-01 
2.35500e+02 1.00804e-01 2.34447e-01 1.71389e-01 1.85837e-01 
2.36000e+02 1.01259e-01 2.34864e-01 1.71733e-01 1.86091e-01 
2.36500e+02 1.01721e-01 2.35280e-01 1.72074e-01 1.86345e-01 
2.37000e+02 1.02203e-01 2.35694e-01 1.72414e-01 1.86598e-01 
2.37500e+02 1.02719e-01 2.36106e-01 1.72753e-01 1.86851e-01 
2.38000e+02 1.03293e-01 2.36517e-01 1.73089e-01 1.87103e-01 
2.38500e+02 1.03946e-01 2.36926e-01 1.73424e-01 1.87354e-01 
2.39000e+02 1.04707e-01 2.37333e-01 1.73758e-01 1.87605e-01 
2.39500e+02 1.05598e-01 2.37738e-01 1.74090e-01 1.87855e-01 
2.40000e+02 1.06642e-01 2.38142e-01 1.74420e-01 1.88104e-01 
