    0
Arquivo de entrada 2D
         1         0         2
      2601      2500        50        50
         1         1         0
         1         4    0.0000    0.0000
                        1.0000    0.0000
                        1.0000    1.0000
                        0.0000    1.0000
        50         1        50        51
         0
         1        50         1         1
      5051      5099         1         1
        51      5000       101         1
       101      4949       101         1
         0
         1         2  0.50e+01
                      0.50e+01
         1         0
        51         2  0.50e+01
                      0.50e+01
         1         0
         0
         1         1         4         9         0
         1       1.00e+00  1.00e+10  1.00e+10
       0.0       0.0       0.0
         1         1         1         2        53        52         1
        50         1         1        50        50        51
         0
         1         1         1        52       102        51         1
        50         1         1        50        50       101
         0
*end
