0.00000e+00 -3.65270e+00 -8.26333e+00 -2.10447e+00 -3.79073e+00 
4.00000e+00 3.13471e+00 9.93912e+00 3.97362e+00 5.56976e+00 
8.00000e+00 6.27158e+00 1.81593e+01 6.96316e+00 1.07472e+01 
1.20000e+01 9.14056e+00 2.53688e+01 9.56891e+00 1.55100e+01 
1.60000e+01 1.18122e+01 3.19141e+01 1.19500e+01 1.99266e+01 
2.00000e+01 1.43051e+01 3.79301e+01 1.41585e+01 2.40289e+01 
2.40000e+01 1.66298e+01 4.34888e+01 1.62152e+01 2.78404e+01 
2.80000e+01 1.87958e+01 4.86381e+01 1.81316e+01 3.13819e+01 
3.20000e+01 2.08125e+01 5.34145e+01 1.99167e+01 3.46725e+01 
3.60000e+01 2.26893e+01 5.78479e+01 2.15783e+01 3.77298e+01 
4.00000e+01 2.44353e+01 6.19642e+01 2.31240e+01 4.05702e+01 
4.40000e+01 2.60590e+01 6.57864e+01 2.45611e+01 4.32088e+01 
4.80000e+01 2.75687e+01 6.93355e+01 2.58967e+01 4.56595e+01 
5.20000e+01 2.89721e+01 7.26305e+01 2.71374e+01 4.79353e+01 
5.60000e+01 3.02762e+01 7.56890e+01 2.82895e+01 5.00482e+01 
6.00000e+01 3.14880e+01 7.85274e+01 2.93590e+01 5.20093e+01 
6.40000e+01 3.26135e+01 8.11608e+01 3.03514e+01 5.38292e+01 
6.80000e+01 3.36588e+01 8.36033e+01 3.12720e+01 5.55174e+01 
7.20000e+01 3.46292e+01 8.58678e+01 3.21256e+01 5.70829e+01 
7.60000e+01 3.55299e+01 8.79667e+01 3.29169e+01 5.85341e+01 
8.00000e+01 3.63656e+01 8.99111e+01 3.36500e+01 5.98789e+01 
8.40000e+01 3.71407e+01 9.17118e+01 3.43290e+01 6.11245e+01 
8.80000e+01 3.78594e+01 9.33784e+01 3.49575e+01 6.22777e+01 
9.20000e+01 3.85255e+01 9.49202e+01 3.55389e+01 6.33448e+01 
9.60000e+01 3.91426e+01 9.63457e+01 3.60765e+01 6.43317e+01 
1.00000e+02 3.97141e+01 9.76628e+01 3.65733e+01 6.52439e+01 
1.04000e+02 3.65466e+01 8.86143e+01 3.30133e+01 6.01969e+01 
1.08000e+02 3.41918e+01 8.24499e+01 3.05989e+01 5.62961e+01 
1.12000e+02 3.22475e+01 7.77437e+01 2.86512e+01 5.30185e+01 
1.16000e+02 3.06728e+01 7.41755e+01 2.70412e+01 5.03262e+01 
1.20000e+02 2.94495e+01 7.15819e+01 2.57267e+01 4.81919e+01 
1.24000e+02 2.85577e+01 6.98544e+01 2.46869e+01 4.65860e+01 
1.28000e+02 2.79759e+01 6.89114e+01 2.39063e+01 4.54779e+01 
1.32000e+02 2.76828e+01 6.86889e+01 2.33704e+01 4.48380e+01 
1.36000e+02 2.76579e+01 6.91315e+01 2.30649e+01 4.46381e+01 
1.40000e+02 2.78821e+01 7.01916e+01 2.29761e+01 4.48512e+01 
1.44000e+02 2.83379e+01 7.18267e+01 2.30906e+01 4.54515e+01 
1.48000e+02 2.90099e+01 7.39987e+01 2.33954e+01 4.64137e+01 
1.52000e+02 2.98843e+01 7.66729e+01 2.38783e+01 4.77139e+01 
1.56000e+02 3.09486e+01 7.98175e+01 2.45277e+01 4.93298e+01 
1.60000e+02 3.21912e+01 8.34019e+01 2.53329e+01 5.12411e+01 
1.64000e+02 3.36007e+01 8.73970e+01 2.62840e+01 5.34302e+01 
1.68000e+02 3.51662e+01 9.17748e+01 2.73720e+01 5.58818e+01 
1.72000e+02 3.68768e+01 9.65092e+01 2.85885e+01 5.85823e+01 
1.76000e+02 3.87223e+01 1.01575e+02 2.99259e+01 6.15198e+01 
1.80000e+02 4.06926e+01 1.06950e+02 3.13768e+01 6.46835e+01 
1.84000e+02 4.27785e+01 1.12611e+02 3.29341e+01 6.80631e+01 
1.88000e+02 4.49716e+01 1.18540e+02 3.45911e+01 7.16483e+01 
1.92000e+02 4.72641e+01 1.24718e+02 3.63415e+01 7.54290e+01 
1.96000e+02 4.96491e+01 1.31130e+02 3.81791e+01 7.93953e+01 
2.00000e+02 5.21204e+01 1.37760e+02 4.00983e+01 8.35385e+01 
2.04000e+02 5.46274e+01 1.44390e+02 4.20774e+01 8.77595e+01 
2.08000e+02 5.70563e+01 1.50658e+02 4.40560e+01 9.18746e+01 
2.12000e+02 5.93406e+01 1.56455e+02 4.59772e+01 9.57959e+01 
2.16000e+02 6.14639e+01 1.61807e+02 4.78090e+01 9.94982e+01 
2.20000e+02 6.34309e+01 1.66766e+02 4.95373e+01 1.02981e+02 
2.24000e+02 6.52509e+01 1.71372e+02 5.11580e+01 1.06246e+02 
2.28000e+02 6.69349e+01 1.75666e+02 5.26719e+01 1.09303e+02 
2.32000e+02 6.84929e+01 1.79679e+02 5.40822e+01 1.12161e+02 
2.36000e+02 6.99342e+01 1.83437e+02 5.53933e+01 1.14831e+02 
2.40000e+02 7.12672e+01 1.86956e+02 5.66106e+01 1.17324e+02 
2.44000e+02 7.24996e+01 1.90256e+02 5.77392e+01 1.19650e+02 
2.48000e+02 7.36385e+01 1.93349e+02 5.87845e+01 1.21819e+02 
2.52000e+02 7.46902e+01 1.96249e+02 5.97519e+01 1.23842e+02 
2.56000e+02 7.56608e+01 1.98967e+02 6.06462e+01 1.25726e+02 
2.60000e+02 7.65556e+01 2.01519e+02 6.14725e+01 1.27481e+02 
2.64000e+02 7.73798e+01 2.03916e+02 6.22352e+01 1.29113e+02 
2.68000e+02 7.81380e+01 2.06174e+02 6.29386e+01 1.30631e+02 
2.72000e+02 7.88346e+01 2.08309e+02 6.35866e+01 1.32042e+02 
2.76000e+02 7.94733e+01 2.10333e+02 6.41827e+01 1.33351e+02 
2.80000e+02 8.00578e+01 2.12260e+02 6.47302e+01 1.34565e+02 
2.84000e+02 8.05911e+01 2.14098e+02 6.52319e+01 1.35691e+02 
2.88000e+02 8.10766e+01 2.15855e+02 6.56907e+01 1.36735e+02 
2.92000e+02 8.15171e+01 2.17538e+02 6.61092e+01 1.37701e+02 
2.96000e+02 8.19154e+01 2.19161e+02 6.64898e+01 1.38594e+02 
3.00000e+02 8.22739e+01 2.20738e+02 6.68348e+01 1.39418e+02 
3.04000e+02 8.25947e+01 2.22279e+02 6.71464e+01 1.40176e+02 
3.08000e+02 8.28800e+01 2.23788e+02 6.74265e+01 1.40870e+02 
3.12000e+02 8.31317e+01 2.25275e+02 6.76770e+01 1.41503e+02 
3.16000e+02 8.33515e+01 2.26749e+02 6.78996e+01 1.42077e+02 
3.20000e+02 8.35409e+01 2.28218e+02 6.80959e+01 1.42594e+02 
3.24000e+02 8.37015e+01 2.29682e+02 6.82673e+01 1.43057e+02 
3.28000e+02 8.38346e+01 2.31135e+02 6.84151e+01 1.43468e+02 
3.32000e+02 8.39418e+01 2.32574e+02 6.85405e+01 1.43830e+02 
3.36000e+02 8.40244e+01 2.33996e+02 6.86447e+01 1.44144e+02 
3.40000e+02 8.40840e+01 2.35396e+02 6.87286e+01 1.44414e+02 
3.44000e+02 8.41218e+01 2.36770e+02 6.87935e+01 1.44642e+02 
3.48000e+02 8.41393e+01 2.38126e+02 6.88404e+01 1.44830e+02 
3.52000e+02 8.41377e+01 2.39479e+02 6.88703e+01 1.44980e+02 
3.56000e+02 8.41180e+01 2.40837e+02 6.88840e+01 1.45096e+02 
3.60000e+02 8.40808e+01 2.42216e+02 6.88824e+01 1.45180e+02 
3.64000e+02 8.40270e+01 2.43652e+02 6.88661e+01 1.45240e+02 
3.68000e+02 8.39566e+01 2.44918e+02 6.88356e+01 1.45268e+02 
3.72000e+02 8.38715e+01 2.45192e+02 6.87915e+01 1.45275e+02 
3.76000e+02 8.37766e+01 2.40538e+02 6.87356e+01 1.45272e+02 
3.80000e+02 8.36766e+01 2.31164e+02 6.86706e+01 1.45266e+02 
3.84000e+02 8.35667e+01 2.21799e+02 6.85976e+01 1.45239e+02 
3.88000e+02 8.34364e+01 2.13718e+02 6.85138e+01 1.45187e+02 
3.92000e+02 8.32763e+01 2.07274e+02 6.84142e+01 1.45083e+02 
3.96000e+02 8.30825e+01 2.02014e+02 6.82937e+01 1.44921e+02 
4.00000e+02 8.28563e+01 1.97418e+02 6.81497e+01 1.44704e+02 
4.04000e+02 8.26013e+01 1.93133e+02 6.79818e+01 1.44438e+02 
4.08000e+02 8.23210e+01 1.89126e+02 6.77911e+01 1.44123e+02 
4.12000e+02 8.20185e+01 1.85490e+02 6.75793e+01 1.43739e+02 
4.16000e+02 8.16962e+01 1.82184e+02 6.73485e+01 1.43246e+02 
4.20000e+02 8.13567e+01 1.79127e+02 6.71010e+01 1.42433e+02 
4.24000e+02 8.10035e+01 1.76261e+02 6.68398e+01 1.40411e+02 
4.28000e+02 8.06402e+01 1.73541e+02 6.65683e+01 1.36150e+02 
4.32000e+02 8.02689e+01 1.70940e+02 6.62886e+01 1.31750e+02 
4.36000e+02 7.98894e+01 1.68429e+02 6.59998e+01 1.28267e+02 
4.40000e+02 7.94992e+01 1.65985e+02 6.56993e+01 1.25504e+02 
4.44000e+02 7.90964e+01 1.63598e+02 6.53855e+01 1.23137e+02 
4.48000e+02 7.86806e+01 1.61262e+02 6.50583e+01 1.20968e+02 
4.52000e+02 7.82526e+01 1.58977e+02 6.47188e+01 1.18850e+02 
4.56000e+02 7.78139e+01 1.56741e+02 6.43684e+01 1.16751e+02 
4.60000e+02 7.73658e+01 1.54552e+02 6.40083e+01 1.14751e+02 
4.64000e+02 7.69098e+01 1.52409e+02 6.36399e+01 1.12879e+02 
4.68000e+02 7.64472e+01 1.50311e+02 6.32645e+01 1.11113e+02 
4.72000e+02 7.59793e+01 1.48258e+02 6.28831e+01 1.09418e+02 
4.76000e+02 7.55077e+01 1.46247e+02 6.24972e+01 1.07760e+02 
4.80000e+02 7.50337e+01 1.44280e+02 6.21080e+01 1.06098e+02 
4.84000e+02 7.45586e+01 1.42356e+02 6.17165e+01 1.04431e+02 
4.88000e+02 7.40832e+01 1.40472e+02 6.13236e+01 1.02796e+02 
4.92000e+02 7.36087e+01 1.38629e+02 6.09300e+01 1.01222e+02 
4.96000e+02 7.31357e+01 1.36825e+02 6.05364e+01 9.97134e+01 
5.00000e+02 7.26650e+01 1.35058e+02 6.01433e+01 9.82640e+01 
5.04000e+02 7.21976e+01 1.33329e+02 5.97513e+01 9.68680e+01 
5.08000e+02 7.17342e+01 1.31635e+02 5.93609e+01 9.55206e+01 
5.12000e+02 7.12752e+01 1.29976e+02 5.89728e+01 9.42187e+01 
5.16000e+02 7.08213e+01 1.28349e+02 5.85873e+01 9.29598e+01 
5.20000e+02 7.03727e+01 1.26755e+02 5.82049e+01 9.17418e+01 
5.24000e+02 6.99297e+01 1.25190e+02 5.78262e+01 9.05630e+01 
5.28000e+02 6.94928e+01 1.23655e+02 5.74514e+01 8.94216e+01 
5.32000e+02 6.90621e+01 1.22147e+02 5.70808e+01 8.83159e+01 
5.36000e+02 6.86377e+01 1.20665e+02 5.67146e+01 8.72443e+01 
5.40000e+02 6.82198e+01 1.19209e+02 5.63533e+01 8.62052e+01 
5.44000e+02 6.78085e+01 1.17778e+02 5.59968e+01 8.51969e+01 
5.48000e+02 6.74038e+01 1.16371e+02 5.56455e+01 8.42180e+01 
5.52000e+02 6.70058e+01 1.14988e+02 5.52993e+01 8.32671e+01 
5.56000e+02 6.66144e+01 1.13628e+02 5.49585e+01 8.23428e+01 
5.60000e+02 6.62297e+01 1.12293e+02 5.46231e+01 8.14439e+01 
5.64000e+02 6.58515e+01 1.10981e+02 5.42932e+01 8.05692e+01 
5.68000e+02 6.54796e+01 1.09693e+02 5.39688e+01 7.97178e+01 
5.72000e+02 6.51138e+01 1.08430e+02 5.36499e+01 7.88885e+01 
5.76000e+02 6.47540e+01 1.07192e+02 5.33367e+01 7.80806e+01 
5.80000e+02 6.44001e+01 1.05978e+02 5.30290e+01 7.72931e+01 
5.84000e+02 6.40521e+01 1.04789e+02 5.27269e+01 7.65252e+01 
5.88000e+02 6.37099e+01 1.03625e+02 5.24304e+01 7.57762e+01 
5.92000e+02 6.33733e+01 1.02485e+02 5.21394e+01 7.50455e+01 
5.96000e+02 6.30420e+01 1.01368e+02 5.18539e+01 7.43322e+01 
6.00000e+02 6.27155e+01 1.00273e+02 5.15737e+01 7.36358e+01 
6.04000e+02 6.23928e+01 9.92004e+01 5.12987e+01 7.29557e+01 
6.08000e+02 6.20725e+01 9.81489e+01 5.10288e+01 7.22912e+01 
6.12000e+02 6.17518e+01 9.71180e+01 5.07639e+01 7.16418e+01 
6.16000e+02 6.14261e+01 9.61071e+01 5.05039e+01 7.10069e+01 
6.20000e+02 6.10889e+01 9.51160e+01 5.02489e+01 7.03862e+01 
6.24000e+02 6.07311e+01 9.41445e+01 4.99989e+01 6.97792e+01 
6.28000e+02 6.03300e+01 9.31925e+01 4.97540e+01 6.91855e+01 
6.32000e+02 5.98505e+01 9.22598e+01 4.95143e+01 6.86048e+01 
6.36000e+02 5.92915e+01 9.13461e+01 4.92799e+01 6.80368e+01 
6.40000e+02 5.86823e+01 9.04505e+01 4.90507e+01 6.74807e+01 
6.44000e+02 5.80631e+01 8.95723e+01 4.88266e+01 6.69360e+01 
6.48000e+02 5.74700e+01 8.87107e+01 4.86070e+01 6.64017e+01 
6.52000e+02 5.69131e+01 8.78653e+01 4.83919e+01 6.58775e+01 
6.56000e+02 5.63810e+01 8.70358e+01 4.81809e+01 6.53627e+01 
6.60000e+02 5.58520e+01 8.62222e+01 4.79739e+01 6.48573e+01 
6.64000e+02 5.53152e+01 8.54242e+01 4.77709e+01 6.43608e+01 
6.68000e+02 5.47822e+01 8.46415e+01 4.75719e+01 6.38730e+01 
6.72000e+02 5.42683e+01 8.38735e+01 4.73766e+01 6.33935e+01 
6.76000e+02 5.37771e+01 8.31199e+01 4.71851e+01 6.29220e+01 
6.80000e+02 5.33039e+01 8.23802e+01 4.69971e+01 6.24581e+01 
6.84000e+02 5.28402e+01 8.16543e+01 4.68125e+01 6.20017e+01 
6.88000e+02 5.23739e+01 8.09420e+01 4.66311e+01 6.15525e+01 
6.92000e+02 5.18909e+01 8.02429e+01 4.64529e+01 6.11104e+01 
6.96000e+02 5.13878e+01 7.95569e+01 4.62779e+01 6.06752e+01 
7.00000e+02 5.08761e+01 7.88836e+01 4.61060e+01 6.02468e+01 
7.04000e+02 5.03659e+01 7.82225e+01 4.59371e+01 5.98247e+01 
7.08000e+02 4.98572e+01 7.75734e+01 4.57712e+01 5.94090e+01 
7.12000e+02 4.93411e+01 7.69361e+01 4.56084e+01 5.89994e+01 
7.16000e+02 4.88140e+01 7.63103e+01 4.54486e+01 5.85958e+01 
7.20000e+02 4.82883e+01 7.56956e+01 4.52920e+01 5.81980e+01 
7.24000e+02 4.77817e+01 7.50914e+01 4.51385e+01 5.78057e+01 
7.28000e+02 4.73024e+01 7.44972e+01 4.49877e+01 5.74185e+01 
7.32000e+02 4.68498e+01 7.39126e+01 4.48397e+01 5.70363e+01 
7.36000e+02 4.64199e+01 7.33372e+01 4.46941e+01 5.66587e+01 
7.40000e+02 4.60086e+01 7.27707e+01 4.45509e+01 5.62856e+01 
7.44000e+02 4.56126e+01 7.22130e+01 4.44100e+01 5.59169e+01 
7.48000e+02 4.52294e+01 7.16639e+01 4.42714e+01 5.55524e+01 
7.52000e+02 4.48573e+01 7.11231e+01 4.41350e+01 5.51921e+01 
7.56000e+02 4.44947e+01 7.05905e+01 4.40007e+01 5.48358e+01 
7.60000e+02 4.41407e+01 7.00659e+01 4.38686e+01 5.44836e+01 
7.64000e+02 4.37942e+01 6.95491e+01 4.37386e+01 5.41354e+01 
7.68000e+02 4.34544e+01 6.90400e+01 4.36105e+01 5.37910e+01 
7.72000e+02 4.31206e+01 6.85385e+01 4.34844e+01 5.34505e+01 
7.76000e+02 4.27922e+01 6.80442e+01 4.33603e+01 5.31139e+01 
7.80000e+02 4.24688e+01 6.75572e+01 4.32381e+01 5.27809e+01 
7.84000e+02 4.21501e+01 6.70772e+01 4.31178e+01 5.24517e+01 
7.88000e+02 4.18358e+01 6.66040e+01 4.29994e+01 5.21260e+01 
7.92000e+02 4.15258e+01 6.61376e+01 4.28830e+01 5.18040e+01 
7.96000e+02 4.12197e+01 6.56777e+01 4.27683e+01 5.14855e+01 
8.00000e+02 4.09171e+01 6.52242e+01 4.26555e+01 5.11704e+01 
