0.00000e+00 -0.00000e+00 -0.00000e+00 -0.00000e+00 -0.00000e+00 
4.00000e+00 -0.00000e+00 -0.00000e+00 -0.00000e+00 -0.00000e+00 
8.00000e+00 -0.00000e+00 -0.00000e+00 -0.00000e+00 -0.00000e+00 
1.20000e+01 -0.00000e+00 -0.00000e+00 -0.00000e+00 -0.00000e+00 
1.60000e+01 -0.00000e+00 -0.00000e+00 -0.00000e+00 -0.00000e+00 
2.00000e+01 -0.00000e+00 -0.00000e+00 -0.00000e+00 -0.00000e+00 
2.40000e+01 -0.00000e+00 -0.00000e+00 -0.00000e+00 -0.00000e+00 
2.80000e+01 -0.00000e+00 -0.00000e+00 -0.00000e+00 -0.00000e+00 
3.20000e+01 -0.00000e+00 -0.00000e+00 -0.00000e+00 -0.00000e+00 
3.60000e+01 -0.00000e+00 -0.00000e+00 -0.00000e+00 -0.00000e+00 
4.00000e+01 -0.00000e+00 -0.00000e+00 -0.00000e+00 -0.00000e+00 
4.40000e+01 -0.00000e+00 -0.00000e+00 -0.00000e+00 -0.00000e+00 
4.80000e+01 -0.00000e+00 -0.00000e+00 -0.00000e+00 -0.00000e+00 
5.20000e+01 -0.00000e+00 -0.00000e+00 -0.00000e+00 -0.00000e+00 
5.60000e+01 -0.00000e+00 -0.00000e+00 -0.00000e+00 -0.00000e+00 
6.00000e+01 -0.00000e+00 -0.00000e+00 -0.00000e+00 -0.00000e+00 
6.40000e+01 -0.00000e+00 -0.00000e+00 -0.00000e+00 -0.00000e+00 
6.80000e+01 -0.00000e+00 -0.00000e+00 -0.00000e+00 -0.00000e+00 
7.20000e+01 -0.00000e+00 -0.00000e+00 -0.00000e+00 -0.00000e+00 
7.60000e+01 -0.00000e+00 -0.00000e+00 -0.00000e+00 -0.00000e+00 
8.00000e+01 -0.00000e+00 -0.00000e+00 -0.00000e+00 -0.00000e+00 
8.40000e+01 -0.00000e+00 -0.00000e+00 -0.00000e+00 -0.00000e+00 
8.80000e+01 -0.00000e+00 -0.00000e+00 -0.00000e+00 -0.00000e+00 
9.20000e+01 -0.00000e+00 -0.00000e+00 -0.00000e+00 -0.00000e+00 
9.60000e+01 -0.00000e+00 -0.00000e+00 -0.00000e+00 -0.00000e+00 
1.00000e+02 -0.00000e+00 -0.00000e+00 -0.00000e+00 -0.00000e+00 
1.04000e+02 -0.00000e+00 -0.00000e+00 -0.00000e+00 -0.00000e+00 
1.08000e+02 -0.00000e+00 -0.00000e+00 -0.00000e+00 -0.00000e+00 
1.12000e+02 -0.00000e+00 -0.00000e+00 -0.00000e+00 -0.00000e+00 
1.16000e+02 -0.00000e+00 -0.00000e+00 -0.00000e+00 -0.00000e+00 
1.20000e+02 -0.00000e+00 -0.00000e+00 -0.00000e+00 -0.00000e+00 
1.24000e+02 -0.00000e+00 -0.00000e+00 -0.00000e+00 -0.00000e+00 
1.28000e+02 -0.00000e+00 -0.00000e+00 -0.00000e+00 -0.00000e+00 
1.32000e+02 -0.00000e+00 -0.00000e+00 -0.00000e+00 -0.00000e+00 
1.36000e+02 -0.00000e+00 -0.00000e+00 -0.00000e+00 -0.00000e+00 
1.40000e+02 -0.00000e+00 -0.00000e+00 -0.00000e+00 -0.00000e+00 
1.44000e+02 -0.00000e+00 -0.00000e+00 -0.00000e+00 -0.00000e+00 
1.48000e+02 -0.00000e+00 -0.00000e+00 -0.00000e+00 -0.00000e+00 
1.52000e+02 -0.00000e+00 -0.00000e+00 -0.00000e+00 -0.00000e+00 
1.56000e+02 -0.00000e+00 -0.00000e+00 -0.00000e+00 -0.00000e+00 
1.60000e+02 -0.00000e+00 -0.00000e+00 -0.00000e+00 -0.00000e+00 
1.64000e+02 -0.00000e+00 -0.00000e+00 -0.00000e+00 -0.00000e+00 
1.68000e+02 -0.00000e+00 -0.00000e+00 -0.00000e+00 -0.00000e+00 
1.72000e+02 -0.00000e+00 -0.00000e+00 -0.00000e+00 -0.00000e+00 
1.76000e+02 -0.00000e+00 -0.00000e+00 -0.00000e+00 -0.00000e+00 
1.80000e+02 -0.00000e+00 -0.00000e+00 -0.00000e+00 -0.00000e+00 
1.84000e+02 -0.00000e+00 -0.00000e+00 -0.00000e+00 -0.00000e+00 
1.88000e+02 -0.00000e+00 -0.00000e+00 -0.00000e+00 -0.00000e+00 
1.92000e+02 -0.00000e+00 -0.00000e+00 -0.00000e+00 -0.00000e+00 
1.96000e+02 -0.00000e+00 -0.00000e+00 -0.00000e+00 -0.00000e+00 
2.00000e+02 -0.00000e+00 -0.00000e+00 -0.00000e+00 -0.00000e+00 
2.04000e+02 -0.00000e+00 -0.00000e+00 -0.00000e+00 -0.00000e+00 
2.08000e+02 -0.00000e+00 -0.00000e+00 -0.00000e+00 -0.00000e+00 
2.12000e+02 -0.00000e+00 -0.00000e+00 -0.00000e+00 -0.00000e+00 
2.16000e+02 -0.00000e+00 -0.00000e+00 -0.00000e+00 -0.00000e+00 
2.20000e+02 -0.00000e+00 -0.00000e+00 -0.00000e+00 -0.00000e+00 
2.24000e+02 -0.00000e+00 -0.00000e+00 -0.00000e+00 -0.00000e+00 
2.28000e+02 -0.00000e+00 -0.00000e+00 -0.00000e+00 -0.00000e+00 
2.32000e+02 -0.00000e+00 -0.00000e+00 -0.00000e+00 -0.00000e+00 
2.36000e+02 -0.00000e+00 -0.00000e+00 -0.00000e+00 -0.00000e+00 
2.40000e+02 -0.00000e+00 -0.00000e+00 -0.00000e+00 -0.00000e+00 
2.44000e+02 -0.00000e+00 -0.00000e+00 -0.00000e+00 -0.00000e+00 
2.48000e+02 -0.00000e+00 -0.00000e+00 -0.00000e+00 -0.00000e+00 
2.52000e+02 -0.00000e+00 -0.00000e+00 -0.00000e+00 -0.00000e+00 
2.56000e+02 -0.00000e+00 -0.00000e+00 -0.00000e+00 -0.00000e+00 
2.60000e+02 -0.00000e+00 -0.00000e+00 -0.00000e+00 -0.00000e+00 
2.64000e+02 -0.00000e+00 -0.00000e+00 -0.00000e+00 -0.00000e+00 
2.68000e+02 -0.00000e+00 -0.00000e+00 -0.00000e+00 -0.00000e+00 
2.72000e+02 -0.00000e+00 -0.00000e+00 -0.00000e+00 -0.00000e+00 
2.76000e+02 -0.00000e+00 -0.00000e+00 -0.00000e+00 -0.00000e+00 
2.80000e+02 -0.00000e+00 -0.00000e+00 -0.00000e+00 -0.00000e+00 
2.84000e+02 -0.00000e+00 -0.00000e+00 -0.00000e+00 -0.00000e+00 
2.88000e+02 -0.00000e+00 -0.00000e+00 -0.00000e+00 -0.00000e+00 
2.92000e+02 -0.00000e+00 -0.00000e+00 -0.00000e+00 -0.00000e+00 
2.96000e+02 -2.80596e-180 -4.14039e-149 -0.00000e+00 -0.00000e+00 
3.00000e+02 8.42616e-175 3.46075e-114 -0.00000e+00 1.64751e-122 
3.04000e+02 1.55398e-110 1.42917e-110 7.77126e-185 3.69337e-114 
3.08000e+02 -0.00000e+00 -0.00000e+00 5.97600e-125 4.98710e-64 
3.12000e+02 1.82986e-109 8.83727e-110 3.21736e-65 4.99533e-64 
3.16000e+02 -0.00000e+00 1.49629e-109 -0.00000e+00 -0.00000e+00 
3.20000e+02 2.29725e-59 2.31345e-109 6.66144e-63 4.56437e-114 
3.24000e+02 -0.00000e+00 3.51108e-109 2.21540e-62 3.03822e-60 
3.28000e+02 -7.23633e-60 1.00735e-84 -1.61804e-61 3.03809e-60 
3.32000e+02 -6.94963e-87 4.84869e-60 1.41468e-118 3.13120e-60 
3.36000e+02 -0.00000e+00 4.86967e-60 1.94502e-117 3.13208e-60 
3.40000e+02 -1.31049e-59 4.89238e-60 5.50992e-117 2.02063e-60 
3.44000e+02 -1.88809e-87 4.91554e-60 2.23570e-62 2.95626e-58 
3.48000e+02 2.84464e-60 4.93992e-60 2.31497e-62 3.00349e-58 
3.52000e+02 2.84604e-60 4.96572e-60 2.29682e-62 3.00050e-58 
3.56000e+02 2.73174e-60 4.99312e-60 2.31498e-62 3.00755e-58 
3.60000e+02 2.74270e-60 5.02075e-60 2.31394e-62 3.00347e-58 
3.64000e+02 3.62023e-60 9.74031e-29 2.31237e-62 2.99779e-58 
3.68000e+02 3.06438e-60 3.64021e-09 2.29065e-62 2.99226e-58 
3.72000e+02 3.57904e-60 9.20192e-03 2.29860e-62 2.98609e-58 
3.76000e+02 4.35452e-60 2.38241e+00 2.29564e-62 2.97264e-58 
3.80000e+02 -0.00000e+00 1.09641e+01 -6.76034e-61 2.86262e-58 
3.84000e+02 6.73359e-60 2.20379e+01 2.28878e-62 2.95860e-58 
3.88000e+02 -1.01057e-56 3.32038e+01 2.28489e-62 2.77425e-57 
3.92000e+02 2.54042e-61 4.31486e+01 2.28062e-62 7.94128e-57 
3.96000e+02 2.03930e-61 5.32331e+01 2.27489e-62 7.91158e-57 
4.00000e+02 2.52507e-61 6.31224e+01 2.51789e-62 7.88439e-57 
4.04000e+02 2.51734e-61 7.17846e+01 3.06204e-62 7.52797e-57 
4.08000e+02 2.51495e-61 7.91748e+01 3.08261e-62 7.51751e-57 
4.12000e+02 9.74950e-54 8.56477e+01 1.79566e-56 7.18825e-57 
4.16000e+02 1.01777e-53 9.14396e+01 6.61565e-55 7.15930e-57 
4.20000e+02 1.01361e-53 9.67024e+01 6.59221e-55 6.51240e-57 
4.24000e+02 1.00938e-53 1.01539e+02 6.56767e-55 9.78716e-57 
4.28000e+02 9.92584e-54 1.06025e+02 6.54224e-55 9.59942e-57 
4.32000e+02 4.50582e-54 1.10215e+02 6.46133e-55 -1.75055e-56 
4.36000e+02 4.78999e-54 1.14153e+02 6.43521e-55 5.10334e-57 
4.40000e+02 4.76223e-54 1.17871e+02 6.40854e-55 5.06683e-57 
4.44000e+02 5.93507e-54 1.21396e+02 6.38166e-55 5.01745e-57 
4.48000e+02 5.97896e-54 1.24748e+02 6.35467e-55 4.98964e-57 
4.52000e+02 5.95334e-54 1.27944e+02 6.32762e-55 4.96330e-57 
4.56000e+02 4.94230e-54 1.30997e+02 6.30056e-55 5.81752e-57 
4.60000e+02 4.96171e-54 1.33919e+02 6.27293e-55 5.84717e-57 
4.64000e+02 9.75991e-54 1.36719e+02 6.24520e-55 5.68824e-57 
4.68000e+02 8.98013e-54 1.39407e+02 6.21719e-55 7.89552e-57 
4.72000e+02 4.02187e-54 1.41990e+02 6.18998e-55 3.30987e-57 
4.76000e+02 4.00773e-54 1.44476e+02 6.16252e-55 3.29559e-57 
4.80000e+02 3.98933e-54 1.46872e+02 6.13479e-55 3.26610e-57 
4.84000e+02 3.97154e-54 1.49184e+02 6.10725e-55 2.56179e-57 
4.88000e+02 3.94383e-54 1.51419e+02 3.19816e-43 2.55406e-57 
4.92000e+02 3.92646e-54 1.53586e+02 8.55512e-19 2.54088e-57 
4.96000e+02 3.90931e-54 1.55692e+02 1.23730e-07 2.63809e-57 
5.00000e+02 3.73549e-54 1.57748e+02 8.03363e-03 2.28497e-57 
5.04000e+02 3.72162e-54 1.59767e+02 4.66878e-01 2.27775e-57 
5.08000e+02 5.57890e-54 1.61764e+02 1.62035e+00 2.31749e-57 
5.12000e+02 5.78698e-54 1.63753e+02 3.12558e+00 2.74739e-57 
5.16000e+02 5.76362e-54 1.65746e+02 4.49863e+00 2.75416e-57 
5.20000e+02 5.75645e-54 1.67754e+02 5.63805e+00 2.97130e-56 
5.24000e+02 5.73370e-54 1.69786e+02 6.66241e+00 2.94957e-56 
5.28000e+02 5.70693e-54 1.71848e+02 7.66555e+00 2.93483e-56 
5.32000e+02 5.53303e-54 1.73944e+02 8.65131e+00 3.95612e-56 
5.36000e+02 5.54153e-54 1.76072e+02 9.61671e+00 3.93621e-56 
5.40000e+02 5.51472e-54 1.78229e+02 1.05616e+01 3.91594e-56 
5.44000e+02 5.49232e-54 1.80409e+02 1.14719e+01 3.89719e-56 
5.48000e+02 6.47217e-54 1.82607e+02 1.23350e+01 3.46917e-56 
5.52000e+02 6.39870e-54 1.84814e+02 1.31482e+01 4.01244e-56 
5.56000e+02 6.37427e-54 1.87024e+02 1.39151e+01 3.91438e-56 
5.60000e+02 6.34726e-54 1.89230e+02 1.46415e+01 3.89453e-56 
5.64000e+02 1.47755e-49 1.91425e+02 1.53323e+01 3.87377e-56 
5.68000e+02 1.01890e-36 1.93601e+02 1.59916e+01 3.25077e-56 
5.72000e+02 9.47091e-27 1.95749e+02 1.66222e+01 4.50342e-56 
5.76000e+02 4.29600e-19 1.97861e+02 1.72266e+01 3.21102e-56 
5.80000e+02 2.79957e-13 1.99931e+02 1.78070e+01 4.54521e-56 
5.84000e+02 6.13762e-09 2.01954e+02 1.83651e+01 4.54214e-56 
5.88000e+02 8.80816e-06 2.03924e+02 1.89027e+01 4.51751e-56 
5.92000e+02 1.42054e-03 2.05841e+02 1.94216e+01 1.05643e-55 
5.96000e+02 3.96178e-02 2.07705e+02 1.99231e+01 8.67220e-56 
6.00000e+02 3.58134e-01 2.09518e+02 2.04086e+01 7.57102e-56 
6.04000e+02 1.41776e+00 2.11279e+02 2.08793e+01 6.97450e-56 
6.08000e+02 2.78791e+00 2.12981e+02 2.13359e+01 6.92759e-56 
6.12000e+02 4.23081e+00 2.14620e+02 2.17789e+01 6.87109e-56 
6.16000e+02 5.68033e+00 2.16193e+02 2.22085e+01 8.08029e-56 
6.20000e+02 6.98469e+00 2.17698e+02 2.26249e+01 8.08472e-56 
6.24000e+02 8.12816e+00 2.19137e+02 2.30286e+01 8.27735e-56 
6.28000e+02 9.14171e+00 2.20513e+02 2.34200e+01 8.24284e-56 
6.32000e+02 1.00544e+01 2.21829e+02 2.37998e+01 1.65281e-55 
6.36000e+02 1.08872e+01 2.23091e+02 2.41686e+01 1.65956e-55 
6.40000e+02 1.16544e+01 2.24303e+02 2.45273e+01 2.12720e-47 
6.44000e+02 1.23669e+01 2.25470e+02 2.48765e+01 7.64485e-39 
6.48000e+02 1.30331e+01 2.26594e+02 2.52171e+01 1.20306e-31 
6.52000e+02 1.36611e+01 2.27680e+02 2.55496e+01 1.31552e-25 
6.56000e+02 1.42631e+01 2.28733e+02 2.58748e+01 1.48743e-20 
6.60000e+02 1.48569e+01 2.29754e+02 2.61932e+01 2.43263e-16 
6.64000e+02 1.54548e+01 2.30746e+02 2.65053e+01 7.58704e-13 
6.68000e+02 1.60505e+01 2.31712e+02 2.68117e+01 5.65485e-10 
6.72000e+02 1.66296e+01 2.32653e+02 2.71126e+01 1.21698e-07 
6.76000e+02 1.71836e+01 2.33571e+02 2.74085e+01 8.93684e-06 
6.80000e+02 1.77111e+01 2.34467e+02 2.76995e+01 2.59976e-04 
6.84000e+02 1.82147e+01 2.35344e+02 2.79860e+01 3.38496e-03 
6.88000e+02 1.86977e+01 2.36203e+02 2.82684e+01 2.16254e-02 
6.92000e+02 1.91635e+01 2.37046e+02 2.85470e+01 7.49060e-02 
6.96000e+02 1.96147e+01 2.37875e+02 2.88219e+01 1.63965e-01 
7.00000e+02 2.00536e+01 2.38691e+02 2.90935e+01 2.70896e-01 
7.04000e+02 2.04816e+01 2.39494e+02 2.93618e+01 3.95469e-01 
7.08000e+02 2.09000e+01 2.40284e+02 2.96272e+01 5.70741e-01 
7.12000e+02 2.13095e+01 2.41063e+02 2.98896e+01 8.11269e-01 
7.16000e+02 2.17104e+01 2.41827e+02 3.01490e+01 1.07878e+00 
7.20000e+02 2.21028e+01 2.42577e+02 3.04053e+01 1.33536e+00 
7.24000e+02 2.24868e+01 2.43312e+02 3.06584e+01 1.56774e+00 
7.28000e+02 2.28624e+01 2.44031e+02 3.09083e+01 1.77645e+00 
7.32000e+02 2.32296e+01 2.44736e+02 3.11550e+01 1.96635e+00 
7.36000e+02 2.35886e+01 2.45426e+02 3.13986e+01 2.14268e+00 
7.40000e+02 2.39394e+01 2.46102e+02 3.16391e+01 2.31002e+00 
7.44000e+02 2.42825e+01 2.46765e+02 3.18766e+01 2.47200e+00 
7.48000e+02 2.46179e+01 2.47416e+02 3.21112e+01 2.63131e+00 
7.52000e+02 2.49462e+01 2.48054e+02 3.23429e+01 2.78985e+00 
7.56000e+02 2.52677e+01 2.48681e+02 3.25718e+01 2.94884e+00 
7.60000e+02 2.55826e+01 2.49296e+02 3.27980e+01 3.10899e+00 
7.64000e+02 2.58915e+01 2.49901e+02 3.30216e+01 3.27059e+00 
7.68000e+02 2.61946e+01 2.50495e+02 3.32426e+01 3.43377e+00 
7.72000e+02 2.64923e+01 2.51080e+02 3.34612e+01 3.59901e+00 
7.76000e+02 2.67848e+01 2.51656e+02 3.36773e+01 3.76814e+00 
7.80000e+02 2.70725e+01 2.52222e+02 3.38911e+01 3.94476e+00 
7.84000e+02 2.73556e+01 2.52781e+02 3.41027e+01 4.13256e+00 
7.88000e+02 2.76345e+01 2.53331e+02 3.43120e+01 4.33208e+00 
7.92000e+02 2.79092e+01 2.53872e+02 3.45191e+01 4.54101e+00 
7.96000e+02 2.81800e+01 2.54405e+02 3.47240e+01 4.75842e+00 
8.00000e+02 2.84470e+01 2.54929e+02 3.49267e+01 4.98698e+00 
8.04000e+02 2.87104e+01 2.55444e+02 3.51272e+01 5.22914e+00 
8.08000e+02 2.89703e+01 2.55950e+02 3.53254e+01 5.48178e+00 
8.12000e+02 2.92267e+01 2.56445e+02 3.55213e+01 5.73713e+00 
8.16000e+02 2.94797e+01 2.56931e+02 3.57150e+01 5.98771e+00 
8.20000e+02 2.97294e+01 2.57407e+02 3.59064e+01 6.22915e+00 
8.24000e+02 2.99759e+01 2.57874e+02 3.60956e+01 6.45995e+00 
8.28000e+02 3.02195e+01 2.58332e+02 3.62828e+01 6.68034e+00 
8.32000e+02 3.04604e+01 2.58781e+02 3.64679e+01 6.89122e+00 
8.36000e+02 3.06989e+01 2.59222e+02 3.66513e+01 7.09371e+00 
8.40000e+02 3.09354e+01 2.59655e+02 3.68328e+01 7.28883e+00 
8.44000e+02 3.11703e+01 2.60081e+02 3.70127e+01 7.47749e+00 
8.48000e+02 3.14039e+01 2.60499e+02 3.71911e+01 7.66046e+00 
8.52000e+02 3.16367e+01 2.60911e+02 3.73680e+01 7.83836e+00 
8.56000e+02 3.18690e+01 2.61317e+02 3.75435e+01 8.01171e+00 
8.60000e+02 3.21011e+01 2.61716e+02 3.77177e+01 8.18092e+00 
8.64000e+02 3.23333e+01 2.62108e+02 3.78906e+01 8.34636e+00 
8.68000e+02 3.25659e+01 2.62495e+02 3.80623e+01 8.50831e+00 
8.72000e+02 3.27990e+01 2.62876e+02 3.82328e+01 8.66701e+00 
8.76000e+02 3.30327e+01 2.63251e+02 3.84021e+01 8.82268e+00 
8.80000e+02 3.32671e+01 2.63620e+02 3.85703e+01 8.97549e+00 
8.84000e+02 3.35019e+01 2.63984e+02 3.87373e+01 9.12560e+00 
8.88000e+02 3.37369e+01 2.64343e+02 3.89032e+01 9.27313e+00 
8.92000e+02 3.39716e+01 2.64696e+02 3.90680e+01 9.41820e+00 
8.96000e+02 3.42056e+01 2.65043e+02 3.92315e+01 9.56093e+00 
9.00000e+02 3.44384e+01 2.65386e+02 3.93940e+01 9.70139e+00 
9.04000e+02 3.46694e+01 2.65724e+02 3.95552e+01 9.83967e+00 
9.08000e+02 3.48982e+01 2.66057e+02 3.97153e+01 9.97586e+00 
9.12000e+02 3.51245e+01 2.66385e+02 3.98741e+01 1.01100e+01 
9.16000e+02 3.53480e+01 2.66709e+02 4.00318e+01 1.02422e+01 
9.20000e+02 3.55685e+01 2.67028e+02 4.01882e+01 1.03725e+01 
9.24000e+02 3.57860e+01 2.67343e+02 4.03434e+01 1.05009e+01 
9.28000e+02 3.60005e+01 2.67654e+02 4.04973e+01 1.06275e+01 
9.32000e+02 3.62117e+01 2.67960e+02 4.06500e+01 1.07524e+01 
9.36000e+02 3.64199e+01 2.68263e+02 4.08014e+01 1.08755e+01 
9.40000e+02 3.66250e+01 2.68563e+02 4.09515e+01 1.09970e+01 
9.44000e+02 3.68271e+01 2.68858e+02 4.11004e+01 1.11169e+01 
9.48000e+02 3.70261e+01 2.69150e+02 4.12479e+01 1.12351e+01 
9.52000e+02 3.72221e+01 2.69439e+02 4.13941e+01 1.13518e+01 
9.56000e+02 3.74152e+01 2.69724e+02 4.15390e+01 1.14671e+01 
9.60000e+02 3.76054e+01 2.70006e+02 4.16826e+01 1.15808e+01 
9.64000e+02 3.77928e+01 2.70285e+02 4.18249e+01 1.16931e+01 
9.68000e+02 3.79772e+01 2.70560e+02 4.19659e+01 1.18039e+01 
9.72000e+02 3.81589e+01 2.70833e+02 4.21056e+01 1.19134e+01 
9.76000e+02 3.83379e+01 2.71102e+02 4.22440e+01 1.20216e+01 
9.80000e+02 3.85141e+01 2.71369e+02 4.23811e+01 1.21284e+01 
9.84000e+02 3.86876e+01 2.71632e+02 4.25169e+01 1.22339e+01 
9.88000e+02 3.88585e+01 2.71893e+02 4.26516e+01 1.23382e+01 
9.92000e+02 3.90268e+01 2.72151e+02 4.27849e+01 1.24412e+01 
9.96000e+02 3.91926e+01 2.72406e+02 4.29171e+01 1.25430e+01 
1.00000e+03 3.93559e+01 2.72659e+02 4.30481e+01 1.26436e+01 
1.00400e+03 3.95168e+01 2.72909e+02 4.31779e+01 1.27431e+01 
1.00800e+03 3.96753e+01 2.73156e+02 4.33065e+01 1.28415e+01 
1.01200e+03 3.98315e+01 2.73401e+02 4.34340e+01 1.29387e+01 
1.01600e+03 3.99855e+01 2.73644e+02 4.35604e+01 1.30348e+01 
1.02000e+03 4.01373e+01 2.73883e+02 4.36857e+01 1.31299e+01 
1.02400e+03 4.02869e+01 2.74121e+02 4.38099e+01 1.32240e+01 
1.02800e+03 4.04345e+01 2.74356e+02 4.39331e+01 1.33170e+01 
1.03200e+03 4.05801e+01 2.74588e+02 4.40552e+01 1.34091e+01 
1.03600e+03 4.07237e+01 2.74819e+02 4.41762e+01 1.35001e+01 
1.04000e+03 4.08654e+01 2.75046e+02 4.42963e+01 1.35902e+01 
1.04400e+03 4.10053e+01 2.75272e+02 4.44154e+01 1.36794e+01 
1.04800e+03 4.11433e+01 2.75495e+02 4.45335e+01 1.37676e+01 
1.05200e+03 4.12796e+01 2.75716e+02 4.46507e+01 1.38549e+01 
1.05600e+03 4.14143e+01 2.75935e+02 4.47670e+01 1.39414e+01 
1.06000e+03 4.15473e+01 2.76152e+02 4.48823e+01 1.40269e+01 
1.06400e+03 4.16787e+01 2.76366e+02 4.49968e+01 1.41116e+01 
1.06800e+03 4.18085e+01 2.76578e+02 4.51104e+01 1.41955e+01 
1.07200e+03 4.19369e+01 2.76789e+02 4.52232e+01 1.42786e+01 
1.07600e+03 4.20637e+01 2.76997e+02 4.53352e+01 1.43608e+01 
1.08000e+03 4.21892e+01 2.77202e+02 4.54463e+01 1.44422e+01 
1.08400e+03 4.23132e+01 2.77406e+02 4.55567e+01 1.45229e+01 
1.08800e+03 4.24359e+01 2.77608e+02 4.56664e+01 1.46028e+01 
1.09200e+03 4.25573e+01 2.77808e+02 4.57753e+01 1.46819e+01 
1.09600e+03 4.26774e+01 2.78005e+02 4.58835e+01 1.47603e+01 
1.10000e+03 4.27962e+01 2.78201e+02 4.59910e+01 1.48380e+01 
1.10400e+03 4.29138e+01 2.78394e+02 4.60978e+01 1.49149e+01 
1.10800e+03 4.30302e+01 2.78586e+02 4.62041e+01 1.49912e+01 
1.11200e+03 4.31454e+01 2.78775e+02 4.63097e+01 1.50667e+01 
1.11600e+03 4.32594e+01 2.78963e+02 4.64147e+01 1.51416e+01 
1.12000e+03 4.33724e+01 2.79149e+02 4.65191e+01 1.52159e+01 
1.12400e+03 4.34842e+01 2.79333e+02 4.66230e+01 1.52894e+01 
1.12800e+03 4.35949e+01 2.79515e+02 4.67264e+01 1.53624e+01 
1.13200e+03 4.37046e+01 2.79695e+02 4.68293e+01 1.54347e+01 
1.13600e+03 4.38132e+01 2.79873e+02 4.69317e+01 1.55064e+01 
1.14000e+03 4.39208e+01 2.80049e+02 4.70337e+01 1.55775e+01 
1.14400e+03 4.40274e+01 2.80223e+02 4.71352e+01 1.56480e+01 
1.14800e+03 4.41331e+01 2.80396e+02 4.72363e+01 1.57180e+01 
1.15200e+03 4.42377e+01 2.80566e+02 4.73370e+01 1.57874e+01 
1.15600e+03 4.43414e+01 2.80735e+02 4.74373e+01 1.58562e+01 
1.16000e+03 4.44441e+01 2.80902e+02 4.75373e+01 1.59245e+01 
1.16400e+03 4.45460e+01 2.81068e+02 4.76370e+01 1.59923e+01 
1.16800e+03 4.46469e+01 2.81231e+02 4.77363e+01 1.60595e+01 
1.17200e+03 4.47469e+01 2.81393e+02 4.78353e+01 1.61263e+01 
1.17600e+03 4.48460e+01 2.81553e+02 4.79340e+01 1.61925e+01 
1.18000e+03 4.49443e+01 2.81711e+02 4.80324e+01 1.62583e+01 
1.18400e+03 4.50417e+01 2.81868e+02 4.81305e+01 1.63236e+01 
1.18800e+03 4.51383e+01 2.82023e+02 4.82284e+01 1.63885e+01 
1.19200e+03 4.52341e+01 2.82176e+02 4.83260e+01 1.64529e+01 
1.19600e+03 4.53290e+01 2.82327e+02 4.84234e+01 1.65168e+01 
1.20000e+03 4.54231e+01 2.82477e+02 4.85205e+01 1.65803e+01 
1.20400e+03 4.55165e+01 2.82625e+02 4.86175e+01 1.66434e+01 
1.20800e+03 4.56090e+01 2.82772e+02 4.87142e+01 1.67061e+01 
1.21200e+03 4.57008e+01 2.82917e+02 4.88107e+01 1.67684e+01 
1.21600e+03 4.57918e+01 2.83060e+02 4.89070e+01 1.68302e+01 
1.22000e+03 4.58821e+01 2.83202e+02 4.90032e+01 1.68917e+01 
1.22400e+03 4.59716e+01 2.83342e+02 4.90991e+01 1.69528e+01 
1.22800e+03 4.60604e+01 2.83480e+02 4.91949e+01 1.70135e+01 
1.23200e+03 4.61485e+01 2.83618e+02 4.92905e+01 1.70739e+01 
1.23600e+03 4.62359e+01 2.83753e+02 4.93860e+01 1.71339e+01 
1.24000e+03 4.63226e+01 2.83887e+02 4.94812e+01 1.71935e+01 
1.24400e+03 4.64086e+01 2.84020e+02 4.95763e+01 1.72528e+01 
1.24800e+03 4.64939e+01 2.84151e+02 4.96713e+01 1.73117e+01 
1.25200e+03 4.65785e+01 2.84280e+02 4.97661e+01 1.73703e+01 
1.25600e+03 4.66625e+01 2.84408e+02 4.98608e+01 1.74285e+01 
1.26000e+03 4.67459e+01 2.84535e+02 4.99553e+01 1.74864e+01 
1.26400e+03 4.68286e+01 2.84660e+02 5.00496e+01 1.75440e+01 
1.26800e+03 4.69106e+01 2.84784e+02 5.01438e+01 1.76013e+01 
1.27200e+03 4.69920e+01 2.84907e+02 5.02378e+01 1.76582e+01 
1.27600e+03 4.70729e+01 2.85028e+02 5.03317e+01 1.77149e+01 
1.28000e+03 4.71531e+01 2.85148e+02 5.04254e+01 1.77712e+01 
1.28400e+03 4.72327e+01 2.85266e+02 5.05190e+01 1.78272e+01 
1.28800e+03 4.73117e+01 2.85383e+02 5.06123e+01 1.78829e+01 
1.29200e+03 4.73902e+01 2.85499e+02 5.07055e+01 1.79383e+01 
1.29600e+03 4.74680e+01 2.85613e+02 5.07986e+01 1.79935e+01 
1.30000e+03 4.75453e+01 2.85726e+02 5.08914e+01 1.80483e+01 
1.30400e+03 4.76221e+01 2.85838e+02 5.09840e+01 1.81028e+01 
1.30800e+03 4.76983e+01 2.85949e+02 5.10765e+01 1.81571e+01 
1.31200e+03 4.77740e+01 2.86059e+02 5.11688e+01 1.82111e+01 
1.31600e+03 4.78491e+01 2.86167e+02 5.12609e+01 1.82648e+01 
1.32000e+03 4.79237e+01 2.86274e+02 5.13527e+01 1.83183e+01 
1.32400e+03 4.79978e+01 2.86380e+02 5.14444e+01 1.83714e+01 
1.32800e+03 4.80713e+01 2.86484e+02 5.15359e+01 1.84244e+01 
1.33200e+03 4.81444e+01 2.86588e+02 5.16271e+01 1.84770e+01 
1.33600e+03 4.82170e+01 2.86690e+02 5.17182e+01 1.85294e+01 
1.34000e+03 4.82890e+01 2.86792e+02 5.18090e+01 1.85816e+01 
1.34400e+03 4.83606e+01 2.86892e+02 5.18996e+01 1.86334e+01 
1.34800e+03 4.84318e+01 2.86991e+02 5.19899e+01 1.86851e+01 
1.35200e+03 4.85024e+01 2.87089e+02 5.20801e+01 1.87365e+01 
1.35600e+03 4.85726e+01 2.87186e+02 5.21700e+01 1.87877e+01 
1.36000e+03 4.86423e+01 2.87281e+02 5.22597e+01 1.88386e+01 
1.36400e+03 4.87116e+01 2.87376e+02 5.23492e+01 1.88893e+01 
1.36800e+03 4.87804e+01 2.87470e+02 5.24384e+01 1.89397e+01 
1.37200e+03 4.88488e+01 2.87563e+02 5.25275e+01 1.89900e+01 
1.37600e+03 4.89167e+01 2.87654e+02 5.26162e+01 1.90400e+01 
1.38000e+03 4.89843e+01 2.87745e+02 5.27048e+01 1.90897e+01 
1.38400e+03 4.90514e+01 2.87835e+02 5.27931e+01 1.91393e+01 
1.38800e+03 4.91180e+01 2.87923e+02 5.28812e+01 1.91886e+01 
1.39200e+03 4.91843e+01 2.88011e+02 5.29691e+01 1.92377e+01 
1.39600e+03 4.92502e+01 2.88098e+02 5.30567e+01 1.92866e+01 
1.40000e+03 4.93156e+01 2.88184e+02 5.31442e+01 1.93353e+01 
1.40400e+03 4.93807e+01 2.88269e+02 5.32313e+01 1.93838e+01 
1.40800e+03 4.94453e+01 2.88353e+02 5.33183e+01 1.94321e+01 
1.41200e+03 4.95096e+01 2.88436e+02 5.34051e+01 1.94802e+01 
1.41600e+03 4.95735e+01 2.88518e+02 5.34916e+01 1.95280e+01 
1.42000e+03 4.96370e+01 2.88599e+02 5.35779e+01 1.95757e+01 
1.42400e+03 4.97001e+01 2.88679e+02 5.36640e+01 1.96231e+01 
1.42800e+03 4.97629e+01 2.88759e+02 5.37499e+01 1.96704e+01 
1.43200e+03 4.98253e+01 2.88837e+02 5.38356e+01 1.97174e+01 
1.43600e+03 4.98873e+01 2.88915e+02 5.39210e+01 1.97642e+01 
1.44000e+03 4.99489e+01 2.88992e+02 5.40063e+01 1.98109e+01 
1.44400e+03 5.00103e+01 2.89068e+02 5.40914e+01 1.98573e+01 
1.44800e+03 5.00712e+01 2.89143e+02 5.41762e+01 1.99036e+01 
1.45200e+03 5.01318e+01 2.89217e+02 5.42609e+01 1.99496e+01 
1.45600e+03 5.01921e+01 2.89291e+02 5.43453e+01 1.99955e+01 
1.46000e+03 5.02520e+01 2.89364e+02 5.44296e+01 2.00412e+01 
1.46400e+03 5.03116e+01 2.89436e+02 5.45137e+01 2.00866e+01 
1.46800e+03 5.03708e+01 2.89507e+02 5.45976e+01 2.01319e+01 
1.47200e+03 5.04297e+01 2.89577e+02 5.46812e+01 2.01770e+01 
1.47600e+03 5.04883e+01 2.89647e+02 5.47647e+01 2.02219e+01 
1.48000e+03 5.05466e+01 2.89715e+02 5.48481e+01 2.02666e+01 
1.48400e+03 5.06045e+01 2.89783e+02 5.49312e+01 2.03111e+01 
1.48800e+03 5.06621e+01 2.89851e+02 5.50141e+01 2.03555e+01 
1.49200e+03 5.07194e+01 2.89917e+02 5.50969e+01 2.03996e+01 
1.49600e+03 5.07764e+01 2.89983e+02 5.51794e+01 2.04436e+01 
1.50000e+03 5.08330e+01 2.90048e+02 5.52618e+01 2.04874e+01 
1.50400e+03 5.08894e+01 2.90112e+02 5.53440e+01 2.05310e+01 
1.50800e+03 5.09455e+01 2.90176e+02 5.54260e+01 2.05744e+01 
1.51200e+03 5.10012e+01 2.90239e+02 5.55078e+01 2.06176e+01 
1.51600e+03 5.10567e+01 2.90301e+02 5.55894e+01 2.06607e+01 
1.52000e+03 5.11118e+01 2.90363e+02 5.56709e+01 2.07036e+01 
1.52400e+03 5.11667e+01 2.90423e+02 5.57521e+01 2.07463e+01 
1.52800e+03 5.12212e+01 2.90484e+02 5.58331e+01 2.07888e+01 
1.53200e+03 5.12755e+01 2.90543e+02 5.59140e+01 2.08311e+01 
1.53600e+03 5.13295e+01 2.90602e+02 5.59946e+01 2.08733e+01 
1.54000e+03 5.13832e+01 2.90660e+02 5.60750e+01 2.09153e+01 
1.54400e+03 5.14366e+01 2.90718e+02 5.61552e+01 2.09571e+01 
1.54800e+03 5.14897e+01 2.90775e+02 5.62352e+01 2.09988e+01 
1.55200e+03 5.15425e+01 2.90831e+02 5.63149e+01 2.10403e+01 
1.55600e+03 5.15951e+01 2.90887e+02 5.63945e+01 2.10816e+01 
1.56000e+03 5.16474e+01 2.90942e+02 5.64738e+01 2.11227e+01 
1.56400e+03 5.16994e+01 2.90996e+02 5.65529e+01 2.11637e+01 
1.56800e+03 5.17511e+01 2.91050e+02 5.66317e+01 2.12045e+01 
1.57200e+03 5.18026e+01 2.91103e+02 5.67103e+01 2.12452e+01 
1.57600e+03 5.18538e+01 2.91156e+02 5.67887e+01 2.12857e+01 
1.58000e+03 5.19048e+01 2.91208e+02 5.68668e+01 2.13260e+01 
1.58400e+03 5.19554e+01 2.91260e+02 5.69446e+01 2.13662e+01 
1.58800e+03 5.20058e+01 2.91311e+02 5.70222e+01 2.14062e+01 
1.59200e+03 5.20560e+01 2.91361e+02 5.70995e+01 2.14460e+01 
1.59600e+03 5.21059e+01 2.91411e+02 5.71766e+01 2.14857e+01 
1.60000e+03 5.21555e+01 2.91461e+02 5.72533e+01 2.15253e+01 
1.60400e+03 5.22049e+01 2.91510e+02 5.73298e+01 2.15646e+01 
1.60800e+03 5.22540e+01 2.91558e+02 5.74061e+01 2.16039e+01 
1.61200e+03 5.23028e+01 2.91606e+02 5.74820e+01 2.16429e+01 
1.61600e+03 5.23514e+01 2.91654e+02 5.75577e+01 2.16819e+01 
1.62000e+03 5.23998e+01 2.91701e+02 5.76331e+01 2.17206e+01 
1.62400e+03 5.24479e+01 2.91747e+02 5.77081e+01 2.17593e+01 
1.62800e+03 5.24958e+01 2.91793e+02 5.77829e+01 2.17978e+01 
1.63200e+03 5.25434e+01 2.91839e+02 5.78574e+01 2.18361e+01 
1.63600e+03 5.25907e+01 2.91884e+02 5.79317e+01 2.18743e+01 
1.64000e+03 5.26379e+01 2.91928e+02 5.80056e+01 2.19123e+01 
1.64400e+03 5.26847e+01 2.91972e+02 5.80792e+01 2.19502e+01 
1.64800e+03 5.27314e+01 2.92016e+02 5.81525e+01 2.19880e+01 
1.65200e+03 5.27778e+01 2.92060e+02 5.82255e+01 2.20256e+01 
1.65600e+03 5.28239e+01 2.92102e+02 5.82982e+01 2.20630e+01 
1.66000e+03 5.28698e+01 2.92145e+02 5.83706e+01 2.21004e+01 
1.66400e+03 5.29155e+01 2.92187e+02 5.84427e+01 2.21376e+01 
1.66800e+03 5.29610e+01 2.92229e+02 5.85145e+01 2.21746e+01 
1.67200e+03 5.30062e+01 2.92270e+02 5.85861e+01 2.22115e+01 
1.67600e+03 5.30512e+01 2.92311e+02 5.86573e+01 2.22483e+01 
1.68000e+03 5.30960e+01 2.92351e+02 5.87282e+01 2.22849e+01 
1.68400e+03 5.31405e+01 2.92391e+02 5.87988e+01 2.23214e+01 
1.68800e+03 5.31848e+01 2.92431e+02 5.88691e+01 2.23578e+01 
1.69200e+03 5.32289e+01 2.92470e+02 5.89391e+01 2.23940e+01 
1.69600e+03 5.32727e+01 2.92509e+02 5.90089e+01 2.24301e+01 
1.70000e+03 5.33164e+01 2.92548e+02 5.90783e+01 2.24661e+01 
