      0      0
     1.00000     1.00000
    100    100
      1
      0.2000      1.0000
         990         594         812        7564        8747        9737         470       24643       02755         202        8990    67607594    84614812    31717564    12658747    63219737      907470    82324643    54002755    57053202    50198990    67607594    84614812    31717564    12658747    63219737      907470    82324643    54002755    57053202    53106979    53106979
  10000
../../../simuladorRigido/exp/fields/perm_amostra_
../../MATLAB/out/aval1_1x1x1_100x100x1_l0.2x0.2x0.02_M10000.dat
../../MATLAB/out/avet1_1x1x1_100x100x1_l0.2x0.2x0.02_M10000.bin
../out/theta.dat
      2 0.000E+00
      0
     0.26100     0.28100     0.00000
     0.45100     0.52500     0.00000
     0.69100     0.79100     0.00000
     0.20500     0.67100     0.00000
     0.26100     0.98100     0.00000
     0.64100     0.93100     0.00000
     0.68500     0.45100     0.00000
     0.88500     0.50100     0.00000
