      0      0
   512.00000   512.00000    20.00000
    128    128      1
      1
     50.0000      1.0000
         990         594         812        7564        8747        9737         470         643          55         202        8990       07594        4812    31717564    12658747    63219737      907470    82324643    54002755    57053202    50198990    67607594    84614812    31717564    12658747    63219737      907470    82324643    54002755    57053202    53106979    53106979
  16384
../../../twophaseflow/exp/fields/perm_amostra_
../../MATLAB/out/aval1_512x512x20_128x128x1_l32x32x16_M16384.dat
../../MATLAB/out/avet1_512x512x20_128x128x1_l32x32x16_M16384.bin
../out/theta.dat
      2 0.300E+00
      0
     1.50000     1.50000     1.50000     0.75530
   509.50000     1.50000     1.50000     0.66980
   509.50000   509.50000    49.00000    -0.95390
   509.50000   509.50000     1.00000    -1.46220
