      0      0
   100.00000   100.00000  2000.00000
     50     50    200
      3
     20.0000      1.0000
      314421     7708375     8964568     3683751     5882600     3884686     7208594     4644588     2932081     3914286      505438     2359923
     50
   800.00000
  1420.00000
    100  2000.000
../../simul_comp/exp/fields/amostra_
../MATLAB/out/avet3_100x100x2000_50x50x200_l20x20x800_M50.dat
./out/theta.dat
      2 0.100E+00
      4
    15.50000    25.50000     0.50000     0.75530
    15.50000    75.50000     0.50000     0.66980
    85.50000    25.50000     0.50000    -0.95390
    85.50000    75.50000     0.50000    -1.46220
