0.00000e+00 0.00000e+00 0.00000e+00 0.00000e+00 0.00000e+00 
1.00000e+00 0.00000e+00 0.00000e+00 0.00000e+00 0.00000e+00 
2.00000e+00 0.00000e+00 0.00000e+00 0.00000e+00 0.00000e+00 
3.00000e+00 0.00000e+00 0.00000e+00 0.00000e+00 0.00000e+00 
4.00000e+00 0.00000e+00 0.00000e+00 0.00000e+00 0.00000e+00 
5.00000e+00 0.00000e+00 0.00000e+00 0.00000e+00 0.00000e+00 
6.00000e+00 0.00000e+00 0.00000e+00 0.00000e+00 0.00000e+00 
7.00000e+00 0.00000e+00 0.00000e+00 0.00000e+00 0.00000e+00 
8.00000e+00 0.00000e+00 0.00000e+00 0.00000e+00 0.00000e+00 
9.00000e+00 0.00000e+00 0.00000e+00 0.00000e+00 0.00000e+00 
1.00000e+01 0.00000e+00 0.00000e+00 0.00000e+00 0.00000e+00 
1.10000e+01 0.00000e+00 0.00000e+00 0.00000e+00 0.00000e+00 
1.20000e+01 0.00000e+00 0.00000e+00 0.00000e+00 0.00000e+00 
1.30000e+01 0.00000e+00 0.00000e+00 0.00000e+00 0.00000e+00 
1.40000e+01 0.00000e+00 0.00000e+00 0.00000e+00 0.00000e+00 
1.50000e+01 0.00000e+00 0.00000e+00 0.00000e+00 0.00000e+00 
1.60000e+01 0.00000e+00 0.00000e+00 0.00000e+00 0.00000e+00 
1.70000e+01 0.00000e+00 0.00000e+00 0.00000e+00 0.00000e+00 
1.80000e+01 0.00000e+00 0.00000e+00 0.00000e+00 0.00000e+00 
1.90000e+01 0.00000e+00 0.00000e+00 0.00000e+00 0.00000e+00 
2.00000e+01 0.00000e+00 0.00000e+00 0.00000e+00 0.00000e+00 
2.10000e+01 0.00000e+00 0.00000e+00 0.00000e+00 0.00000e+00 
2.20000e+01 0.00000e+00 0.00000e+00 0.00000e+00 0.00000e+00 
2.30000e+01 0.00000e+00 0.00000e+00 0.00000e+00 0.00000e+00 
2.40000e+01 0.00000e+00 0.00000e+00 0.00000e+00 0.00000e+00 
2.50000e+01 0.00000e+00 0.00000e+00 0.00000e+00 0.00000e+00 
2.60000e+01 0.00000e+00 0.00000e+00 0.00000e+00 0.00000e+00 
2.70000e+01 0.00000e+00 0.00000e+00 0.00000e+00 0.00000e+00 
2.80000e+01 0.00000e+00 0.00000e+00 0.00000e+00 0.00000e+00 
2.90000e+01 0.00000e+00 0.00000e+00 0.00000e+00 0.00000e+00 
3.00000e+01 0.00000e+00 0.00000e+00 0.00000e+00 0.00000e+00 
3.10000e+01 0.00000e+00 0.00000e+00 0.00000e+00 0.00000e+00 
3.20000e+01 0.00000e+00 0.00000e+00 0.00000e+00 0.00000e+00 
3.30000e+01 0.00000e+00 0.00000e+00 0.00000e+00 0.00000e+00 
3.40000e+01 0.00000e+00 0.00000e+00 0.00000e+00 0.00000e+00 
3.50000e+01 0.00000e+00 0.00000e+00 0.00000e+00 0.00000e+00 
3.60000e+01 0.00000e+00 0.00000e+00 0.00000e+00 0.00000e+00 
3.70000e+01 0.00000e+00 0.00000e+00 0.00000e+00 0.00000e+00 
3.80000e+01 0.00000e+00 0.00000e+00 0.00000e+00 0.00000e+00 
3.90000e+01 0.00000e+00 0.00000e+00 0.00000e+00 0.00000e+00 
4.00000e+01 0.00000e+00 0.00000e+00 0.00000e+00 0.00000e+00 
4.10000e+01 0.00000e+00 0.00000e+00 0.00000e+00 0.00000e+00 
4.20000e+01 0.00000e+00 0.00000e+00 0.00000e+00 0.00000e+00 
4.30000e+01 0.00000e+00 0.00000e+00 0.00000e+00 0.00000e+00 
4.40000e+01 0.00000e+00 0.00000e+00 0.00000e+00 0.00000e+00 
4.50000e+01 0.00000e+00 0.00000e+00 0.00000e+00 0.00000e+00 
4.60000e+01 0.00000e+00 0.00000e+00 0.00000e+00 0.00000e+00 
4.70000e+01 0.00000e+00 0.00000e+00 0.00000e+00 0.00000e+00 
4.80000e+01 0.00000e+00 0.00000e+00 0.00000e+00 0.00000e+00 
4.90000e+01 0.00000e+00 0.00000e+00 0.00000e+00 0.00000e+00 
5.00000e+01 0.00000e+00 0.00000e+00 0.00000e+00 0.00000e+00 
5.10000e+01 0.00000e+00 0.00000e+00 0.00000e+00 0.00000e+00 
5.20000e+01 0.00000e+00 0.00000e+00 0.00000e+00 0.00000e+00 
5.30000e+01 0.00000e+00 0.00000e+00 0.00000e+00 0.00000e+00 
5.40000e+01 0.00000e+00 0.00000e+00 0.00000e+00 0.00000e+00 
5.50000e+01 0.00000e+00 0.00000e+00 0.00000e+00 0.00000e+00 
5.60000e+01 0.00000e+00 0.00000e+00 0.00000e+00 0.00000e+00 
5.70000e+01 0.00000e+00 0.00000e+00 0.00000e+00 0.00000e+00 
5.80000e+01 0.00000e+00 0.00000e+00 0.00000e+00 0.00000e+00 
5.90000e+01 0.00000e+00 0.00000e+00 0.00000e+00 0.00000e+00 
6.00000e+01 0.00000e+00 0.00000e+00 0.00000e+00 0.00000e+00 
6.10000e+01 0.00000e+00 0.00000e+00 0.00000e+00 0.00000e+00 
6.20000e+01 0.00000e+00 0.00000e+00 0.00000e+00 0.00000e+00 
6.30000e+01 0.00000e+00 0.00000e+00 0.00000e+00 0.00000e+00 
6.40000e+01 0.00000e+00 0.00000e+00 0.00000e+00 0.00000e+00 
6.50000e+01 0.00000e+00 0.00000e+00 0.00000e+00 0.00000e+00 
6.60000e+01 0.00000e+00 0.00000e+00 0.00000e+00 0.00000e+00 
6.70000e+01 0.00000e+00 0.00000e+00 0.00000e+00 0.00000e+00 
6.80000e+01 0.00000e+00 0.00000e+00 0.00000e+00 0.00000e+00 
6.90000e+01 0.00000e+00 0.00000e+00 0.00000e+00 0.00000e+00 
7.00000e+01 0.00000e+00 0.00000e+00 0.00000e+00 0.00000e+00 
7.10000e+01 0.00000e+00 0.00000e+00 0.00000e+00 0.00000e+00 
7.20000e+01 0.00000e+00 0.00000e+00 0.00000e+00 0.00000e+00 
7.30000e+01 0.00000e+00 0.00000e+00 0.00000e+00 0.00000e+00 
7.40000e+01 0.00000e+00 0.00000e+00 0.00000e+00 0.00000e+00 
7.50000e+01 0.00000e+00 0.00000e+00 0.00000e+00 0.00000e+00 
7.60000e+01 0.00000e+00 0.00000e+00 0.00000e+00 0.00000e+00 
7.70000e+01 0.00000e+00 0.00000e+00 0.00000e+00 0.00000e+00 
7.80000e+01 0.00000e+00 0.00000e+00 0.00000e+00 0.00000e+00 
7.90000e+01 0.00000e+00 0.00000e+00 0.00000e+00 0.00000e+00 
8.00000e+01 0.00000e+00 0.00000e+00 0.00000e+00 0.00000e+00 
8.10000e+01 0.00000e+00 0.00000e+00 0.00000e+00 0.00000e+00 
8.20000e+01 0.00000e+00 0.00000e+00 0.00000e+00 0.00000e+00 
8.30000e+01 0.00000e+00 0.00000e+00 0.00000e+00 0.00000e+00 
8.40000e+01 0.00000e+00 0.00000e+00 0.00000e+00 0.00000e+00 
8.50000e+01 0.00000e+00 0.00000e+00 0.00000e+00 0.00000e+00 
8.60000e+01 0.00000e+00 0.00000e+00 0.00000e+00 0.00000e+00 
8.70000e+01 0.00000e+00 0.00000e+00 0.00000e+00 0.00000e+00 
8.80000e+01 0.00000e+00 0.00000e+00 0.00000e+00 0.00000e+00 
8.90000e+01 0.00000e+00 0.00000e+00 0.00000e+00 0.00000e+00 
9.00000e+01 0.00000e+00 0.00000e+00 0.00000e+00 0.00000e+00 
9.10000e+01 0.00000e+00 0.00000e+00 0.00000e+00 0.00000e+00 
9.20000e+01 0.00000e+00 0.00000e+00 0.00000e+00 0.00000e+00 
9.30000e+01 0.00000e+00 0.00000e+00 0.00000e+00 0.00000e+00 
9.40000e+01 0.00000e+00 0.00000e+00 0.00000e+00 0.00000e+00 
9.50000e+01 0.00000e+00 0.00000e+00 0.00000e+00 0.00000e+00 
9.60000e+01 0.00000e+00 0.00000e+00 0.00000e+00 0.00000e+00 
9.70000e+01 0.00000e+00 0.00000e+00 0.00000e+00 0.00000e+00 
9.80000e+01 0.00000e+00 0.00000e+00 0.00000e+00 0.00000e+00 
9.90000e+01 0.00000e+00 0.00000e+00 0.00000e+00 0.00000e+00 
1.00000e+02 0.00000e+00 0.00000e+00 0.00000e+00 0.00000e+00 
1.01000e+02 0.00000e+00 0.00000e+00 0.00000e+00 0.00000e+00 
1.02000e+02 0.00000e+00 0.00000e+00 0.00000e+00 0.00000e+00 
1.03000e+02 0.00000e+00 0.00000e+00 0.00000e+00 0.00000e+00 
1.04000e+02 0.00000e+00 0.00000e+00 0.00000e+00 0.00000e+00 
1.05000e+02 0.00000e+00 0.00000e+00 0.00000e+00 0.00000e+00 
1.06000e+02 0.00000e+00 0.00000e+00 0.00000e+00 0.00000e+00 
1.07000e+02 0.00000e+00 0.00000e+00 0.00000e+00 0.00000e+00 
1.08000e+02 0.00000e+00 0.00000e+00 0.00000e+00 0.00000e+00 
1.09000e+02 0.00000e+00 0.00000e+00 0.00000e+00 0.00000e+00 
1.10000e+02 0.00000e+00 0.00000e+00 0.00000e+00 0.00000e+00 
1.11000e+02 0.00000e+00 0.00000e+00 0.00000e+00 0.00000e+00 
1.12000e+02 0.00000e+00 0.00000e+00 0.00000e+00 0.00000e+00 
1.13000e+02 0.00000e+00 0.00000e+00 0.00000e+00 0.00000e+00 
1.14000e+02 0.00000e+00 0.00000e+00 0.00000e+00 0.00000e+00 
1.15000e+02 0.00000e+00 0.00000e+00 0.00000e+00 0.00000e+00 
1.16000e+02 0.00000e+00 0.00000e+00 0.00000e+00 0.00000e+00 
1.17000e+02 0.00000e+00 0.00000e+00 0.00000e+00 0.00000e+00 
1.18000e+02 0.00000e+00 0.00000e+00 0.00000e+00 0.00000e+00 
1.19000e+02 0.00000e+00 0.00000e+00 0.00000e+00 0.00000e+00 
1.20000e+02 0.00000e+00 0.00000e+00 0.00000e+00 0.00000e+00 
1.21000e+02 0.00000e+00 0.00000e+00 0.00000e+00 0.00000e+00 
1.22000e+02 0.00000e+00 0.00000e+00 0.00000e+00 0.00000e+00 
1.23000e+02 0.00000e+00 0.00000e+00 0.00000e+00 0.00000e+00 
1.24000e+02 0.00000e+00 0.00000e+00 0.00000e+00 0.00000e+00 
1.25000e+02 0.00000e+00 0.00000e+00 0.00000e+00 0.00000e+00 
1.26000e+02 0.00000e+00 0.00000e+00 0.00000e+00 0.00000e+00 
1.27000e+02 0.00000e+00 0.00000e+00 0.00000e+00 0.00000e+00 
1.28000e+02 0.00000e+00 0.00000e+00 0.00000e+00 0.00000e+00 
1.29000e+02 0.00000e+00 0.00000e+00 0.00000e+00 0.00000e+00 
1.30000e+02 0.00000e+00 0.00000e+00 0.00000e+00 0.00000e+00 
1.31000e+02 0.00000e+00 0.00000e+00 0.00000e+00 0.00000e+00 
1.32000e+02 0.00000e+00 0.00000e+00 0.00000e+00 0.00000e+00 
1.33000e+02 0.00000e+00 0.00000e+00 0.00000e+00 0.00000e+00 
1.34000e+02 0.00000e+00 0.00000e+00 0.00000e+00 0.00000e+00 
1.35000e+02 0.00000e+00 0.00000e+00 0.00000e+00 0.00000e+00 
1.36000e+02 0.00000e+00 0.00000e+00 0.00000e+00 0.00000e+00 
1.37000e+02 0.00000e+00 0.00000e+00 0.00000e+00 0.00000e+00 
1.38000e+02 0.00000e+00 0.00000e+00 0.00000e+00 0.00000e+00 
1.39000e+02 0.00000e+00 0.00000e+00 0.00000e+00 0.00000e+00 
1.40000e+02 0.00000e+00 0.00000e+00 0.00000e+00 0.00000e+00 
1.41000e+02 0.00000e+00 0.00000e+00 0.00000e+00 0.00000e+00 
1.42000e+02 0.00000e+00 0.00000e+00 0.00000e+00 0.00000e+00 
1.43000e+02 0.00000e+00 0.00000e+00 0.00000e+00 0.00000e+00 
1.44000e+02 0.00000e+00 0.00000e+00 0.00000e+00 0.00000e+00 
1.45000e+02 0.00000e+00 0.00000e+00 0.00000e+00 0.00000e+00 
1.46000e+02 0.00000e+00 0.00000e+00 0.00000e+00 0.00000e+00 
1.47000e+02 0.00000e+00 0.00000e+00 0.00000e+00 0.00000e+00 
1.48000e+02 0.00000e+00 0.00000e+00 0.00000e+00 0.00000e+00 
1.49000e+02 0.00000e+00 0.00000e+00 0.00000e+00 0.00000e+00 
1.50000e+02 0.00000e+00 2.28149e-283 0.00000e+00 0.00000e+00 
1.51000e+02 0.00000e+00 4.60159e-238 0.00000e+00 0.00000e+00 
1.52000e+02 0.00000e+00 7.84055e-200 0.00000e+00 0.00000e+00 
1.53000e+02 0.00000e+00 1.17055e-167 0.00000e+00 0.00000e+00 
1.54000e+02 0.00000e+00 1.17824e-140 0.00000e+00 0.00000e+00 
1.55000e+02 0.00000e+00 4.97600e-118 0.00000e+00 0.00000e+00 
1.56000e+02 0.00000e+00 4.48312e-99 0.00000e+00 0.00000e+00 
1.57000e+02 0.00000e+00 3.51320e-83 0.00000e+00 0.00000e+00 
1.58000e+02 0.00000e+00 7.80311e-70 0.00000e+00 0.00000e+00 
1.59000e+02 0.00000e+00 1.28879e-58 0.00000e+00 0.00000e+00 
1.60000e+02 0.00000e+00 3.44667e-49 0.00000e+00 0.00000e+00 
1.61000e+02 0.00000e+00 2.83575e-41 0.00000e+00 0.00000e+00 
1.62000e+02 0.00000e+00 3.73763e-34 0.00000e+00 0.00000e+00 
1.63000e+02 0.00000e+00 4.84643e-28 0.00000e+00 0.00000e+00 
1.64000e+02 0.00000e+00 4.05809e-23 0.00000e+00 0.00000e+00 
1.65000e+02 0.00000e+00 3.90472e-19 0.00000e+00 0.00000e+00 
1.66000e+02 0.00000e+00 6.92043e-16 0.00000e+00 0.00000e+00 
1.67000e+02 0.00000e+00 3.21481e-13 0.00000e+00 0.00000e+00 
1.68000e+02 0.00000e+00 5.19398e-11 0.00000e+00 0.00000e+00 
1.69000e+02 0.00000e+00 3.86106e-09 0.00000e+00 0.00000e+00 
1.70000e+02 0.00000e+00 1.38074e-07 0.00000e+00 0.00000e+00 
1.71000e+02 0.00000e+00 2.74269e-06 0.00000e+00 0.00000e+00 
1.72000e+02 0.00000e+00 3.05199e-05 0.00000e+00 0.00000e+00 
1.73000e+02 0.00000e+00 2.22357e-04 0.00000e+00 0.00000e+00 
1.74000e+02 0.00000e+00 1.25239e-03 0.00000e+00 0.00000e+00 
1.75000e+02 0.00000e+00 5.90096e-03 0.00000e+00 0.00000e+00 
1.76000e+02 0.00000e+00 1.93154e-02 0.00000e+00 0.00000e+00 
1.77000e+02 0.00000e+00 4.07653e-02 0.00000e+00 0.00000e+00 
1.78000e+02 0.00000e+00 6.24407e-02 0.00000e+00 0.00000e+00 
1.79000e+02 0.00000e+00 7.94744e-02 0.00000e+00 0.00000e+00 
1.80000e+02 0.00000e+00 9.20326e-02 0.00000e+00 0.00000e+00 
1.81000e+02 0.00000e+00 1.01549e-01 0.00000e+00 0.00000e+00 
1.82000e+02 0.00000e+00 1.09080e-01 0.00000e+00 0.00000e+00 
1.83000e+02 0.00000e+00 1.15265e-01 0.00000e+00 0.00000e+00 
1.84000e+02 0.00000e+00 1.20494e-01 0.00000e+00 0.00000e+00 
1.85000e+02 0.00000e+00 1.25021e-01 0.00000e+00 0.00000e+00 
1.86000e+02 0.00000e+00 1.29012e-01 0.00000e+00 0.00000e+00 
1.87000e+02 0.00000e+00 1.32585e-01 0.00000e+00 0.00000e+00 
1.88000e+02 0.00000e+00 1.35822e-01 0.00000e+00 0.00000e+00 
1.89000e+02 0.00000e+00 1.38786e-01 0.00000e+00 0.00000e+00 
1.90000e+02 0.00000e+00 1.41524e-01 0.00000e+00 0.00000e+00 
1.91000e+02 0.00000e+00 1.44075e-01 0.00000e+00 0.00000e+00 
1.92000e+02 0.00000e+00 1.46466e-01 0.00000e+00 0.00000e+00 
1.93000e+02 0.00000e+00 1.48723e-01 0.00000e+00 0.00000e+00 
1.94000e+02 0.00000e+00 1.50864e-01 0.00000e+00 0.00000e+00 
1.95000e+02 0.00000e+00 1.52906e-01 0.00000e+00 0.00000e+00 
1.96000e+02 0.00000e+00 1.54863e-01 0.00000e+00 0.00000e+00 
1.97000e+02 0.00000e+00 1.56745e-01 0.00000e+00 0.00000e+00 
1.98000e+02 0.00000e+00 1.58563e-01 0.00000e+00 0.00000e+00 
1.99000e+02 0.00000e+00 1.60323e-01 0.00000e+00 0.00000e+00 
2.00000e+02 0.00000e+00 1.62033e-01 0.00000e+00 0.00000e+00 
2.01000e+02 0.00000e+00 1.63698e-01 0.00000e+00 0.00000e+00 
2.02000e+02 0.00000e+00 1.65323e-01 0.00000e+00 0.00000e+00 
2.03000e+02 0.00000e+00 1.66909e-01 0.00000e+00 0.00000e+00 
2.04000e+02 0.00000e+00 1.68461e-01 0.00000e+00 0.00000e+00 
2.05000e+02 0.00000e+00 1.69982e-01 0.00000e+00 0.00000e+00 
2.06000e+02 0.00000e+00 1.71472e-01 0.00000e+00 0.00000e+00 
2.07000e+02 0.00000e+00 1.72934e-01 0.00000e+00 0.00000e+00 
2.08000e+02 1.95847e-272 1.74370e-01 0.00000e+00 0.00000e+00 
2.09000e+02 3.50058e-228 1.75781e-01 0.00000e+00 0.00000e+00 
2.10000e+02 8.24633e-191 1.77167e-01 0.00000e+00 0.00000e+00 
2.11000e+02 2.20863e-159 1.78531e-01 0.00000e+00 0.00000e+00 
2.12000e+02 4.67273e-133 1.79873e-01 0.00000e+00 0.00000e+00 
2.13000e+02 4.61683e-111 1.81194e-01 0.00000e+00 0.00000e+00 
2.14000e+02 1.05888e-92 1.82494e-01 0.00000e+00 0.00000e+00 
2.15000e+02 2.27866e-77 1.83775e-01 0.00000e+00 0.00000e+00 
2.16000e+02 1.50007e-64 1.85037e-01 0.00000e+00 0.00000e+00 
2.17000e+02 8.09490e-54 1.86280e-01 0.00000e+00 0.00000e+00 
2.18000e+02 8.11230e-45 1.87505e-01 0.00000e+00 0.00000e+00 
2.19000e+02 2.97214e-37 1.88713e-01 0.00000e+00 0.00000e+00 
2.20000e+02 6.95490e-31 1.89904e-01 0.00000e+00 0.00000e+00 
2.21000e+02 1.63265e-25 1.91079e-01 0.00000e+00 0.00000e+00 
2.22000e+02 5.49669e-21 1.92238e-01 0.00000e+00 0.00000e+00 
2.23000e+02 3.52251e-17 1.93382e-01 0.00000e+00 0.00000e+00 
2.24000e+02 5.42512e-14 1.94511e-01 0.00000e+00 0.00000e+00 
2.25000e+02 2.45380e-11 1.95626e-01 0.00000e+00 0.00000e+00 
2.26000e+02 3.87831e-09 1.96728e-01 0.00000e+00 0.00000e+00 
2.27000e+02 2.48087e-07 1.97816e-01 0.00000e+00 0.00000e+00 
2.28000e+02 7.25229e-06 1.98892e-01 0.00000e+00 0.00000e+00 
2.29000e+02 1.07361e-04 1.99955e-01 0.00000e+00 0.00000e+00 
2.30000e+02 8.82623e-04 2.01006e-01 0.00000e+00 0.00000e+00 
2.31000e+02 4.36624e-03 2.02047e-01 0.00000e+00 0.00000e+00 
2.32000e+02 1.37436e-02 2.03076e-01 0.00000e+00 0.00000e+00 
2.33000e+02 2.87181e-02 2.04094e-01 0.00000e+00 0.00000e+00 
2.34000e+02 4.33743e-02 2.05103e-01 0.00000e+00 0.00000e+00 
2.35000e+02 5.39685e-02 2.06101e-01 0.00000e+00 0.00000e+00 
2.36000e+02 6.12469e-02 2.07089e-01 0.00000e+00 0.00000e+00 
2.37000e+02 6.66512e-02 2.08068e-01 0.00000e+00 0.00000e+00 
2.38000e+02 7.10098e-02 2.09037e-01 0.00000e+00 0.00000e+00 
2.39000e+02 7.47257e-02 2.09997e-01 0.00000e+00 0.00000e+00 
2.40000e+02 7.80033e-02 2.10948e-01 0.00000e+00 0.00000e+00 
2.41000e+02 8.09568e-02 2.11890e-01 0.00000e+00 0.00000e+00 
2.42000e+02 8.36560e-02 2.12824e-01 0.00000e+00 0.00000e+00 
2.43000e+02 8.61481e-02 2.13749e-01 0.00000e+00 0.00000e+00 
2.44000e+02 8.84671e-02 2.14667e-01 0.00000e+00 0.00000e+00 
2.45000e+02 9.06397e-02 2.15576e-01 0.00000e+00 0.00000e+00 
2.46000e+02 9.26872e-02 2.16478e-01 0.00000e+00 0.00000e+00 
2.47000e+02 9.46276e-02 2.17372e-01 0.00000e+00 0.00000e+00 
2.48000e+02 9.64760e-02 2.18259e-01 0.00000e+00 0.00000e+00 
2.49000e+02 9.82454e-02 2.19139e-01 0.00000e+00 0.00000e+00 
2.50000e+02 9.99467e-02 2.20013e-01 0.00000e+00 0.00000e+00 
2.51000e+02 1.01589e-01 2.20879e-01 0.00000e+00 0.00000e+00 
2.52000e+02 1.03181e-01 2.21738e-01 0.00000e+00 0.00000e+00 
2.53000e+02 1.04728e-01 2.22592e-01 0.00000e+00 0.00000e+00 
2.54000e+02 1.06235e-01 2.23438e-01 0.00000e+00 0.00000e+00 
2.55000e+02 1.07708e-01 2.24279e-01 0.00000e+00 0.00000e+00 
2.56000e+02 1.09148e-01 2.25113e-01 0.00000e+00 0.00000e+00 
2.57000e+02 1.10559e-01 2.25941e-01 0.00000e+00 0.00000e+00 
2.58000e+02 1.11943e-01 2.26764e-01 0.00000e+00 0.00000e+00 
2.59000e+02 1.13301e-01 2.27580e-01 0.00000e+00 0.00000e+00 
2.60000e+02 1.14635e-01 2.28391e-01 0.00000e+00 0.00000e+00 
2.61000e+02 1.15947e-01 2.29196e-01 0.00000e+00 0.00000e+00 
2.62000e+02 1.17237e-01 2.29995e-01 0.00000e+00 0.00000e+00 
2.63000e+02 1.18506e-01 2.30789e-01 0.00000e+00 0.00000e+00 
2.64000e+02 1.19755e-01 2.31578e-01 0.00000e+00 0.00000e+00 
2.65000e+02 1.20985e-01 2.32362e-01 0.00000e+00 0.00000e+00 
2.66000e+02 1.22196e-01 2.33140e-01 0.00000e+00 0.00000e+00 
2.67000e+02 1.23390e-01 2.33913e-01 0.00000e+00 0.00000e+00 
2.68000e+02 1.24566e-01 2.34681e-01 0.00000e+00 0.00000e+00 
2.69000e+02 1.25726e-01 2.35444e-01 0.00000e+00 0.00000e+00 
2.70000e+02 1.26869e-01 2.36202e-01 0.00000e+00 0.00000e+00 
2.71000e+02 1.27997e-01 2.36956e-01 0.00000e+00 0.00000e+00 
2.72000e+02 1.29110e-01 2.37704e-01 0.00000e+00 0.00000e+00 
2.73000e+02 1.30209e-01 2.38449e-01 0.00000e+00 0.00000e+00 
2.74000e+02 1.31293e-01 2.39188e-01 0.00000e+00 0.00000e+00 
2.75000e+02 1.32363e-01 2.39923e-01 0.00000e+00 0.00000e+00 
2.76000e+02 1.33421e-01 2.40654e-01 0.00000e+00 0.00000e+00 
2.77000e+02 1.34464e-01 2.41380e-01 0.00000e+00 0.00000e+00 
2.78000e+02 1.35495e-01 2.42102e-01 0.00000e+00 0.00000e+00 
2.79000e+02 1.36514e-01 2.42820e-01 0.00000e+00 0.00000e+00 
2.80000e+02 1.37520e-01 2.43534e-01 0.00000e+00 0.00000e+00 
2.81000e+02 1.38514e-01 2.44243e-01 0.00000e+00 0.00000e+00 
2.82000e+02 1.39497e-01 2.44949e-01 0.00000e+00 0.00000e+00 
2.83000e+02 1.40468e-01 2.45651e-01 0.00000e+00 0.00000e+00 
2.84000e+02 1.41427e-01 2.46348e-01 0.00000e+00 0.00000e+00 
2.85000e+02 1.42376e-01 2.47042e-01 0.00000e+00 0.00000e+00 
2.86000e+02 1.43314e-01 2.47732e-01 0.00000e+00 0.00000e+00 
2.87000e+02 1.44241e-01 2.48418e-01 0.00000e+00 0.00000e+00 
2.88000e+02 1.45157e-01 2.49101e-01 0.00000e+00 0.00000e+00 
2.89000e+02 1.46064e-01 2.49780e-01 0.00000e+00 0.00000e+00 
2.90000e+02 1.46961e-01 2.50455e-01 0.00000e+00 0.00000e+00 
2.91000e+02 1.47848e-01 2.51127e-01 0.00000e+00 0.00000e+00 
2.92000e+02 1.48725e-01 2.51795e-01 0.00000e+00 0.00000e+00 
2.93000e+02 1.49593e-01 2.52460e-01 0.00000e+00 0.00000e+00 
2.94000e+02 1.50452e-01 2.53121e-01 0.00000e+00 0.00000e+00 
2.95000e+02 1.51303e-01 2.53779e-01 0.00000e+00 0.00000e+00 
2.96000e+02 1.52144e-01 2.54434e-01 0.00000e+00 0.00000e+00 
2.97000e+02 1.52978e-01 2.55085e-01 0.00000e+00 0.00000e+00 
2.98000e+02 1.53803e-01 2.55734e-01 0.00000e+00 0.00000e+00 
2.99000e+02 1.54620e-01 2.56379e-01 0.00000e+00 0.00000e+00 
3.00000e+02 1.55430e-01 2.57021e-01 0.00000e+00 0.00000e+00 
3.01000e+02 1.56232e-01 2.57659e-01 0.00000e+00 0.00000e+00 
3.02000e+02 1.57027e-01 2.58295e-01 0.00000e+00 0.00000e+00 
3.03000e+02 1.57815e-01 2.58928e-01 0.00000e+00 0.00000e+00 
3.04000e+02 1.58596e-01 2.59558e-01 0.00000e+00 0.00000e+00 
3.05000e+02 1.59370e-01 2.60185e-01 0.00000e+00 0.00000e+00 
3.06000e+02 1.60137e-01 2.60809e-01 0.00000e+00 0.00000e+00 
3.07000e+02 1.60898e-01 2.61430e-01 0.00000e+00 0.00000e+00 
3.08000e+02 1.61652e-01 2.62048e-01 0.00000e+00 0.00000e+00 
3.09000e+02 1.62401e-01 2.62664e-01 0.00000e+00 0.00000e+00 
3.10000e+02 1.63143e-01 2.63277e-01 0.00000e+00 0.00000e+00 
3.11000e+02 1.63879e-01 2.63887e-01 0.00000e+00 0.00000e+00 
3.12000e+02 1.64610e-01 2.64495e-01 0.00000e+00 0.00000e+00 
3.13000e+02 1.65335e-01 2.65100e-01 0.00000e+00 0.00000e+00 
3.14000e+02 1.66054e-01 2.65703e-01 0.00000e+00 0.00000e+00 
3.15000e+02 1.66768e-01 2.66303e-01 0.00000e+00 0.00000e+00 
3.16000e+02 1.67476e-01 2.66900e-01 0.00000e+00 0.00000e+00 
3.17000e+02 1.68179e-01 2.67495e-01 0.00000e+00 0.00000e+00 
3.18000e+02 1.68877e-01 2.68088e-01 0.00000e+00 0.00000e+00 
3.19000e+02 1.69569e-01 2.68679e-01 0.00000e+00 0.00000e+00 
3.20000e+02 1.70257e-01 2.69267e-01 0.00000e+00 0.00000e+00 
3.21000e+02 1.70939e-01 2.69853e-01 0.00000e+00 0.00000e+00 
3.22000e+02 1.71617e-01 2.70436e-01 0.00000e+00 0.00000e+00 
3.23000e+02 1.72290e-01 2.71018e-01 0.00000e+00 0.00000e+00 
3.24000e+02 1.72958e-01 2.71597e-01 0.00000e+00 0.00000e+00 
3.25000e+02 1.73622e-01 2.72174e-01 0.00000e+00 0.00000e+00 
3.26000e+02 1.74281e-01 2.72749e-01 0.00000e+00 0.00000e+00 
3.27000e+02 1.74936e-01 2.73321e-01 0.00000e+00 0.00000e+00 
3.28000e+02 1.75586e-01 2.73892e-01 0.00000e+00 0.00000e+00 
3.29000e+02 1.76232e-01 2.74461e-01 0.00000e+00 0.00000e+00 
3.30000e+02 1.76874e-01 2.75028e-01 0.00000e+00 0.00000e+00 
3.31000e+02 1.77511e-01 2.75592e-01 0.00000e+00 0.00000e+00 
3.32000e+02 1.78144e-01 2.76155e-01 0.00000e+00 0.00000e+00 
3.33000e+02 1.78774e-01 2.76716e-01 0.00000e+00 0.00000e+00 
3.34000e+02 1.79399e-01 2.77275e-01 0.00000e+00 0.00000e+00 
3.35000e+02 1.80020e-01 2.77832e-01 0.00000e+00 0.00000e+00 
3.36000e+02 1.80637e-01 2.78387e-01 0.00000e+00 0.00000e+00 
3.37000e+02 1.81251e-01 2.78941e-01 0.00000e+00 0.00000e+00 
3.38000e+02 1.81860e-01 2.79492e-01 0.00000e+00 0.00000e+00 
3.39000e+02 1.82466e-01 2.80042e-01 0.00000e+00 0.00000e+00 
3.40000e+02 1.83068e-01 2.80590e-01 0.00000e+00 0.00000e+00 
3.41000e+02 1.83667e-01 2.81137e-01 0.00000e+00 0.00000e+00 
3.42000e+02 1.84261e-01 2.81682e-01 0.00000e+00 0.00000e+00 
3.43000e+02 1.84853e-01 2.82225e-01 0.00000e+00 0.00000e+00 
3.44000e+02 1.85440e-01 2.82766e-01 0.00000e+00 0.00000e+00 
3.45000e+02 1.86025e-01 2.83306e-01 0.00000e+00 0.00000e+00 
3.46000e+02 1.86605e-01 2.83844e-01 0.00000e+00 0.00000e+00 
3.47000e+02 1.87183e-01 2.84380e-01 0.00000e+00 0.00000e+00 
3.48000e+02 1.87757e-01 2.84915e-01 0.00000e+00 0.00000e+00 
3.49000e+02 1.88327e-01 2.85449e-01 0.00000e+00 0.00000e+00 
3.50000e+02 1.88894e-01 2.85981e-01 0.00000e+00 0.00000e+00 
3.51000e+02 1.89458e-01 2.86511e-01 0.00000e+00 0.00000e+00 
3.52000e+02 1.90019e-01 2.87040e-01 0.00000e+00 0.00000e+00 
3.53000e+02 1.90577e-01 2.87567e-01 0.00000e+00 0.00000e+00 
3.54000e+02 1.91131e-01 2.88093e-01 0.00000e+00 0.00000e+00 
3.55000e+02 1.91682e-01 2.88618e-01 0.00000e+00 0.00000e+00 
3.56000e+02 1.92230e-01 2.89141e-01 0.00000e+00 0.00000e+00 
3.57000e+02 1.92775e-01 2.89662e-01 0.00000e+00 0.00000e+00 
3.58000e+02 1.93317e-01 2.90183e-01 0.00000e+00 0.00000e+00 
3.59000e+02 1.93856e-01 2.90701e-01 0.00000e+00 0.00000e+00 
3.60000e+02 1.94392e-01 2.91219e-01 0.00000e+00 0.00000e+00 
3.61000e+02 1.94925e-01 2.91735e-01 0.00000e+00 0.00000e+00 
3.62000e+02 1.95455e-01 2.92250e-01 0.00000e+00 0.00000e+00 
3.63000e+02 1.95982e-01 2.92763e-01 0.00000e+00 0.00000e+00 
3.64000e+02 1.96506e-01 2.93275e-01 0.00000e+00 0.00000e+00 
3.65000e+02 1.97027e-01 2.93786e-01 0.00000e+00 0.00000e+00 
3.66000e+02 1.97546e-01 2.94296e-01 0.00000e+00 0.00000e+00 
3.67000e+02 1.98061e-01 2.94804e-01 0.00000e+00 0.00000e+00 
3.68000e+02 1.98574e-01 2.95311e-01 0.00000e+00 0.00000e+00 
3.69000e+02 1.99084e-01 2.95817e-01 0.00000e+00 0.00000e+00 
3.70000e+02 1.99592e-01 2.96321e-01 0.00000e+00 0.00000e+00 
3.71000e+02 2.00096e-01 2.96824e-01 0.00000e+00 0.00000e+00 
3.72000e+02 2.00598e-01 2.97326e-01 0.00000e+00 0.00000e+00 
3.73000e+02 2.01098e-01 2.97827e-01 0.00000e+00 0.00000e+00 
3.74000e+02 2.01595e-01 2.98326e-01 0.00000e+00 0.00000e+00 
3.75000e+02 2.02089e-01 2.98824e-01 0.00000e+00 0.00000e+00 
3.76000e+02 2.02581e-01 2.99321e-01 0.00000e+00 0.00000e+00 
3.77000e+02 2.03070e-01 2.99817e-01 0.00000e+00 0.00000e+00 
3.78000e+02 2.03556e-01 3.00311e-01 0.00000e+00 0.00000e+00 
3.79000e+02 2.04040e-01 3.00804e-01 0.00000e+00 0.00000e+00 
3.80000e+02 2.04522e-01 3.01296e-01 0.00000e+00 0.00000e+00 
3.81000e+02 2.05001e-01 3.01787e-01 0.00000e+00 0.00000e+00 
3.82000e+02 2.05478e-01 3.02277e-01 0.00000e+00 0.00000e+00 
3.83000e+02 2.05953e-01 3.02766e-01 0.00000e+00 0.00000e+00 
3.84000e+02 2.06425e-01 3.03253e-01 0.00000e+00 0.00000e+00 
3.85000e+02 2.06895e-01 3.03739e-01 0.00000e+00 0.00000e+00 
3.86000e+02 2.07362e-01 3.04224e-01 0.00000e+00 0.00000e+00 
3.87000e+02 2.07828e-01 3.04708e-01 0.00000e+00 0.00000e+00 
3.88000e+02 2.08291e-01 3.05191e-01 0.00000e+00 0.00000e+00 
3.89000e+02 2.08752e-01 3.05673e-01 0.00000e+00 0.00000e+00 
3.90000e+02 2.09210e-01 3.06153e-01 0.00000e+00 0.00000e+00 
3.91000e+02 2.09667e-01 3.06632e-01 0.00000e+00 0.00000e+00 
3.92000e+02 2.10121e-01 3.07111e-01 0.00000e+00 0.00000e+00 
3.93000e+02 2.10574e-01 3.07588e-01 0.00000e+00 0.00000e+00 
3.94000e+02 2.11024e-01 3.08064e-01 0.00000e+00 0.00000e+00 
3.95000e+02 2.11472e-01 3.08539e-01 0.00000e+00 0.00000e+00 
3.96000e+02 2.11918e-01 3.09013e-01 0.00000e+00 0.00000e+00 
3.97000e+02 2.12362e-01 3.09486e-01 0.00000e+00 0.00000e+00 
3.98000e+02 2.12804e-01 3.09957e-01 0.00000e+00 0.00000e+00 
3.99000e+02 2.13244e-01 3.10428e-01 0.00000e+00 0.00000e+00 
4.00000e+02 2.13682e-01 3.10897e-01 0.00000e+00 0.00000e+00 
