0.00000e+00 0.00000e+00 0.00000e+00 0.00000e+00 0.00000e+00 
2.00000e+00 0.00000e+00 0.00000e+00 0.00000e+00 0.00000e+00 
4.00000e+00 0.00000e+00 0.00000e+00 0.00000e+00 0.00000e+00 
6.00000e+00 0.00000e+00 0.00000e+00 0.00000e+00 0.00000e+00 
8.00000e+00 0.00000e+00 0.00000e+00 0.00000e+00 0.00000e+00 
1.00000e+01 0.00000e+00 0.00000e+00 0.00000e+00 0.00000e+00 
1.20000e+01 0.00000e+00 0.00000e+00 0.00000e+00 0.00000e+00 
1.40000e+01 0.00000e+00 0.00000e+00 0.00000e+00 0.00000e+00 
1.60000e+01 0.00000e+00 0.00000e+00 0.00000e+00 0.00000e+00 
1.80000e+01 0.00000e+00 0.00000e+00 0.00000e+00 0.00000e+00 
2.00000e+01 0.00000e+00 0.00000e+00 0.00000e+00 0.00000e+00 
2.20000e+01 0.00000e+00 0.00000e+00 0.00000e+00 0.00000e+00 
2.40000e+01 0.00000e+00 0.00000e+00 0.00000e+00 0.00000e+00 
2.60000e+01 0.00000e+00 0.00000e+00 0.00000e+00 0.00000e+00 
2.80000e+01 0.00000e+00 0.00000e+00 0.00000e+00 0.00000e+00 
3.00000e+01 0.00000e+00 0.00000e+00 0.00000e+00 0.00000e+00 
3.20000e+01 0.00000e+00 0.00000e+00 0.00000e+00 0.00000e+00 
3.40000e+01 0.00000e+00 0.00000e+00 0.00000e+00 0.00000e+00 
3.60000e+01 0.00000e+00 0.00000e+00 0.00000e+00 0.00000e+00 
3.80000e+01 0.00000e+00 0.00000e+00 0.00000e+00 0.00000e+00 
4.00000e+01 0.00000e+00 0.00000e+00 0.00000e+00 0.00000e+00 
4.20000e+01 0.00000e+00 0.00000e+00 0.00000e+00 0.00000e+00 
4.40000e+01 0.00000e+00 0.00000e+00 0.00000e+00 0.00000e+00 
4.60000e+01 0.00000e+00 0.00000e+00 0.00000e+00 0.00000e+00 
4.80000e+01 0.00000e+00 0.00000e+00 0.00000e+00 0.00000e+00 
5.00000e+01 0.00000e+00 0.00000e+00 0.00000e+00 0.00000e+00 
5.20000e+01 0.00000e+00 0.00000e+00 0.00000e+00 0.00000e+00 
5.40000e+01 0.00000e+00 0.00000e+00 0.00000e+00 0.00000e+00 
5.60000e+01 0.00000e+00 0.00000e+00 0.00000e+00 0.00000e+00 
5.80000e+01 0.00000e+00 0.00000e+00 0.00000e+00 0.00000e+00 
6.00000e+01 0.00000e+00 0.00000e+00 0.00000e+00 0.00000e+00 
6.20000e+01 0.00000e+00 0.00000e+00 0.00000e+00 0.00000e+00 
6.40000e+01 0.00000e+00 0.00000e+00 0.00000e+00 0.00000e+00 
6.60000e+01 0.00000e+00 0.00000e+00 0.00000e+00 0.00000e+00 
6.80000e+01 0.00000e+00 0.00000e+00 0.00000e+00 0.00000e+00 
7.00000e+01 0.00000e+00 0.00000e+00 0.00000e+00 0.00000e+00 
7.20000e+01 0.00000e+00 0.00000e+00 0.00000e+00 0.00000e+00 
7.40000e+01 0.00000e+00 0.00000e+00 0.00000e+00 0.00000e+00 
7.60000e+01 0.00000e+00 0.00000e+00 0.00000e+00 0.00000e+00 
7.80000e+01 0.00000e+00 0.00000e+00 0.00000e+00 0.00000e+00 
8.00000e+01 0.00000e+00 0.00000e+00 0.00000e+00 0.00000e+00 
8.20000e+01 0.00000e+00 0.00000e+00 0.00000e+00 0.00000e+00 
8.40000e+01 0.00000e+00 0.00000e+00 0.00000e+00 0.00000e+00 
8.60000e+01 0.00000e+00 0.00000e+00 0.00000e+00 0.00000e+00 
8.80000e+01 0.00000e+00 0.00000e+00 0.00000e+00 0.00000e+00 
9.00000e+01 0.00000e+00 0.00000e+00 0.00000e+00 0.00000e+00 
9.20000e+01 0.00000e+00 0.00000e+00 0.00000e+00 0.00000e+00 
9.40000e+01 0.00000e+00 0.00000e+00 0.00000e+00 0.00000e+00 
9.60000e+01 0.00000e+00 0.00000e+00 0.00000e+00 0.00000e+00 
9.80000e+01 0.00000e+00 0.00000e+00 0.00000e+00 0.00000e+00 
1.00000e+02 0.00000e+00 0.00000e+00 0.00000e+00 0.00000e+00 
1.02000e+02 0.00000e+00 0.00000e+00 0.00000e+00 0.00000e+00 
1.04000e+02 0.00000e+00 0.00000e+00 1.62557e-212 0.00000e+00 
1.06000e+02 0.00000e+00 0.00000e+00 1.84545e-83 0.00000e+00 
1.08000e+02 0.00000e+00 1.13975e-278 4.56120e-31 0.00000e+00 
1.10000e+02 0.00000e+00 8.80891e-139 5.31299e-11 0.00000e+00 
1.12000e+02 0.00000e+00 1.53901e-73 3.00420e-04 0.00000e+00 
1.14000e+02 0.00000e+00 1.66886e-34 3.21075e-02 0.00000e+00 
1.16000e+02 0.00000e+00 1.51607e-16 6.14130e-02 0.00000e+00 
1.18000e+02 0.00000e+00 4.20743e-08 7.85084e-02 0.00000e+00 
1.20000e+02 0.00000e+00 2.22219e-04 9.13792e-02 0.00000e+00 
1.22000e+02 0.00000e+00 1.11649e-02 1.00476e-01 0.00000e+00 
1.24000e+02 0.00000e+00 5.08623e-02 1.07927e-01 0.00000e+00 
1.26000e+02 0.00000e+00 7.15080e-02 1.14193e-01 0.00000e+00 
1.28000e+02 0.00000e+00 8.32260e-02 1.19581e-01 0.00000e+00 
1.30000e+02 0.00000e+00 9.16238e-02 1.24426e-01 0.00000e+00 
1.32000e+02 0.00000e+00 9.85173e-02 1.28912e-01 0.00000e+00 
1.34000e+02 0.00000e+00 1.04534e-01 1.33138e-01 0.00000e+00 
1.36000e+02 0.00000e+00 1.09923e-01 1.37180e-01 0.00000e+00 
1.38000e+02 0.00000e+00 1.14837e-01 1.41112e-01 0.00000e+00 
1.40000e+02 0.00000e+00 1.19392e-01 1.45004e-01 0.00000e+00 
1.42000e+02 0.00000e+00 1.23670e-01 1.48913e-01 0.00000e+00 
1.44000e+02 0.00000e+00 1.27729e-01 1.52879e-01 0.00000e+00 
1.46000e+02 0.00000e+00 1.31611e-01 1.56880e-01 0.00000e+00 
1.48000e+02 0.00000e+00 1.35345e-01 1.60816e-01 0.00000e+00 
1.50000e+02 0.00000e+00 1.38951e-01 1.64591e-01 0.00000e+00 
