1.000000
1.000000
100
100
1
0.500000
2
2
0
0.464748 0.785997 1.154836 0.834431 0.700251 0.474144 0.852645 0.793476 0.572064 0.542021 0.606295 0.812656 0.028232 0.051459 0.095550 -0.236813 -0.341276 -0.034184 0.115814 0.036139 0.482879 -0.197722 -0.530401 -1.026480 -0.799526 -0.327026 -1.008026 -1.072516 -1.598506 -1.281050 -1.250688 -1.282382 -1.873195 -1.786198 -1.805304 -1.390291 -1.703639 -1.756282 -1.332603 -1.145661 -0.740704 -1.254173 -1.098667 -1.298692 -1.558597 -1.164000 -0.951905 -1.248927 -0.781911 -1.040828 -1.189440 -1.473315 -1.865656 -1.872672 -1.184474 -1.252644 -0.867269 -0.794759 -0.552808 0.036269 -0.054730 0.004295 0.425078 -0.234516 -0.393339 -0.629727 -0.754368 -0.680599 -1.308242 -0.769174 -1.442633 -1.662068 -1.705349 -1.678995 -1.383175 -0.833537 -0.920801 -0.996930 -0.926589 -0.978663 -1.211089 -1.386188 -1.247297 -1.071338 -1.814185 -1.432554 -1.572555 -1.606852 -1.317026 -1.485654 -1.298899 -1.254775 -0.694109 -0.581648 -0.253569 -0.023530 0.447689 0.600685 0.579289 0.205880 
192837465
1
0.390232 0.386848 0.748815 0.694279 0.670112 0.474168 0.056827 0.310704 0.202762 0.663856 0.657330 0.542221 0.045887 0.259096 0.310923 -0.212680 -0.049671 0.030281 0.002237 -0.091379 0.051564 -0.387093 -0.827878 -0.487614 -0.983985 -0.578334 -0.588915 -0.767286 -1.117041 -0.851703 -0.951908 -1.054460 -0.928074 -1.312625 -1.357337 -1.287409 -1.169778 -1.317734 -1.207620 -1.571214 -1.198692 -1.513097 -1.571474 -1.337066 -1.482871 -1.123454 -0.719473 -0.901083 -0.666447 -0.937191 -0.608360 -0.971095 -1.590204 -1.451603 -1.307574 -1.239972 -0.968081 -0.829966 -0.445383 0.411275 0.442625 0.697889 0.751859 0.099276 -0.256127 -0.560153 -0.215632 -0.653189 -0.576160 -1.149150 -1.122001 -1.357685 -1.499632 -1.454808 -1.311682 -1.352885 -1.234643 -1.123468 -1.157159 -1.180124 -0.914801 -0.600370 -1.331997 -1.696776 -1.636132 -1.296415 -1.483649 -1.350979 -1.311637 -1.322314 -1.026232 -0.802271 -0.730670 -0.683075 -0.240989 0.392778 0.924757 0.963174 0.857969 0.315053 
192837465
2
0.214417 0.357617 0.226517 0.437017 0.565828 0.393734 0.430674 0.501961 -0.030419 0.375557 0.656925 0.932963 0.254090 0.295273 0.356414 -0.174876 -0.139383 0.095889 0.157892 0.173663 0.010900 -0.532258 -0.672481 -0.310981 -0.585348 -0.222922 -0.639419 -0.796430 -0.774538 -0.363115 -0.183614 -0.610203 -0.792798 -1.305818 -1.132557 -1.190453 -1.050884 -0.649219 -1.260720 -1.372251 -1.078948 -1.274727 -1.656731 -1.576681 -1.207841 -0.950688 -0.928618 -0.818267 -1.338921 -1.253392 -0.595634 -0.858471 -1.172639 -1.668259 -1.178252 -1.036042 -0.789607 -0.714466 -0.515561 -0.230804 0.416786 0.658997 0.524792 0.527518 0.467331 0.378557 0.256298 -0.151436 -0.491790 -0.964255 -1.145765 -1.512794 -1.228366 -1.663672 -1.241209 -1.143475 -1.160263 -1.254088 -1.195345 -1.214864 -0.833728 -0.776412 -1.153329 -1.303726 -1.534417 -1.332947 -1.276258 -1.049399 -1.044967 -0.983229 -0.709485 -0.700905 -0.862851 -0.578959 -0.101748 0.267733 0.796483 0.969601 0.942993 0.716603 
192837465
3
-0.317809 -0.097579 0.353427 0.133388 0.329108 0.302999 0.551418 0.500754 0.601049 0.708856 0.573617 0.476924 0.340847 0.456871 0.465491 0.093484 -0.149729 0.774583 0.288210 0.632893 0.421881 0.039164 -0.490687 -0.189139 0.016726 -0.517014 -0.392905 -0.383656 -0.225702 -0.114176 -0.239696 -0.371278 -0.720097 -1.115078 -0.681628 -1.304403 -1.549804 -1.261940 -1.324536 -1.243121 -1.240787 -1.418832 -1.756689 -1.672102 -1.344673 -1.279293 -1.343285 -1.649712 -1.393188 -1.782506 -1.027936 -0.780816 -0.871529 -0.821800 -0.615287 -0.780839 -0.813745 -0.963920 -0.393776 -0.070985 0.795281 0.594950 0.445248 0.636701 1.048859 0.983722 0.874711 0.376840 -0.513623 -0.664980 -0.595041 -0.901227 -0.914524 -1.442181 -1.285567 -1.176137 -1.165471 -1.073735 -1.615481 -1.252965 -0.878040 -1.289718 -0.916048 -0.977331 -1.499408 -1.656033 -1.160660 -1.148303 -0.790327 -0.943257 -0.436440 -0.584110 -0.199126 -0.441088 0.071397 0.208577 0.629006 0.987242 1.225680 1.262935 
192837465
4
0.015502 0.186721 0.307425 0.818965 1.010085 0.990595 0.904885 0.968732 0.841314 0.747861 0.898569 0.670068 0.391528 0.507437 -0.056711 0.123029 0.541179 0.405283 0.569922 0.806461 -0.137711 -0.243394 -0.325651 0.607235 0.415020 -0.121117 -0.541931 -0.726136 -0.414341 -0.435083 -0.391556 -0.041686 -0.663283 -0.659794 -0.677886 -0.849243 -0.983001 -1.515230 -1.602801 -1.369367 -1.117673 -1.427916 -1.521006 -1.404809 -1.560053 -1.136214 -1.652293 -1.659450 -1.715118 -1.982226 -1.065769 -0.423581 -0.254819 -0.461031 -0.294893 -0.461057 -0.780581 -0.483526 -0.436554 -0.005893 0.875058 1.158193 0.613198 0.789170 1.119807 1.462651 1.210531 0.555284 -0.082383 -0.163743 -0.570542 -0.502945 -0.905320 -0.899753 -1.099461 -1.269380 -0.920766 -1.437043 -1.301835 -1.131107 -1.389109 -1.197128 -1.163787 -0.815981 -1.283146 -1.669935 -1.103339 -0.839250 -0.843823 -0.510053 -0.401892 -0.214166 0.044452 -0.420441 -0.365394 -0.308297 0.327256 0.703204 1.559419 0.638259 
192837465
5
-0.070376 0.464920 0.645541 1.140645 0.822615 0.909385 1.291793 0.932216 1.027697 1.074560 0.984672 0.301156 0.325785 0.348483 0.090441 0.259751 0.434334 0.404976 0.822452 0.633161 -0.029890 -0.022806 -0.003767 0.107383 0.040667 0.320983 -0.242696 -0.523627 -0.010419 -0.539278 -0.683378 -0.586987 -1.004148 -1.221955 -0.909819 -0.264802 -0.698549 -1.338801 -1.208207 -1.376560 -1.222888 -1.441833 -1.481787 -1.350591 -1.184211 -1.003942 -1.566255 -1.986854 -1.891608 -1.800739 -1.314522 -0.879432 -0.661064 -0.463353 -0.786002 -0.632115 -0.966036 -0.477661 -0.154743 0.384295 0.850865 1.170243 1.059161 1.074274 1.311411 1.349526 0.690932 0.765094 -0.198632 -0.414629 -0.344115 -0.225798 -0.417965 -1.190390 -1.244327 -1.155821 -1.112000 -1.177714 -1.418820 -1.550143 -1.129629 -1.349029 -0.888040 -1.026052 -1.088813 -1.207554 -0.860028 -0.610841 -0.703338 -0.312696 -0.704872 -0.232446 -0.190954 -0.403266 -0.345194 -0.094221 0.663124 0.738710 0.903786 0.445221 
192837465
6
0.296564 0.708969 0.918620 0.907556 0.899029 1.166401 1.300323 1.228381 1.056875 0.905636 0.734363 0.533396 0.568269 0.690713 0.492025 0.107815 0.525249 0.898697 1.039668 0.591646 0.299124 0.024782 -0.125404 0.192891 -0.053817 -0.377154 -0.121639 0.082703 0.122200 -0.583441 -0.362119 -0.598514 -0.736094 -0.973973 -0.698407 -0.462892 -1.102787 -1.407768 -1.741979 -1.524266 -1.131009 -1.061144 -1.587978 -1.139064 -0.909701 -1.398167 -2.195342 -2.266352 -1.786170 -1.584892 -1.441831 -1.264766 -0.474980 -0.897039 -1.105777 -0.819234 -0.633566 -0.221416 0.199028 0.416122 0.745727 0.499859 1.064556 0.922983 1.472852 1.469125 1.315004 0.734632 0.094054 -0.444045 -0.614197 -0.090519 -0.050784 -0.837229 -0.545461 -0.951728 -0.597964 -0.735702 -0.790598 -1.126601 -0.619473 -0.768269 -0.682476 -0.783182 -0.716857 -0.399256 -0.778549 -0.779679 -0.607816 -0.647244 -0.419346 -0.507875 -0.251572 0.049502 -0.030851 0.370897 0.742934 0.668048 0.917002 0.731421 
192837465
7
0.072648 0.522095 0.723669 0.883747 1.206693 1.425520 1.168041 1.543049 1.071604 0.439246 0.092005 0.357514 0.467741 0.348421 0.038411 0.078797 0.189491 0.734889 0.371666 0.587707 0.207410 -0.192009 -0.259908 0.012372 -0.353219 -0.548987 -0.199593 0.278401 -0.179829 -0.369236 -0.283107 -0.619362 -0.913107 -0.815985 -0.527215 -0.705538 -0.759521 -1.248912 -1.577382 -1.452190 -1.137920 -1.442810 -1.653979 -1.394728 -1.305481 -1.961288 -1.996942 -2.520532 -2.280717 -2.003204 -1.243876 -1.023785 -0.658198 -0.829827 -0.762316 -0.766523 -0.644714 -0.447361 0.004740 0.505198 0.182829 0.089867 0.915168 0.747670 1.352350 1.350444 1.326400 1.069148 0.454200 -0.226342 -0.483570 -0.138121 0.009478 -0.845005 -0.574495 -0.351940 -0.432496 -0.711133 -0.321656 -0.304087 -0.325800 -0.303688 0.030324 -0.521224 -0.152621 -0.247577 -0.211666 -0.209632 -0.278883 -0.402037 -0.863113 -0.804254 -0.679844 -0.661967 -0.156429 0.520970 0.208758 0.407164 0.302777 0.450709 
192837465
8
-0.247017 0.563162 1.093189 1.246125 0.865669 1.000774 1.071731 1.212347 0.976662 0.540996 0.307019 0.354134 0.366387 0.307016 0.027662 0.234015 0.384670 0.657374 0.525919 0.592526 -0.355826 -0.625319 -0.711902 -0.608570 -0.840959 -0.801077 -0.579157 -0.072644 0.147921 -0.276230 -0.750522 -1.205705 -0.881258 -0.767166 -0.187273 -0.095792 -0.573402 -0.754085 -1.016447 -1.149958 -1.276780 -1.264437 -1.755537 -1.896154 -1.722797 -1.579575 -2.386587 -2.457426 -1.572376 -1.385053 -1.199306 -1.252652 -0.859505 -0.958587 -0.484059 -0.571849 -0.329652 -0.087659 -0.041109 0.181828 0.184204 0.272153 0.482794 0.699568 0.635884 1.160707 1.144689 0.843596 0.364763 0.184542 -0.133775 -0.155884 -0.290894 -0.896836 -0.531263 -0.012488 0.221075 0.367812 0.295825 0.022782 -0.095318 0.172012 -0.131604 -0.186035 0.176554 -0.027761 -0.133714 -0.025537 -0.004520 -0.263940 -0.593668 -0.822259 -0.481179 -0.300796 -0.248690 0.121860 0.519617 0.720599 0.688928 0.556979 
192837465
9
0.123757 0.057916 0.349323 0.690853 0.728763 0.623898 1.152717 1.012181 0.932117 0.555835 -0.218881 0.216248 0.365750 -0.232683 -0.093469 0.032769 0.616107 0.116601 0.142119 0.145394 0.065330 -0.503495 -0.208818 -0.760053 -0.807366 -1.204678 -1.217586 -0.810004 -0.662422 -1.176470 -1.102252 -1.363727 -1.235015 -0.830173 -0.721229 -0.463468 -0.613587 -0.921542 -0.705775 -0.872296 -0.982888 -0.924770 -1.633090 -1.795867 -1.979081 -1.630242 -1.279653 -1.777323 -1.892721 -1.762837 -1.275448 -1.031933 -1.088279 -0.795507 -0.633957 0.174490 -0.062979 0.043478 -0.241768 0.200429 0.477505 0.520086 0.921879 1.004909 0.794472 0.976396 1.020647 0.717538 0.394964 0.251337 0.139736 -0.145591 -0.581918 -0.572103 -0.598214 -0.263588 0.434370 0.390682 0.475907 0.333690 0.391264 0.362651 0.392669 0.377171 0.162624 0.110764 0.143170 0.260795 -0.114033 -0.429239 -0.543860 -0.707005 -0.223194 -0.015163 0.218823 0.167141 0.359680 0.867499 1.116667 0.692430 
192837465
10
-0.137788 -0.173926 0.257483 0.574476 0.454466 0.592958 0.875144 0.716896 1.005764 0.760269 0.121309 0.187977 -0.162491 -0.432073 0.058570 0.207918 0.283609 -0.103060 -0.411568 -0.063061 -0.315694 -0.648846 -0.022866 -0.815894 -0.496552 -0.921547 -1.351567 -0.944882 -1.010171 -1.331588 -1.591214 -1.086206 -0.960669 -0.653016 -0.737505 -0.734377 -0.923756 -1.276416 -0.858809 -0.837351 -1.079055 -1.305948 -1.026205 -1.326244 -1.332323 -1.407426 -1.289745 -1.461132 -1.461844 -1.468558 -1.403210 -1.122696 -1.211096 -0.755562 -0.262136 0.134713 -0.321095 0.126614 0.276701 0.418787 0.249105 0.424547 0.760805 1.178644 0.916466 0.934564 0.743433 0.989380 0.651402 0.242206 0.106293 -0.083531 -0.141806 0.040836 -0.139541 0.530466 1.109955 1.518709 0.988931 0.523754 0.644163 0.242471 0.309965 0.819022 0.480515 0.201375 0.176662 0.148601 0.025581 -0.049292 0.013051 -0.176083 0.052613 0.005235 -0.271822 0.361648 0.398061 0.619256 0.981266 0.809827 
192837465
11
-0.025619 -0.212631 0.381556 0.511322 0.394431 0.660951 0.737793 0.482202 0.896651 0.889343 0.638716 0.343181 0.162127 0.488899 0.350642 0.441214 0.077212 -0.200265 -0.472558 -0.568890 -0.395055 -0.127091 -0.360802 -0.177163 -0.587691 -0.859245 -1.021922 -1.335110 -0.848083 -1.055061 -1.219318 -1.109685 -1.130578 -1.208259 -0.890619 -1.418061 -1.581318 -1.418859 -0.990448 -1.360624 -1.493364 -1.477224 -1.253455 -0.884808 -0.979047 -1.250510 -1.553702 -1.229272 -1.425303 -0.786637 -0.402853 -1.012876 -0.704303 -0.648117 -0.678761 -0.687730 -0.384649 -0.256650 -0.035555 0.368397 0.151730 0.235783 0.503678 0.970242 0.949860 1.101480 1.005516 0.650197 0.139694 -0.161967 -0.037646 0.531608 0.283972 0.391469 0.272392 0.511752 1.116875 0.940661 0.945140 0.783070 0.437784 0.386124 0.895532 0.694354 0.512112 0.263482 0.323105 0.561226 0.479030 0.006399 0.241864 0.346035 0.395621 -0.105313 0.263810 0.448853 0.495305 0.911836 1.604879 1.038200 
192837465
12
-0.035241 0.058371 -0.106047 -0.188916 0.096071 0.688149 0.425924 0.461356 0.421880 0.713298 0.275343 0.511779 0.326174 0.383123 0.602671 0.373737 0.098234 0.094465 -0.051366 -0.261148 -0.458766 -0.374767 -0.159863 -0.075007 -0.201683 -0.568618 -1.481210 -1.449224 -1.466907 -1.259011 -1.155024 -1.125775 -1.303403 -0.985708 -0.700397 -0.845321 -1.515689 -1.435836 -0.997396 -1.436547 -1.461677 -1.145809 -1.069169 -1.320621 -1.000422 -1.403945 -1.334091 -1.335645 -1.197518 -1.069384 -0.982736 -0.934768 -0.711887 -0.862426 -0.510391 -0.607883 -0.152952 0.007051 0.059241 0.124800 0.336904 0.230168 0.338001 0.376523 0.517553 0.432418 0.686872 0.202365 0.024270 0.304874 0.400767 0.707466 0.488334 0.409376 0.076644 0.562523 0.807937 0.904637 1.074341 0.786708 0.732683 1.013755 0.785318 0.909726 0.877309 0.584774 0.600697 1.093821 0.514934 0.438898 0.256401 0.006194 0.447750 0.535932 0.682897 1.103808 1.397510 1.804481 1.407380 1.365748 
192837465
13
0.258919 -0.204454 -0.634209 -0.801238 -0.533006 0.049319 0.147156 0.699286 0.264834 0.292016 0.323848 0.303105 0.347880 0.094567 0.116683 0.071673 -0.172629 -0.037714 0.246854 -0.049977 -0.193370 0.075612 0.069032 -0.093679 -0.242766 -0.543522 -1.305268 -1.216236 -0.675490 -0.992753 -1.299985 -0.997684 -1.238806 -1.017170 -0.472649 -0.907038 -0.842275 -0.965616 -1.232626 -1.576104 -1.287207 -0.759162 -1.422894 -1.276393 -1.368123 -1.148911 -1.272932 -1.392588 -1.571580 -1.013971 -1.195381 -0.665268 -0.646414 -0.437932 -0.115682 -0.091306 0.090692 -0.100635 -0.190659 -0.228371 -0.360931 -0.171186 0.265714 -0.140505 0.147246 0.022930 0.149928 0.402883 0.497186 0.883996 1.049588 1.027639 0.757475 0.512314 0.531600 0.606856 0.600979 1.023329 0.877726 0.900419 0.757456 0.922189 0.922283 0.993942 0.326129 0.841877 0.954060 0.854832 0.965482 0.393552 0.334941 0.881613 0.633989 1.133192 1.216843 1.382083 1.584313 1.560761 1.750246 1.592543 
192837465
14
0.471084 0.125265 -0.315136 -0.670538 -0.316105 -0.082060 0.015619 0.148193 -0.110175 0.383545 0.524743 0.341392 0.015875 0.229375 0.238674 0.004430 -0.218755 -0.413926 0.091538 0.272607 0.445682 0.625223 0.312884 -0.343830 -0.336499 -0.796208 -0.757838 -1.122128 -1.100222 -1.381038 -1.586386 -1.228080 -1.246366 -0.717783 -0.422800 -0.526879 -0.531281 -0.724865 -1.315299 -1.133624 -0.903864 -0.753551 -0.635224 -1.231870 -1.121091 -1.377147 -1.155987 -1.348673 -1.461684 -1.045057 -0.853803 -0.575997 -0.339154 -0.476756 0.118501 -0.015021 0.012505 -0.011151 0.106531 -0.209885 -0.376531 0.179788 0.183864 -0.449689 0.309683 0.385983 0.242157 0.603375 0.803023 0.772364 0.588768 0.849966 0.847963 0.628577 1.031479 0.333869 0.666448 1.088411 0.891167 0.817744 1.069272 0.931030 0.873930 1.095603 0.991300 0.880339 1.107891 1.189688 1.332746 1.227354 0.913952 1.110298 1.239772 0.876857 1.381802 1.634502 1.459315 1.780675 1.879281 1.658397 
192837465
15
-0.126163 -0.427909 -0.412904 -0.625569 -0.465096 -0.123650 -0.500855 -0.172373 -0.027999 0.421875 0.633374 0.153838 0.378479 0.237634 0.164067 0.061955 -0.091249 0.035412 0.340217 0.508491 0.841305 0.716370 0.347891 -0.283238 -0.383792 -0.763964 -0.772271 -0.855049 -0.920457 -1.154327 -1.477548 -1.380784 -0.636342 -0.286183 -0.254737 -0.673256 -0.357662 -0.629078 -0.887407 -1.287757 -1.125734 -0.746986 -0.588707 -0.712124 -0.786341 -1.169191 -0.947051 -0.906722 -0.880524 -0.839121 -0.364916 -0.593610 -0.489968 -0.154956 -0.021598 -0.499478 -0.418022 -0.219739 -0.352749 0.015306 -0.269205 0.060807 0.288898 -0.371124 -0.254323 -0.244873 0.389880 0.819008 0.729393 0.357893 0.298700 0.356086 0.567854 0.971080 0.567556 0.897118 0.399415 0.651657 0.988175 0.884992 0.893198 1.291316 1.809119 1.464811 1.085727 1.127324 1.856381 1.576410 1.476230 1.840032 2.173945 1.212370 1.007131 0.926868 1.519664 1.318420 1.236286 1.701780 2.002607 1.545869 
192837465
16
-0.522835 -0.515887 -0.850175 -0.707540 -0.614264 -0.263157 -0.265498 -0.246772 -0.313710 0.297031 0.338860 0.387417 -0.251219 -0.182781 -0.110726 -0.428662 -0.046471 0.347791 0.454792 0.425266 0.305917 0.434715 0.229220 0.089353 -0.371276 -0.246252 -0.679786 -0.622931 -0.609654 -1.013755 -0.973772 -0.861254 -0.553188 -0.064372 0.045497 -0.305870 -0.194457 -0.408776 -1.039776 -1.572959 -1.500324 -1.007053 -0.610629 -0.937440 -1.252288 -1.171705 -1.033080 -0.797915 -0.836906 -0.773248 -0.814039 -0.704098 -0.818815 -0.381714 -0.137623 0.133437 0.164756 0.046647 -0.053984 -0.198736 -0.406576 -0.223726 0.448310 0.397620 0.006639 -0.184345 0.254889 0.510115 0.186015 0.060433 0.370677 0.613186 0.292260 0.278434 0.228449 0.371700 0.595474 1.067992 0.804848 0.720019 1.273821 1.176947 1.852097 1.994961 1.625747 1.242681 1.608401 1.431048 1.572911 1.979953 1.964291 1.371565 0.775255 0.992386 1.209969 1.387788 1.433211 1.724996 1.879803 1.665586 
192837465
17
-0.695716 -0.850731 -1.050891 -0.528258 -0.632926 -0.575728 -0.219657 -0.068847 -0.479545 -0.098259 0.023570 0.063820 -0.570719 -0.416865 -0.496186 -0.294372 0.321385 0.232791 0.230472 0.756264 0.145443 0.166761 0.306747 -0.057095 -0.070570 -0.258944 0.126961 -0.114817 -0.605322 -0.653836 -0.819136 -0.533413 -0.318161 -0.367878 -0.223817 -0.041010 -0.450189 -0.632446 -0.853681 -0.924626 -1.105280 -0.723207 -0.834985 -0.705108 -0.814320 -0.804007 -0.757871 -1.127144 -0.676765 -0.928165 -1.076866 -0.944578 -1.070768 -0.975225 -0.488283 -0.122108 0.039775 0.122426 -0.137597 -0.002330 -0.209373 -0.121085 0.343613 0.234432 -0.136114 -0.288488 -0.232711 0.096578 -0.001848 0.106685 -0.082825 0.333144 0.284963 0.366846 0.244533 0.545334 0.229035 0.872262 0.942286 0.831013 1.077822 1.190617 1.910805 1.670603 1.878748 1.633774 1.701257 1.789450 1.681613 1.687004 2.028964 1.522760 1.168306 1.399118 1.289715 1.164052 1.339012 1.486872 1.490291 1.258425 
192837465
18
-1.124019 -1.002888 -0.728974 -0.562877 -0.095274 -0.069426 0.184692 0.419141 -0.438086 -0.324572 -0.029672 -0.272465 -0.943611 -0.801905 -0.404014 -0.216709 0.493017 0.373444 0.554983 0.194147 0.479867 0.714675 0.491418 0.152697 0.153467 0.191177 0.105805 0.544793 -0.499630 -0.546687 -0.620732 -0.307051 -0.678523 -0.440682 -0.192295 0.146703 -0.241123 -0.801156 -1.216681 -1.014334 -0.500517 -0.750293 -0.993121 -0.863229 -0.555627 -1.170508 -1.125408 -1.491417 -1.759976 -1.350044 -1.130663 -1.122610 -1.057175 -0.827921 -0.478913 -0.500287 -0.077801 0.176166 0.270703 -0.311406 0.243397 0.035479 -0.006618 -0.254080 -0.066943 -0.377153 -0.208865 -0.104034 -0.234877 0.017804 0.054055 0.098433 0.501800 0.486988 0.491849 0.543432 0.263958 0.603028 0.950963 0.708810 1.004831 1.094457 1.975548 2.193252 1.953645 1.953678 1.520905 1.961962 1.827473 1.523374 1.866246 1.654618 1.092562 1.408162 1.334284 1.158926 1.380457 1.558014 1.202536 0.858095 
192837465
19
-1.041520 -1.095640 -0.714772 -0.267810 0.030728 -0.113686 -0.019564 -0.030239 0.081342 -0.019029 -0.244640 -0.132177 -0.928371 -1.094196 -1.373228 -0.561025 0.029088 0.544566 0.491601 0.615557 0.821379 0.558108 0.195520 0.424306 0.322680 0.527706 -0.140219 0.327113 -0.056436 -0.156070 -0.192772 -0.263969 -0.861247 -0.382380 -0.322641 -0.159891 -0.499832 -0.643147 -0.923142 -0.711605 -0.540447 -0.411035 -0.746623 -0.752044 -0.808232 -1.251482 -1.233578 -1.708651 -1.669581 -1.211181 -1.115439 -0.987668 -0.868130 -0.532410 -0.689084 -0.896288 -0.267542 -0.455359 0.150092 0.262028 0.145528 0.003799 0.029456 -0.360727 -0.370343 -0.703268 -0.313967 0.284916 -0.028692 0.006582 -0.012957 0.197516 0.418427 0.208310 0.423352 0.361287 0.380973 1.035771 0.774410 0.629358 1.110020 1.217021 1.659897 2.145856 2.010281 2.012958 1.777775 1.701962 2.004843 1.774106 1.771703 1.749424 1.272848 1.672432 1.398112 1.092623 1.573912 0.863108 0.924289 0.753565 
192837465
20
-1.270646 -0.641051 -0.311792 -0.052551 0.186820 0.207747 -0.234935 -0.679021 -0.159733 -0.067287 0.093720 -0.461291 -0.918383 -0.741950 -0.879312 -0.445911 0.096635 0.672142 0.506276 0.437569 0.706350 0.739427 0.276164 0.454473 0.722694 0.426696 0.221741 -0.140682 -0.099417 -0.374921 -0.118839 -0.548865 -1.033648 -0.442392 -0.509229 -0.753919 -0.616404 -0.489209 -0.965249 -0.539388 -0.622284 -0.743895 -1.082142 -0.973207 -0.901824 -1.130115 -1.325067 -1.521993 -1.356460 -1.129508 -1.147318 -0.701934 -0.432386 -0.413472 -0.716479 -0.872659 -0.932318 -0.688724 -0.421685 0.050829 0.095953 -0.011982 0.035522 -0.488837 -0.653983 -0.920050 -0.063428 -0.142612 -0.061468 -0.077926 0.192169 0.460215 0.471341 0.169597 0.365722 0.238362 0.571258 0.689031 0.952949 0.653158 1.085529 1.356752 1.428711 2.163410 2.011999 1.936171 2.489423 1.857613 1.449789 1.604866 1.897207 2.045429 1.517181 1.522035 1.518947 1.023333 0.930016 0.884274 0.605205 0.473274 
192837465
21
-1.318798 -0.723932 -0.778543 -0.536173 -0.337833 -0.021862 0.017137 -0.776132 -0.285330 -0.178452 -0.775344 -0.565081 -0.921399 -1.301654 -1.032059 -0.975204 -0.112511 0.480752 0.637121 0.153772 0.211732 0.188287 -0.052159 -0.118949 0.462786 0.318259 0.134029 -0.047367 -0.396134 -0.463320 -0.196836 -0.296242 -0.459141 -0.601258 -0.343647 -0.398801 -0.306474 -0.282505 -0.044454 -0.791680 -0.761722 -0.629170 -0.812128 -0.990663 -0.667477 -0.841391 -1.184968 -0.860814 -0.874080 -1.023444 -0.749831 -0.366557 -0.504417 -0.123077 -0.694381 -0.836224 -0.937250 -0.527907 -0.313513 0.124770 -0.007803 0.167888 -0.104863 -0.308638 -0.639226 -0.395505 -0.464938 -0.190755 -0.038124 0.223200 0.216566 0.471139 0.205913 0.065951 -0.240004 -0.304466 0.245586 0.581658 0.695568 0.717190 0.933427 1.069448 1.169983 1.984760 1.680927 1.758513 2.013278 2.002900 1.736729 1.477673 1.919022 1.617410 1.423753 1.273616 0.825955 0.772445 1.126048 1.010841 0.319765 0.378616 
192837465
22
-1.349812 -1.135565 -0.791564 -0.859204 -0.846706 -0.145672 -0.320951 -0.416438 -0.171197 -0.328361 -0.679757 -1.279120 -1.209532 -1.579057 -1.245230 -0.895248 -0.145950 0.401825 0.311884 -0.013891 0.215442 0.022387 -0.171888 -0.053462 0.421886 0.158794 0.254669 -0.016956 -0.224960 -0.080621 -0.151952 -0.650139 -0.261617 -0.167525 -0.303679 -0.214787 -0.251184 -0.432822 -0.241762 -0.417845 -0.898805 -0.259222 -0.714039 -0.894434 -0.826404 -0.923197 -0.922316 -1.003633 -0.610168 -0.927261 -0.708711 -0.327136 -0.492423 -0.469977 -0.842667 -0.778518 -0.854926 -0.576044 -0.808399 -0.202404 0.110418 0.148575 0.140294 -0.678905 -0.708948 -0.461778 -0.519154 -0.312992 0.065340 -0.026985 0.070583 0.266537 0.378070 0.282196 0.315973 0.289511 0.606768 0.901056 0.586688 0.457526 0.527835 0.955360 1.091703 1.173435 1.310038 1.388648 1.554733 1.771836 1.535889 1.308438 1.456960 1.505983 1.372601 1.079141 0.881205 0.719513 1.104101 0.989256 0.232025 0.557636 
192837465
23
-1.741949 -1.257077 -1.042321 -0.969691 -0.826799 -0.548082 -0.230791 -0.209229 -0.691892 -0.550464 -1.090529 -1.031984 -1.530449 -1.245974 -1.037556 -0.698953 0.023339 0.010102 0.492398 0.708512 0.601660 0.969172 0.349520 -0.086878 0.080616 0.012440 -0.087706 0.168029 0.171204 0.052225 -0.339366 -0.174074 -0.076513 0.274465 0.000511 -0.240784 -0.363181 -0.340953 -0.463174 -0.386303 -0.501356 -0.432846 -0.670509 -1.372604 -1.150392 -0.838806 -0.988176 -0.596952 -0.322910 -0.649907 -0.407832 -0.600771 -0.636274 -0.765442 -0.856629 -0.538192 -0.597098 -0.631139 -0.573809 -0.537454 0.009896 0.018637 -0.078054 -0.115754 -0.229990 -0.364618 -0.696436 -0.525922 0.279167 -0.042831 0.066320 0.181377 0.261446 0.747151 0.920891 0.546517 0.589683 0.919372 0.740800 0.658301 0.432389 0.739330 0.924403 0.980382 1.280228 1.455204 1.059622 1.129472 1.210422 1.025766 1.037808 1.633325 1.562652 0.769457 0.887518 1.053627 0.700514 0.888055 0.683959 0.677132 
192837465
24
-1.270313 -1.222396 -0.910372 -0.574854 -0.428696 -0.111048 -0.415659 -0.740625 -1.384001 -1.699574 -1.003891 -0.746202 -1.001137 -0.886904 -0.508428 -1.110301 -0.503275 -0.193907 0.116376 0.513114 0.312415 0.557981 0.429574 -0.179050 -0.005763 0.201825 0.515749 0.114589 0.421474 0.597617 0.229097 0.018634 0.100420 0.229016 0.282944 0.034757 -0.584924 -0.269485 -0.003972 -0.280861 -0.497988 -0.869530 -0.890597 -1.308064 -1.022520 -0.821848 -1.259560 -0.382185 -0.683641 -0.759082 -0.417297 -0.596355 -0.916183 -0.586840 -0.863163 -0.602835 -0.539127 -0.429679 -0.493956 -0.476202 -0.374736 -0.635430 -0.543278 -0.218924 -0.197967 -0.290803 -0.641798 -0.679429 -0.134468 0.121877 -0.106701 0.386745 0.309163 0.619939 0.692718 0.924642 0.949830 0.989994 0.999827 0.778193 0.509569 0.742962 1.019596 1.044984 1.293369 0.904036 0.503740 1.218300 0.715977 0.461988 0.897915 1.434245 0.965916 0.645573 0.937506 0.783357 0.909307 0.963475 0.657258 0.757974 
192837465
25
-0.887082 -0.830823 -0.779883 -0.348115 -0.255047 -0.473850 -0.310014 -0.912657 -0.990747 -1.024690 -1.253554 -1.009711 -1.243204 -0.781705 -0.745253 -0.568387 -0.131161 -0.099693 0.056420 0.134015 0.116830 0.759791 0.580807 0.735406 0.493746 0.523167 0.341923 0.344398 0.758803 0.681261 0.610438 0.308268 0.611590 0.574591 -0.002435 -0.574516 -0.488439 -0.581732 -0.085467 -0.321964 -0.315496 -0.746473 -0.938009 -1.071153 -0.981217 -0.720638 -1.278450 -1.286474 -0.948430 -0.617505 -0.399056 -0.483116 -0.508464 -0.504256 -0.674586 -0.533714 -0.544174 -0.358662 -0.250128 -0.619970 -0.885527 -0.896065 -0.979818 -0.476479 -0.455018 -0.694947 -0.797161 -1.126793 -0.687475 -0.564948 -0.006043 0.666675 0.536400 0.823918 0.893322 0.774991 0.725835 0.688788 0.739163 0.689163 0.820452 0.944860 1.140700 0.834430 0.588431 0.816886 0.678903 0.357101 0.535461 0.110481 0.555482 1.140652 0.837416 0.607169 1.192888 0.970930 1.211488 1.315758 0.967882 1.131149 
192837465
26
-0.831840 -0.679766 -0.722659 -0.175690 -0.415114 -0.450651 -0.303527 -0.735422 -0.976184 -0.988468 -1.123656 -0.888450 -0.652351 -0.871430 -0.408241 -0.461842 0.010186 -0.278881 -0.297012 -0.238528 0.096220 0.244807 0.486228 0.456721 0.391791 0.477429 0.326600 -0.032597 0.212801 0.546279 0.355733 0.230716 0.233673 0.063091 -0.240406 -0.205407 -0.120906 -0.295468 -0.444845 0.173723 -0.025574 -0.599066 -0.758300 -0.314332 -0.513102 -1.293710 -1.374685 -1.224437 -0.777333 -0.591396 -0.543872 -0.472659 -0.500363 -0.638664 -0.307356 -0.107845 -0.432742 -0.927337 -0.980702 -1.075427 -0.969489 -0.602730 -0.901256 -0.638459 -0.433561 -0.200643 -0.482902 -0.853428 -0.719255 -0.302268 0.154051 0.508970 0.736867 0.889469 0.970136 0.762041 0.623699 0.240565 0.420960 0.667855 1.333069 1.525827 1.361908 1.020433 0.559167 0.864734 0.978133 0.523923 0.590289 0.188978 1.019691 0.962195 1.149535 1.284214 1.029866 0.973326 1.219633 1.310134 1.372162 0.799040 
192837465
27
-0.933797 -0.831510 -0.593776 -0.269884 -0.267852 -0.609802 -0.310687 -0.761051 -1.227824 -0.835860 -0.898323 -1.435536 -1.197466 -0.992216 -0.642150 -0.126660 -0.362215 -0.365444 -0.306246 -0.000012 -0.287559 0.114830 0.378226 0.601710 0.252802 0.421730 0.168815 0.247936 0.143269 -0.130923 0.398317 0.134209 0.085394 -0.119960 -0.154924 -0.112851 -0.138270 -0.313525 -0.029717 0.010219 -0.521570 -0.536575 -0.806747 -0.573472 -0.558467 -0.578349 -1.078841 -1.114615 -0.689059 -0.666502 -0.078121 -0.592379 -0.096852 -0.227463 -0.347508 -0.182436 -0.822366 -0.732545 -1.161506 -0.958486 -0.779403 -0.756058 -0.906457 -0.821511 -0.588429 -0.661252 -0.821569 -1.059979 -0.754939 -0.198555 -0.193378 0.364284 0.534404 0.976864 1.003246 0.312388 0.282643 0.350046 0.740283 0.554527 0.817721 1.033397 1.227084 1.074917 0.923537 0.723159 0.625726 0.577554 0.523676 0.494458 0.776757 1.067736 1.177646 1.120828 1.014291 0.993481 1.310268 1.462166 1.585275 0.949603 
192837465
28
-0.728840 -0.594311 -0.762665 -0.211092 -0.260992 -0.000303 -0.276099 -1.031286 -0.944448 -1.292257 -1.044798 -0.953584 -1.271704 -1.445530 -0.969366 -0.604983 -0.561488 -0.432048 -0.409264 -0.380879 -0.304802 -0.199550 -0.128678 0.329769 0.165973 0.132256 0.000000 0.448338 0.178839 0.022289 0.214258 0.545383 0.079608 -0.024073 -0.072841 -0.186526 0.146747 0.019245 -0.242213 -0.044638 0.062191 -0.269149 -0.431331 -0.660733 -0.610008 -0.896671 -0.374906 -0.607087 -0.707937 -0.368115 0.146862 -0.431593 -0.342995 -0.085695 -0.270523 -0.389213 -0.250481 -0.233747 -0.504768 -0.535315 -0.674732 -1.283873 -0.927505 -0.683035 -0.618970 -0.908650 -1.003084 -0.464720 -0.655770 -0.524677 -0.365302 -0.079319 0.324175 1.080069 0.716807 0.545391 0.355974 0.321512 0.144258 0.345471 1.072311 0.585785 1.093018 0.889550 1.051000 0.577858 0.436424 0.703949 0.872971 0.961890 1.205263 0.766807 0.687953 1.188332 1.435871 1.515606 1.752280 1.349242 1.036852 0.856802 
192837465
29
-0.895096 -0.574103 -0.138619 -0.218732 -0.093331 0.301474 -0.252378 -0.893209 -1.125675 -1.297042 -1.432536 -0.998184 -1.195797 -1.430651 -1.154053 -1.083977 -0.363032 -0.689130 -0.513116 -0.884534 -0.575668 -0.707666 -0.250239 -0.255257 -0.028920 -0.234561 -0.084886 0.412562 -0.240821 0.192923 0.227806 0.172554 0.018028 0.295029 0.620292 0.517435 0.241991 0.134023 0.366000 0.484210 0.413593 -0.227035 -0.595162 -0.745301 -0.960074 -0.677609 -0.426924 -0.300492 -0.317658 -0.235839 -0.008266 -0.536077 -0.995588 -0.308574 0.228695 0.089771 -0.381819 -0.251700 -0.031275 -0.155290 -0.423541 -1.124562 -1.008717 -0.636306 -0.548608 -0.853335 -0.550625 -0.241912 0.075052 -0.398063 0.039709 0.272699 0.367952 0.578830 0.839891 0.447026 0.080063 0.534786 0.162002 0.473416 0.808528 0.547800 1.143908 0.926238 0.444262 0.291139 0.306382 0.991438 1.126584 1.364912 1.293751 0.923737 1.331760 0.830262 1.256510 1.996073 1.836276 1.334462 1.151367 1.093493 
192837465
30
-1.053658 -0.446770 -0.138710 0.303155 0.290563 -0.109953 -0.482361 -0.753657 -0.947301 -1.202963 -1.631990 -1.429356 -1.401875 -1.598819 -1.501220 -1.188957 -0.576639 -1.031792 -1.004431 -1.167210 -1.133714 -0.704899 -0.587075 -0.676100 -0.383481 -0.573275 -0.490754 0.163043 -0.087688 0.103547 -0.115246 0.116334 -0.339094 0.060607 0.558109 0.625708 0.263468 0.517232 0.630315 0.388860 0.259524 -0.014342 -0.589394 -0.808726 -0.847921 -0.822094 -0.341023 -0.725989 -0.607687 -0.651082 -0.227815 -0.205977 -0.867076 -0.536818 0.004256 0.008904 0.284310 -0.153738 -0.021516 -0.292561 -0.315849 -0.535053 -1.028957 -0.561399 -0.540112 -0.453203 -0.185242 -0.152012 -0.273167 -0.213192 -0.240383 0.198953 -0.004860 0.376125 0.789414 0.689587 0.126837 0.216221 0.275175 0.248939 0.875796 0.499346 0.739205 0.651811 0.796728 0.504765 0.610393 0.927303 1.129684 1.116633 0.970978 0.773141 1.000765 0.734044 0.980850 1.160872 1.179364 1.151812 1.103662 0.532316 
192837465
31
-1.168043 -0.598505 -0.042123 0.322856 0.231156 0.100816 -0.178155 -0.833052 -0.847620 -1.493244 -1.576358 -1.788225 -1.896224 -1.487400 -1.753491 -1.326389 -1.255438 -1.371526 -1.117052 -0.783758 -1.085387 -0.976646 -1.203881 -1.208811 -0.842969 -0.956473 -0.500912 -0.199228 -0.240137 0.292011 0.344908 -0.247892 -0.121941 -0.340533 0.083135 0.434374 0.605673 0.434101 1.008464 0.506446 -0.144017 -0.457020 -0.648923 -0.891010 -0.721089 -0.551065 -0.657297 -0.638237 -0.552620 -0.463526 0.078509 -0.194984 -0.274271 -0.382885 -0.478003 -0.125790 0.089821 -0.171750 0.005087 -0.356260 -0.386434 -0.652540 -1.130225 -0.793553 -0.480608 -0.295507 -0.630029 -0.397173 -0.559109 -0.021877 -0.060219 0.488539 0.496779 0.695932 0.238230 0.961328 0.386648 0.471692 0.424623 0.329106 0.210579 0.468561 1.124714 1.020088 0.588334 0.237371 0.466097 0.623599 0.928320 0.492349 0.966269 0.714284 1.005420 0.635378 0.438327 0.921953 1.067792 1.134529 0.936503 0.777849 
192837465
32
-0.947594 -0.384567 0.012574 0.086335 0.089936 -0.130395 -0.377614 -0.701360 -1.165705 -1.278554 -1.748575 -2.113099 -1.843283 -1.629816 -1.451455 -1.289772 -1.634323 -1.344630 -1.237238 -1.312170 -1.191489 -1.052036 -1.222948 -1.287605 -1.491498 -1.152126 -0.973125 -0.420384 -0.610289 -0.420837 -0.194068 -0.140522 -0.121892 -0.024309 0.417462 0.557121 0.689706 0.911378 0.756463 0.217861 0.055799 -0.059369 -0.622783 -0.396283 -0.218802 -0.485621 -0.856767 -0.982068 -0.766101 -0.242210 0.290063 0.101539 0.115578 -0.208332 -0.350939 -0.169174 -0.070482 -0.141954 0.476584 0.103038 0.014786 -0.208045 -1.086346 -0.707800 -0.019331 -0.192222 -0.297308 -0.725529 -0.262076 -0.246957 0.493788 0.133396 0.663951 0.953419 0.662178 0.656759 0.464658 0.869368 0.604137 0.288804 0.538599 0.727011 1.464383 1.293124 1.127530 0.968616 0.824716 0.817588 0.732112 0.624432 0.507815 0.674661 0.720579 0.556256 0.068634 0.788109 0.641642 0.696530 0.474765 0.411781 
192837465
33
-0.873414 -0.954907 -0.158663 -0.245956 0.109943 -0.463709 -0.639661 -1.178326 -1.066259 -1.120292 -1.238377 -2.005076 -1.816175 -1.436426 -1.249732 -1.230302 -1.400506 -1.695091 -1.917751 -1.486518 -1.581481 -1.773019 -1.788051 -1.708382 -2.189173 -1.480603 -1.334863 -1.043766 -0.349728 -0.580505 -0.572983 -0.158569 -0.122367 0.336145 0.296878 0.495294 0.457371 0.610747 0.509507 0.318437 0.254122 0.169873 -0.342040 -0.418452 0.001536 -0.023973 -0.245298 -0.349846 -0.434863 0.026779 0.127580 0.194301 0.039384 0.034778 0.064961 0.073948 0.255292 0.240786 0.429961 0.014551 -0.112998 -0.268795 -0.732611 -0.713840 -0.308954 -0.150453 -0.677689 -0.753821 -0.754713 -0.494033 -0.133275 -0.095545 0.133813 0.165516 0.689488 1.126170 0.826565 0.380298 0.656832 0.463495 0.611034 0.775750 1.030585 0.935105 1.049031 1.047954 0.919736 1.068400 0.587879 0.825836 1.245921 0.561258 0.677365 0.685209 0.423230 0.452124 0.172331 0.441422 0.429465 0.545460 
192837465
34
-0.998213 -0.665800 -0.392391 -0.282840 -0.400921 -0.247387 -0.500988 -0.982842 -0.737371 -1.226265 -1.752542 -1.625348 -1.599172 -1.774672 -1.317678 -1.533730 -2.052915 -1.686226 -1.706704 -1.926427 -1.827157 -1.787640 -2.098655 -1.995359 -2.213706 -1.991005 -1.641814 -1.328842 -1.125445 -0.671402 -0.790400 -0.370732 0.016705 0.078137 0.591517 0.522336 0.598251 0.927643 0.415487 0.371728 0.189314 0.192114 -0.204736 -0.336061 0.379485 0.221504 -0.023257 -0.071070 -0.268593 0.009294 0.165909 -0.137647 0.003728 0.148632 -0.008330 0.398810 0.127918 0.505774 0.447905 -0.200488 -0.279520 0.059588 -0.306725 -0.075064 -0.384495 -0.315121 -0.647280 -0.713485 -0.435645 -0.181421 -0.416091 0.063978 0.134227 -0.115866 -0.043545 0.580907 0.784393 0.841713 0.666808 0.578253 1.021060 0.819651 0.938067 0.899404 1.330097 1.010572 0.977018 1.065087 1.174893 1.429668 0.970675 -0.016313 0.378133 0.470468 0.056248 0.585450 0.413161 0.767417 -0.076617 0.355964 
192837465
35
-0.867815 -0.718600 -1.040037 -0.397634 -0.196776 -0.316243 -0.907323 -0.863974 -1.054543 -1.295796 -1.354726 -1.631231 -1.930426 -1.658541 -1.405636 -1.455686 -2.140909 -2.195929 -2.247077 -2.018087 -1.749707 -1.764173 -2.423329 -2.398900 -2.210396 -2.068851 -1.713211 -1.861518 -1.667875 -1.054402 -1.201500 -0.707424 -0.111791 -0.072222 -0.041172 0.646413 1.009739 1.323828 1.004402 0.742039 0.414372 0.051230 0.016318 -0.192002 0.208576 0.167850 -0.126376 0.342989 -0.065677 0.072144 0.152868 -0.030598 0.256633 -0.284799 -0.199328 0.276538 -0.058049 0.396076 0.052265 -0.204623 -0.198826 0.055200 -0.088199 -0.537859 -0.675688 -0.718346 -0.675533 -0.290357 -0.094666 -0.477688 -0.182239 -0.098884 -0.154546 -0.193788 0.171637 0.100560 0.543581 0.232684 0.664472 0.339269 0.503571 0.468415 0.479825 0.804407 1.043770 1.073884 1.049124 1.506668 1.387944 1.378927 0.808299 0.100842 -0.278832 0.000906 0.118401 0.645510 0.774564 0.969718 0.317696 0.446672 
192837465
36
-0.977947 -1.331475 -0.668610 -0.994409 -0.387232 -0.472212 -1.229279 -1.548822 -1.677985 -1.740104 -1.655913 -1.391666 -1.625370 -1.528376 -1.478831 -1.739808 -2.014694 -2.132493 -2.123072 -1.983824 -1.629582 -1.652377 -1.666108 -1.922303 -1.927021 -1.796160 -1.514358 -1.635460 -1.529740 -1.248505 -1.542973 -0.686178 -0.249495 -0.220658 0.168817 0.917642 1.057092 0.756267 1.149155 0.708156 0.628938 0.327467 0.079812 -0.507981 -0.196667 0.170057 0.289500 0.169676 0.443823 0.356378 0.304312 0.302899 0.194206 -0.298009 -0.326655 -0.385018 -0.738505 -0.245636 -0.687925 -0.273982 -0.254213 -0.272514 -0.374260 -0.669239 -0.838723 -0.974913 -0.493445 -0.382871 -0.084294 0.018193 -0.463236 -0.354746 0.006243 -0.133332 0.196601 -0.206649 -0.008655 0.251814 0.269347 0.471108 0.587994 0.539697 0.043214 0.211273 0.613062 0.730559 0.913974 1.247607 1.377113 1.036976 0.823756 0.459889 0.120827 0.192087 0.583185 0.972116 0.783087 1.066402 0.541768 0.316113 
192837465
37
-1.125513 -1.363737 -1.502914 -1.491026 -1.169549 -0.790918 -1.303630 -1.650697 -1.702311 -1.776675 -1.412980 -1.561108 -1.258298 -1.721507 -1.384074 -1.501428 -2.079668 -1.746804 -1.630590 -1.310236 -1.472943 -1.610401 -1.310086 -1.320289 -1.209327 -1.373980 -1.294183 -1.406283 -1.033438 -1.008031 -0.745339 -0.531182 -0.091140 -0.213726 0.342512 0.425143 0.515952 1.101058 0.867999 0.614179 -0.111532 -0.094640 0.076054 0.041747 -0.066254 0.640237 0.587400 0.459768 0.397560 0.555152 0.409208 0.187783 -0.121202 -0.454292 -0.841937 -1.304104 -0.558253 -0.672190 -0.877379 -0.179123 -0.033844 -0.436412 -0.572069 -0.569562 0.005225 -0.251151 -0.256819 -0.142237 -0.253694 -0.291632 -0.424047 -0.419212 -0.430513 -0.098947 0.140876 -0.191713 -0.357480 -0.477198 -0.152899 -0.203652 0.094587 0.225360 0.239984 -0.245664 -0.055867 0.411310 0.412714 0.994403 1.502585 1.284294 1.037511 0.541683 0.646752 0.836356 0.460533 0.773217 0.817253 1.062627 0.772374 0.489851 
192837465
38
-1.121051 -1.488587 -1.863121 -1.544542 -1.587892 -1.165414 -1.384589 -1.627983 -1.575674 -1.696439 -1.761431 -1.561969 -1.552176 -1.633580 -1.459361 -1.596722 -1.601008 -1.357373 -1.838923 -2.142925 -1.404434 -1.290841 -1.296434 -1.317181 -0.217300 -0.296993 -0.848886 -0.942886 -1.144726 -0.634337 -0.634987 -0.741752 -0.348987 -0.020303 0.004166 0.321599 0.436314 0.858802 0.791037 0.376630 0.259595 0.369157 0.267282 0.058017 0.106683 0.357736 0.634111 0.347426 0.440879 0.101118 -0.122579 -0.232346 -0.100052 -0.390733 -1.069306 -0.900891 -0.833042 -0.692115 -0.624236 -0.188012 -0.337312 -0.178259 -0.247528 -0.671377 -0.264783 0.017816 -0.110581 -0.504414 -0.416718 -0.495559 -0.593337 -0.625596 -0.437242 -0.551379 -0.139188 -0.148879 -0.478272 -0.776336 -0.438809 -0.279796 0.206925 0.592946 0.319386 0.210259 0.181423 0.465210 0.433119 0.306194 0.848051 1.201245 1.690702 1.110948 0.869053 0.680563 0.593017 1.037327 1.031197 1.421538 1.253214 1.012323 
192837465
39
-0.904229 -1.370519 -1.505429 -1.801566 -1.413650 -1.730689 -0.974357 -1.726216 -1.924845 -1.545186 -1.776405 -1.504923 -1.271751 -1.370387 -1.535177 -1.585717 -1.435420 -1.101589 -1.625196 -1.579811 -1.175363 -1.159799 -0.815767 -0.943107 -0.829231 -0.393993 -0.453361 -0.598837 -0.503604 -0.278407 -0.497453 -0.282927 -0.102561 -0.232924 -0.239112 0.519505 0.490297 0.715573 0.664454 0.485264 0.220861 0.239309 -0.046354 0.037150 0.023747 -0.071393 0.091065 0.234042 0.102638 -0.266135 -0.199207 -0.298000 -0.494326 -0.521595 -0.560170 -0.532285 -0.281613 -0.705954 -0.635897 -0.428341 -0.593826 -0.760761 -0.820941 -0.877145 -0.392062 -0.125361 -0.133428 -0.296932 -0.269133 -0.832849 -0.897807 -0.731705 -0.679999 -0.397719 -0.382067 -0.177186 -0.428175 -0.556016 -1.122950 -0.493452 -0.001267 0.324114 0.898678 0.608326 0.766293 0.243733 -0.139048 0.689943 0.781137 1.119517 1.149315 0.838322 0.683521 0.442429 0.926218 1.225620 1.192395 1.222121 1.267892 0.953760 
192837465
40
-0.801775 -1.282189 -1.356361 -1.568196 -0.978378 -1.131571 -1.312634 -1.564503 -1.433694 -1.241651 -1.039463 -1.038414 -0.977057 -0.918809 -1.046300 -1.231402 -0.888702 -1.095206 -1.319690 -1.379707 -1.252758 -1.171449 -0.636040 -0.972354 -0.822494 -0.441925 -0.459769 -0.696591 -0.414669 -0.422292 -0.426466 -0.392427 -0.346339 -0.312612 -0.306153 0.505212 0.637666 0.588060 0.569646 0.786550 0.627805 0.605016 0.106076 0.385183 0.107387 0.192428 0.286335 0.558873 0.511240 -0.271088 -0.410718 0.103269 -0.094183 -0.492695 0.032061 -0.052260 -0.442402 -0.647394 -0.378214 -0.553466 -0.990501 -1.346959 -1.346675 -0.943362 -0.105100 -0.241779 0.221213 0.150642 -0.508522 -0.873514 -0.489829 -0.707359 -0.862684 -0.737626 -0.726988 -0.766798 -0.399346 -0.463670 -0.738717 -0.137770 0.311014 0.178423 0.549046 0.692507 0.539052 0.018704 -0.088649 0.450432 0.751292 1.441573 0.981988 0.642713 0.341473 0.545449 0.800223 1.064885 0.537414 0.979546 1.110824 1.093371 
192837465
41
-0.956591 -0.829855 -1.333673 -1.522786 -1.155292 -1.258360 -1.441142 -1.331435 -1.657749 -1.718607 -1.274737 -0.832454 -0.667813 -0.635129 -0.496601 -0.924937 -0.962841 -0.933904 -1.045510 -0.983902 -0.982992 -1.002591 -0.789472 -0.340475 -0.577000 -0.786601 -0.810850 -0.599842 -0.545680 -0.291082 -0.056698 -0.451245 -0.104459 -0.499558 -0.345696 0.417580 0.301243 0.134651 0.573181 0.696747 0.730503 1.016702 0.281584 0.447621 0.395284 0.309082 0.378861 0.487358 0.085379 0.113547 0.034393 0.154958 0.373853 0.036459 0.092222 -0.312926 -0.352504 -0.499878 -0.598822 -0.985779 -0.802477 -1.292775 -1.006960 -0.924440 -0.591153 0.088921 -0.254994 -0.503413 -0.600980 -0.080229 0.107695 -0.385829 -0.453232 -0.773195 -0.887763 -0.888532 -0.678944 -0.700547 -0.079810 -0.174196 -0.050572 -0.108384 0.192330 0.428125 0.451795 0.019916 0.247591 0.400236 0.672538 0.750949 1.097544 0.434039 0.667511 0.338892 0.490369 0.706120 0.786520 0.685525 0.663444 0.696366 
192837465
42
-1.450006 -1.083239 -1.597873 -1.150696 -0.892437 -1.259411 -1.551911 -1.352986 -1.527898 -1.659043 -1.167780 -1.011609 -0.405693 -0.526357 -0.276240 -0.740280 -0.967603 -0.891562 -0.826798 -0.690910 -0.239781 -0.165990 -0.360337 -0.355864 -0.832114 -1.065848 -1.082389 -0.902765 -0.703448 -0.587608 -0.276910 -0.299531 -0.444161 -0.450023 0.084070 0.088499 0.179092 0.338868 0.553418 0.893253 0.582116 0.533605 0.583062 0.592799 0.547499 0.131270 0.031295 0.198504 0.238107 0.404000 0.006212 0.390807 0.345530 0.557121 0.551778 0.219922 -0.496325 -0.505622 -0.797195 -0.949859 -0.976108 -1.188634 -1.014542 -0.818974 -0.304081 -0.071213 0.054156 0.155953 -0.008295 -0.390490 -0.293783 -0.228366 0.120480 0.014414 -0.250911 -0.643864 -0.517776 -0.580601 -0.580820 -0.049020 0.115571 0.187460 0.427826 0.466902 0.525428 0.420319 -0.045722 0.041305 1.025227 0.946430 1.241782 0.436894 0.287858 -0.396237 -0.344932 0.343307 1.148425 0.278416 0.554169 0.501691 
192837465
43
-0.971083 -1.214673 -1.204995 -1.281366 -0.789915 -0.896044 -1.518419 -1.249937 -1.670202 -1.211893 -0.894026 -0.693095 -0.402339 -0.305692 -0.424432 -0.780559 -0.782829 -0.888134 -0.540927 -0.773289 -0.500993 -0.310434 -0.380198 -0.575981 -1.014256 -0.935624 -0.806065 -0.746983 -0.466052 -0.606438 -0.743908 -0.166356 -0.451007 -0.431330 0.526844 0.467807 0.478779 0.722493 0.516976 0.667504 0.659461 0.739361 0.758692 0.467754 0.307249 -0.183645 -0.332736 -0.166078 0.057234 -0.098470 -0.201230 -0.271217 -0.038119 0.681615 0.245518 0.419205 -0.157284 -0.444289 -0.233253 -0.641378 -1.089520 -0.660101 -0.519356 -0.001364 0.025448 0.059388 0.483705 0.283955 0.131400 -0.151728 0.097326 -0.044573 0.340387 0.313649 0.102211 -0.600811 -0.581875 -0.759976 -0.347441 0.043250 0.354672 0.320449 0.733955 0.591138 0.700020 0.178826 0.479078 0.244948 0.789074 1.113804 0.864286 0.414206 0.226624 0.057694 -0.465227 0.015803 0.849311 0.445059 0.500706 0.266357 
192837465
44
-0.449811 -0.935336 -0.958163 -1.270305 -0.957057 -1.016956 -1.464448 -1.579063 -1.165642 -1.018569 -1.235804 -1.036448 -0.654589 -0.397695 -0.574766 -0.700434 -0.793680 -0.668922 -0.478307 -0.477383 -0.461700 -0.272848 -0.297826 -0.525943 -0.843967 -1.284476 -1.108923 -0.788907 -0.798628 -0.834164 -0.927912 -0.717923 -0.542796 -0.042706 0.205277 0.129197 0.695446 1.164062 0.756030 0.699798 0.704012 1.131262 0.361065 0.182795 -0.238436 -0.157760 -0.215301 -0.458391 -0.258085 -0.346116 -0.301715 -0.216191 -0.056684 0.059381 0.209677 0.211199 -0.276623 -0.216950 -0.244016 -0.427987 -0.499064 -0.762806 -0.590756 -0.234032 -0.037732 0.224795 0.515007 0.207205 0.392126 0.182875 0.030977 0.259801 0.388599 0.050707 -0.001525 -0.019953 -0.624954 -0.799752 -0.403353 -0.381755 -0.312104 -0.109949 0.219611 0.149696 0.327026 0.141238 0.603413 0.648914 0.897658 0.750395 0.470644 0.211069 0.409390 0.202180 -0.133345 0.060711 0.542651 0.808488 0.682781 0.801545 
192837465
45
-0.371036 -0.672928 -0.669425 -0.803960 -1.077257 -1.263438 -1.414704 -1.341607 -1.010761 -0.639895 -1.070684 -1.080116 -0.922917 -0.936611 -1.089350 -1.004926 -0.735959 -0.881074 -0.766153 -0.688436 -0.465562 -0.193452 -0.315496 -0.770623 -0.998499 -1.081541 -0.880704 -0.448062 -0.688916 -0.689163 -0.596994 -0.643138 -0.392843 -0.435780 0.017801 0.488207 0.424777 0.748384 0.647100 0.936004 0.828314 0.825654 0.186516 0.117026 -0.143237 -0.311684 -0.170106 -0.353672 -0.626706 -0.600708 -0.425279 -0.167944 -0.194352 -0.197393 -0.153308 0.229816 -0.006928 -0.100787 0.104761 -0.198896 -0.325549 -0.367108 -0.086078 0.010303 0.013854 0.421500 0.279774 0.503314 0.000000 -0.257206 -0.046916 0.278096 0.263405 0.044113 0.230532 -0.080646 -0.413220 -0.246031 -0.095895 -0.156523 -0.747550 0.004899 0.078618 -0.071788 -0.088304 0.251251 0.581633 0.740936 0.296043 0.721940 0.421982 0.261210 0.396915 0.238080 0.555267 0.224811 0.757490 0.834912 1.064207 0.838457 
192837465
46
-0.115367 -0.746639 -0.380787 -0.611131 -1.129791 -1.239857 -1.322386 -1.108773 -0.942014 -0.698005 -1.029475 -0.965195 -0.675758 -0.806570 -0.807666 -1.071454 -0.793003 -0.797016 -0.420425 -0.705632 -0.372141 -0.448538 -0.183843 -0.663390 -1.019392 -1.064914 -0.943861 -0.629951 -0.216263 -0.346346 -0.502677 -0.444147 -0.352848 -0.241867 -0.016094 0.654703 0.571592 0.374476 0.447170 1.031149 0.801248 0.353069 -0.031212 -0.112341 -0.160663 -0.342610 -0.404659 -0.650359 -0.561773 -0.796816 -0.316702 -0.522564 -0.204671 -0.244488 -0.336733 -0.262217 0.000789 -0.209061 0.169889 0.317711 0.240288 -0.091287 -0.000817 -0.782919 -0.073493 -0.138719 -0.000226 -0.119170 0.068983 0.176659 0.011071 0.219646 0.292178 0.105005 0.049163 0.048220 -0.496212 0.098226 -0.106904 -0.003449 -0.793657 -0.217277 -0.090115 -0.067848 0.110955 0.109896 0.532592 0.739293 0.449248 0.635689 0.699090 0.578704 0.557104 0.189557 0.436779 0.348529 0.355306 0.220236 0.816990 0.490331 
192837465
47
-0.227131 -0.499602 -0.223090 -0.378139 -0.789594 -0.784710 -0.972046 -0.692944 -0.813192 -0.493709 -0.528871 -0.262337 -0.745845 -0.760503 -0.661869 -0.656520 -1.037431 -1.111838 -0.675502 -0.580648 -0.488472 -0.434139 -0.412085 -0.667374 -0.746178 -0.669925 -1.165481 -0.556791 -0.168540 -0.132976 -0.157686 -0.162948 -0.138325 0.196024 0.768983 0.819215 0.987644 0.879052 0.924860 0.499078 1.000691 0.373485 0.327137 0.431009 0.165184 -0.160326 -0.411052 -0.944958 -0.785673 -0.512982 -0.651075 -0.388314 -0.297614 -0.209775 -0.358551 -0.574777 -0.308269 -0.120983 -0.034780 -0.067564 -0.138796 0.391853 -0.068191 -0.262205 -0.330210 0.167754 0.233732 -0.255432 -0.234437 0.037674 -0.098871 0.324185 0.272290 0.314317 -0.082195 -0.273481 -0.362038 -0.033746 0.119032 0.646633 0.132522 -0.277918 -0.215828 -0.288168 -0.018459 0.244824 0.306044 0.590631 0.358426 -0.011253 0.280113 0.400390 0.116925 0.076875 0.024190 0.497183 0.284264 0.238835 0.439077 0.389181 
192837465
48
-0.438816 -0.695961 -0.722243 -0.683034 -0.598278 -0.601188 -0.601109 -0.547535 -0.555998 -0.428965 -0.159454 -0.343392 -0.164885 -0.392883 -0.013411 -0.354817 -0.603273 -1.129247 -0.624588 -0.419171 -0.635686 0.010744 -0.657165 -0.637465 -0.635897 -0.568621 -0.635995 -0.402756 -0.332168 0.088673 0.039610 -0.119209 0.142111 0.724577 0.712586 0.662790 0.968607 0.813073 0.820914 1.040379 0.670780 0.438872 0.447009 0.194305 0.111260 -0.353628 -0.948784 -0.826464 -0.808385 -0.512933 -0.011603 -0.479065 -0.646740 -0.806201 -0.360801 -0.330271 -0.975550 -0.353997 -0.379556 0.035105 -0.128100 -0.017477 -0.135961 -0.812114 -0.383197 -0.141427 0.126445 0.417163 0.108612 -0.017441 0.121371 0.520002 0.608425 0.412978 0.075942 -0.295478 -0.390152 -0.119007 0.433763 0.696409 0.024534 -0.138310 -0.273726 -0.230731 -0.067639 -0.047720 -0.093891 0.040338 -0.150571 0.542064 0.441903 0.971456 0.733438 0.199236 0.482539 0.861532 1.034495 0.530822 0.321017 0.765520 
192837465
49
-0.667879 -0.677852 -0.783871 -0.854434 -0.651152 -1.026444 -1.129773 -0.878920 -0.635554 0.086242 0.019555 -0.218672 -0.087050 -0.049984 -0.091850 -0.135638 -0.634135 -1.033983 -0.770393 -1.232610 -0.402100 -0.509141 -0.351668 -0.433906 -0.653967 -0.354172 -0.819639 -0.742874 -0.304936 0.039020 -0.148660 -0.052724 -0.092295 0.564718 0.557714 0.702157 0.986087 1.017965 0.621066 1.043115 0.711213 0.411465 0.463440 0.105217 0.045642 0.095327 -0.634162 -0.153458 -0.536889 0.031041 0.217327 -0.084167 -0.598661 -0.681862 -0.730778 -0.553229 -0.670670 -0.116626 0.175571 -0.119368 -0.429407 -0.729860 -0.554297 -0.600170 -0.541340 -0.191623 0.188160 0.401867 0.270244 0.259944 0.101027 0.003134 0.635232 0.407260 0.356307 -0.019389 0.291770 0.404710 0.440181 0.601314 0.394997 -0.849221 -0.710400 -0.564873 -0.310193 -0.490963 -0.001305 0.055296 0.070436 0.244536 0.570739 0.934325 0.579323 0.955088 0.995210 0.883046 0.646898 0.275342 0.798808 0.602644 
192837465
50
-0.493563 -0.548336 -1.047188 -0.946939 -0.885702 -1.126764 -0.837090 -0.662331 -0.326750 0.253746 0.158881 0.001237 0.208289 0.429378 -0.166023 0.020167 -0.339561 -0.408332 -0.703604 -0.935154 -0.392459 -0.396261 -0.405966 -0.834225 -0.296319 -0.133190 -0.200237 -0.376625 -0.554670 -0.101731 -0.412301 -0.238257 0.511468 0.472600 0.758929 1.039452 0.830106 1.080607 0.810536 0.865531 0.787628 0.568532 0.206801 0.345289 0.100935 0.102060 -0.148961 -0.168799 0.044473 -0.148259 0.341362 0.189129 0.230519 0.072343 -0.804905 -1.199021 -0.820113 -0.261179 -0.525050 -0.466135 -0.721916 -0.311565 -0.775530 -0.685030 -0.805090 -0.110265 0.125221 0.090477 0.213958 0.116302 0.209224 0.169857 0.392371 0.468984 0.750952 0.478629 0.259474 0.229285 -0.040996 0.186203 -0.274765 -0.492864 -0.914812 -0.326404 -0.493919 -0.662305 -0.255629 -0.195836 0.000000 0.816438 0.831112 1.006703 0.480012 0.604816 0.703674 0.624016 0.725216 0.654171 1.029107 0.125274 
192837465
51
-0.392863 -0.652639 -0.992020 -1.196168 -0.997057 -1.326191 -0.666239 -0.215478 0.086692 0.340688 0.024373 -0.333554 0.136597 0.385821 0.454920 -0.213680 -0.160104 -0.577502 -0.978621 -1.418846 -1.012154 -0.634298 -0.489538 -0.548948 -0.257422 0.292985 -0.067436 0.345402 -0.287095 -0.383719 -0.230685 -0.346258 0.487346 0.882142 0.550242 1.081221 1.231530 1.189971 0.892464 0.393108 0.713177 0.578828 0.311668 0.132430 -0.267340 -0.138964 0.448535 0.033664 0.109221 0.028150 -0.545793 -0.408751 0.205325 0.294868 -0.384242 -0.874458 -0.644229 -0.100181 -0.183221 -0.651269 -0.689873 -0.453168 -0.834059 -0.802607 -0.960399 -0.506787 -0.195366 0.022851 0.291274 0.420166 0.566301 0.498025 0.347982 0.332574 0.760876 0.642940 0.264035 0.207609 0.103176 0.081497 -0.779627 -0.333385 -0.481714 -0.502291 -0.488589 -0.748812 -0.568795 0.063210 0.264618 0.710873 0.880168 0.626101 0.583735 0.595943 0.556787 0.650980 0.768868 1.229094 0.953365 0.214913 
192837465
52
-1.125671 -0.540750 -0.966292 -1.155332 -0.904530 -0.787307 -0.757541 -0.574000 -0.617697 -0.360145 -0.272573 -0.465624 0.027949 0.174341 0.743158 0.173417 -0.291933 -0.553510 -0.355768 -0.633360 -0.735413 -0.304707 -0.337500 -0.712788 0.064170 0.193262 0.277465 0.037243 -0.196396 -0.395349 0.157189 0.231872 0.721251 0.673001 0.599247 1.277125 1.165334 0.822386 1.028852 0.485764 0.454425 0.506290 0.574495 0.012592 -0.030622 0.000000 0.478850 0.095437 0.074349 0.225391 -0.269418 -0.281154 -0.377863 -0.607284 -0.447729 -0.396497 -0.543284 -0.357978 -0.360705 0.188445 -0.238395 -0.361697 -0.507440 -0.086494 -0.561470 -0.699612 -0.970999 -0.457353 -0.005778 -0.019514 0.060345 0.206933 0.225932 0.341383 0.560930 0.581133 0.653168 -0.029075 -0.040116 -0.096753 -0.612159 -0.748389 -0.361706 -0.166516 -0.302680 -0.764992 -0.369785 -0.136412 0.354428 0.660250 0.328775 0.070798 0.328137 0.428471 0.412015 0.459911 0.458093 0.832656 0.878799 -0.105561 
192837465
53
-0.703123 -0.615479 -0.701374 -0.835205 -0.783765 -1.017208 -0.757605 -0.446215 -0.669496 -0.792671 -0.112619 -0.227595 0.220677 0.077291 0.181713 -0.227481 -0.002565 -0.413571 -0.311546 -0.454052 -0.411299 -0.288647 -0.598262 -0.386101 -0.421536 0.115434 0.767195 0.338079 0.436825 0.200994 0.307079 0.260739 0.368907 0.148580 0.464723 0.977416 0.771055 0.875922 0.896164 0.753385 0.766196 0.795345 0.323129 0.222247 0.220887 -0.060597 -0.115046 -0.052757 0.062992 0.127068 0.060692 -0.145626 -0.158522 -0.170286 -0.311464 -0.487186 -0.822324 -0.711152 0.135727 0.357734 0.155833 -0.749685 -0.334103 -0.115031 -0.224371 -0.883817 -0.596894 -0.551736 -0.056416 -0.786283 -0.088491 0.022281 0.274161 0.259001 0.222344 0.658488 0.410173 0.188334 -0.111707 -0.480453 -0.357494 0.104731 -0.373936 -0.307884 -0.471341 -0.411228 -0.489412 0.010603 0.395081 -0.058703 -0.415874 -0.170106 0.017387 0.302691 0.213620 0.219605 0.373242 0.306423 0.487806 -0.174511 
192837465
54
-0.956965 -0.914270 -1.138384 -0.828915 -0.672850 -0.913607 -0.313719 -0.204232 -0.806698 -0.936011 -0.213364 0.018081 0.003052 0.008596 0.199855 -0.301621 -0.344616 -0.256624 -0.147411 -0.310238 -0.160241 -0.147692 -0.194862 0.015933 -0.266164 0.465368 0.520068 0.300639 0.492254 0.333257 0.464301 0.184814 0.228808 0.167407 0.357900 0.736308 0.860464 0.685972 0.807735 0.654528 0.905346 0.548660 0.530325 0.226858 0.285884 0.194996 0.423306 -0.170521 -0.060494 -0.166689 0.231962 0.060075 0.305284 0.206067 0.020127 -0.194754 -0.172960 -0.437417 0.119676 -0.030400 -0.083992 -0.154760 -0.062995 -0.218658 -0.566320 -0.288492 -0.651975 -0.405028 -0.892932 -0.768023 -0.490690 0.148860 0.115833 -0.062628 -0.141956 0.629223 0.437334 0.290079 -0.139485 -0.030738 0.135840 0.019087 0.021603 -0.348134 -0.502435 -0.219405 -0.086625 0.308625 0.219076 0.003183 -0.139477 -0.004249 0.254626 0.332966 0.519709 0.430186 0.473955 0.401171 0.249562 -0.157730 
192837465
55
-0.557761 -0.866552 -0.532016 -0.570324 -0.504867 -0.215767 -0.280887 -0.363440 -0.350337 -0.587914 -0.803667 -0.265122 -0.437272 0.193555 0.264508 -0.109263 0.014448 -0.181234 -0.372822 -0.344867 -0.103867 -0.363009 -0.624870 -0.557827 -0.405080 -0.181342 -0.225300 0.143103 0.579234 0.634385 0.311805 0.344316 0.163477 0.181442 0.514044 0.877892 0.611354 0.905030 0.437593 0.232636 0.749631 1.028433 0.705841 0.266703 0.641636 0.144311 -0.031959 0.102410 0.019342 0.194664 -0.251564 0.410948 0.555755 0.423054 0.062320 0.224628 -0.138787 -0.342569 -0.171552 -0.350660 -0.143754 -0.148770 -0.290738 -0.656126 -0.513511 -0.445913 -0.802616 -0.775273 -0.554771 -0.613504 -0.192333 -0.228691 -0.250229 -0.303455 0.112302 0.784059 0.323130 0.241841 0.468278 0.252887 0.278004 0.364197 -0.099394 0.117917 0.571023 0.030172 -0.102650 -0.006595 0.061797 -0.435420 -0.205033 0.104123 -0.173293 0.150563 0.481365 0.045408 0.197236 0.772766 0.518661 0.431226 
192837465
56
-0.776135 -0.606183 -0.529828 -0.554972 -0.430088 -0.326957 -0.076787 0.066634 -0.271054 -0.210215 -0.302283 -0.243041 -0.423517 -0.166969 -0.127828 0.113559 0.147235 -0.419184 -0.442499 -0.150611 -0.367086 -0.671191 -0.687154 -0.604895 -0.553647 -0.203588 -0.265519 -0.376559 0.163418 0.490126 0.333480 0.838941 0.427349 -0.095316 0.309448 0.032140 0.466207 0.459920 0.017921 0.147194 0.461702 0.300999 0.384356 0.536117 0.454423 -0.095892 -0.066544 0.425125 0.383731 0.157049 0.247437 0.513911 0.455365 0.221545 0.052440 0.422151 0.256053 -0.300564 0.104553 -0.082204 -0.004763 0.483144 -0.418587 -0.930198 -0.610333 -0.922411 -1.376761 -0.755422 -0.830144 -0.915069 -0.556208 -0.598887 -0.167256 -0.334651 0.152168 0.647411 0.662057 0.498407 0.726714 0.474646 0.463109 0.372304 0.732177 0.516815 0.398610 -0.115362 0.209353 0.052874 0.391982 0.081961 0.073567 0.070261 -0.398526 -0.059425 0.705725 0.810999 0.265569 0.598105 0.618422 0.526086 
192837465
57
-0.930522 -0.958843 -0.855505 -0.763811 -0.534277 -0.398802 0.182010 -0.097919 -0.109628 -0.781487 -0.713639 -0.216823 -0.346180 -0.265380 -0.000712 0.030453 0.142410 -0.010011 -0.465482 -0.307351 -0.207301 -0.443212 -1.009516 -0.846761 -0.288174 -0.558811 -0.343646 -0.261683 0.147305 0.541965 0.195281 0.402471 0.140936 0.057851 0.439080 -0.042947 -0.008278 -0.182095 0.198204 -0.194372 0.145919 0.249642 0.523841 0.610304 0.572441 0.429855 0.668807 0.496437 0.627605 0.546262 0.569859 0.328938 0.203549 0.292447 0.114924 -0.050896 0.170362 -0.313804 0.202425 -0.173114 -0.182439 0.058417 -0.622989 -0.706151 -0.767815 -1.103984 -1.116449 -1.337287 -1.260676 -1.345060 -0.988368 -0.740145 -0.251791 0.204927 0.239342 0.761917 0.556624 0.166905 0.539462 0.640233 1.168330 1.220310 0.817771 0.523082 0.038362 0.557552 0.308065 0.321980 0.267057 0.040943 -0.183276 0.152551 0.174535 0.121534 0.372241 0.633187 0.791741 0.865678 0.917929 0.670433 
192837465
58
-1.015240 -1.293001 -0.830612 -0.400760 -0.584564 -0.389451 -0.087535 -0.111558 -0.256589 -0.385181 -0.576858 -0.105091 -0.207960 -0.375492 -0.389641 -0.058217 0.234580 -0.049760 -0.141709 -0.581704 -0.058133 -0.365230 -0.747732 -0.362203 -0.529375 -0.504237 -0.633825 -0.173262 -0.180174 0.782267 0.655164 0.254731 -0.163140 0.426512 0.487591 0.089265 -0.486695 -0.251097 0.144793 0.437760 0.316421 0.312574 0.435919 0.773623 0.718846 0.841620 0.826211 0.632317 0.846627 0.533411 0.054121 0.279693 -0.207146 0.113525 0.162542 0.189987 0.211958 -0.008571 -0.373026 -0.213114 -0.342631 -0.161362 0.019765 -0.307860 -0.529724 -0.961510 -0.771929 -1.452584 -1.360796 -1.260903 -0.953162 -0.729583 -0.068569 0.226160 0.600582 0.980426 0.415859 0.100063 0.439646 0.891720 1.074539 1.464254 0.903044 0.612406 0.622669 0.802587 0.868628 1.143253 0.937707 0.470597 0.079421 0.228280 0.199642 0.401785 0.338214 0.694496 1.005422 1.347001 0.553896 0.762387 
192837465
59
-1.031745 -1.287569 -0.735756 -0.280032 -0.263206 -0.337415 -0.333665 -0.173907 -0.183689 0.014161 -0.109937 -0.238941 -0.208685 -0.457001 -0.564418 -0.262568 0.451466 0.451694 -0.322582 -0.477088 -0.275708 -0.239352 -0.440598 -0.267584 -0.675961 -0.390984 -0.873774 -0.759625 -0.222707 0.257625 0.726502 0.379228 0.117265 0.006725 0.235246 0.347126 0.162420 0.154919 0.532682 0.573343 0.381463 0.557220 0.450789 0.444781 0.714792 0.790437 1.158140 0.858519 0.617780 0.391278 -0.171058 -0.020162 -0.221316 -0.218693 0.178901 -0.031919 -0.247096 -0.007720 0.217124 0.211189 -0.001084 -0.044179 0.063327 -0.123913 -0.354883 -0.535923 -1.159930 -1.407989 -1.431433 -1.133707 -0.868449 -0.146643 0.007241 0.326300 0.843420 0.757804 1.029853 0.508412 0.890973 1.252524 1.326900 1.321656 1.475161 1.439795 1.258937 1.080000 1.028218 1.391170 1.042276 0.464497 -0.042205 0.377435 0.704817 0.761078 0.701538 0.863688 0.825957 1.028906 0.522098 0.753937 
192837465
60
-1.355214 -1.279252 -1.453952 -0.624877 -0.683053 0.001415 -0.080898 -0.540187 -0.080144 0.259189 0.060006 0.489522 0.278259 -0.142546 -0.461942 -0.083461 0.375676 0.188106 0.149390 -0.032596 -0.238527 0.118386 0.022619 -0.328194 -0.647633 -0.551761 -0.755885 -0.883901 -0.729338 -0.058425 0.249582 0.389792 -0.099514 -0.056022 0.056667 0.485848 0.581466 0.567829 0.832352 0.828718 1.126085 1.208706 0.991669 0.945976 0.699486 0.990746 1.469686 0.696685 0.808547 0.344023 0.016458 -0.281103 -0.553500 -0.119228 0.033427 -0.387706 -0.240726 -0.047537 0.185659 0.053482 -0.209037 0.023851 0.140965 -0.510233 -0.688827 -0.205303 -0.689078 -0.976627 -1.097585 -1.062627 -0.790895 -0.676164 -0.057838 0.632613 0.664548 0.583272 0.775960 0.314639 0.907091 1.079573 1.253270 1.386814 1.558955 1.514665 1.128156 1.295559 1.457257 1.861272 1.208061 0.945612 0.478939 0.406940 0.477324 0.904390 1.220453 1.094913 1.405100 1.100472 0.452287 0.330134 
192837465
61
-1.552280 -1.731466 -1.757362 -1.192548 -0.889334 -0.732343 -0.701395 -0.331311 -0.324809 -0.138160 -0.017395 0.273203 0.460427 -0.374010 -0.150605 -0.049113 0.111843 0.209117 0.259410 0.632715 0.018762 0.381087 -0.018220 -0.522988 -0.918727 -0.593293 -0.506154 -0.725615 -0.825679 -0.331981 0.108231 0.587678 0.048734 -0.243637 -0.137748 0.537794 0.454191 0.722584 1.338098 1.353420 1.402944 1.747140 1.638671 1.053008 0.963888 1.293238 1.366371 1.226360 0.643886 0.057802 -0.278406 -0.436151 -0.555127 -0.418726 -0.525597 -0.345896 -0.216950 -0.058570 -0.064555 -0.174355 -0.515597 -0.439344 -0.603262 -0.390988 -0.369645 -0.217252 -0.779864 -0.984593 -1.215210 -1.119232 -0.461547 -0.175724 -0.024330 0.065013 0.138414 -0.169760 0.215759 0.348673 0.673817 0.863563 1.097311 1.572400 1.677405 1.407835 1.367932 1.312741 1.677111 1.540626 1.635685 1.144424 0.374046 0.962439 0.479787 0.919533 0.970798 1.144750 0.787230 1.026540 0.539947 0.300418 
192837465
62
-1.646040 -1.939049 -1.772968 -1.374102 -1.254872 -1.229993 -0.662843 -0.375401 -0.733889 -0.480920 -0.313929 0.079286 0.077793 -0.154449 -0.263811 -0.205731 0.267309 0.282100 0.219013 0.350796 0.967094 0.908813 0.107276 -0.354540 -0.517096 -0.220976 -0.429117 -0.354165 -0.468355 -0.130844 0.056815 0.357837 0.127385 -0.034713 -0.042390 0.008824 0.260460 0.753812 1.092366 1.308124 1.563546 1.536379 1.432356 1.381938 0.860311 0.962671 0.867836 0.937602 0.250673 -0.205842 -0.592646 -0.645999 -0.391563 -0.244173 -0.620833 -0.653189 -0.362878 -0.504905 -0.276357 -0.182298 -0.980458 -0.171126 -0.458722 -0.647727 -0.361988 0.081238 -0.513450 -0.643503 -0.808595 -0.652756 -0.383529 -0.234378 -0.160988 -0.406368 0.068889 0.172089 0.024101 0.535989 0.604551 1.068548 1.290290 1.129916 1.538990 1.492579 1.298815 1.304704 1.393496 1.532974 1.369448 0.998348 0.821092 0.807108 1.093205 0.367340 0.592682 0.768022 0.747505 0.552168 0.499423 0.306274 
192837465
63
-1.638447 -1.514247 -1.464083 -1.581157 -1.247493 -1.453680 -0.942370 -0.548862 -0.650466 -0.846368 -0.674889 -0.491020 -0.030131 -0.132471 -0.476487 -0.032036 0.318115 0.637015 0.530272 0.537663 0.907349 0.924025 0.182128 -0.308809 -0.523444 -0.311437 -0.570027 -0.338141 -0.217643 -0.021619 0.394750 0.455289 -0.186298 0.011270 0.152241 0.230351 0.604152 1.181025 1.265598 1.186535 1.022956 1.333247 0.932553 0.777283 0.616749 0.565016 0.422500 0.474884 0.473860 0.140595 -0.700081 -0.945023 -0.646391 -0.525921 -0.067032 -0.546183 -0.805097 -0.762631 -0.725477 -1.061629 -1.015985 -1.036125 -0.698353 -0.150444 -0.115927 -0.478445 -0.628703 -0.367338 -0.349774 -0.098920 -0.514354 -0.144390 -0.583514 -0.155931 -0.192561 0.010939 0.430425 1.136752 1.363396 1.239158 1.815545 1.142600 1.516154 1.731647 1.180721 1.642359 1.854040 1.352440 1.196132 1.008684 0.839095 0.606270 0.716206 0.832748 0.598957 0.586891 0.554238 0.982711 0.590479 0.882424 
192837465
64
-1.616117 -1.230931 -1.373488 -1.507199 -1.758514 -1.451983 -1.038140 -0.787796 -0.950513 -0.957350 -0.887997 -0.373443 -0.376580 -0.118253 -0.115255 -0.066436 0.293935 0.210380 0.123925 0.141915 0.822337 0.798235 0.300270 -0.354198 -0.738229 -0.810017 -0.008952 -0.047200 -0.089498 0.079910 -0.159544 0.575062 -0.019321 -0.034399 -0.065508 0.223040 0.726382 0.902793 1.114964 1.237179 0.721978 1.054735 0.646955 0.534163 0.399601 0.669720 0.471119 0.557249 0.604219 0.335724 -0.155651 -0.581648 -0.500337 -0.129032 -0.275601 -0.724859 -0.513783 -0.704256 -0.694286 -0.935825 -0.729017 -0.905617 -0.553083 0.051585 -0.381648 -0.714843 -0.136946 -0.358846 -0.663562 -0.256069 -0.631952 -0.180847 -0.123676 -0.065356 0.334502 0.850383 0.852110 1.188058 1.614228 2.028772 1.734811 1.988108 1.818045 1.506496 1.342311 1.031859 1.205547 1.117810 1.140969 1.030842 0.515015 0.491901 0.704014 1.088444 0.879649 0.718786 0.819423 0.682775 0.771634 0.723103 
192837465
65
-1.677938 -1.382895 -1.275892 -1.538518 -1.418982 -1.133173 -1.149049 -0.884681 -1.269396 -1.142397 -0.832884 -0.176206 -0.550700 -0.496075 -0.605407 -0.143158 0.294217 0.036386 0.320178 0.390919 0.525388 0.613648 0.371563 -0.182446 -0.648628 -0.730793 -0.756294 -0.200013 0.246356 -0.011951 -0.011723 0.158673 -0.147816 0.070371 0.412884 0.295004 0.083227 1.339272 0.926283 0.494284 0.270995 0.394600 0.264413 0.542658 0.252667 0.525171 0.387294 0.763995 0.861015 0.581770 0.056484 0.028699 0.076304 0.164465 0.294417 -0.322769 -0.633427 -0.659819 -0.793084 -0.536941 -0.822520 -0.718095 -0.780589 -0.478471 -0.713617 -0.747774 -0.447294 -0.253288 -0.237716 -0.352045 -0.683972 -0.167607 0.327221 0.591249 0.691628 0.965984 1.425330 1.425058 2.155200 1.883527 1.843952 1.623863 2.007086 1.149540 0.993011 0.775746 0.672615 0.812102 1.104588 0.704607 0.469501 0.774482 0.613516 0.694783 0.438469 0.629811 0.900547 0.600035 0.515968 0.508019 
192837465
66
-1.382745 -1.507327 -1.340630 -0.959216 -1.439985 -1.038433 -1.032814 -1.069471 -1.154756 -1.327993 -0.669065 -0.399053 -0.542908 -0.221095 -0.179208 -0.297773 -0.239295 0.398050 0.005301 -0.114588 -0.116196 -0.186633 -0.080082 -0.042550 -0.319241 -0.960568 -0.824193 -0.199760 -0.045734 -0.020563 0.266025 0.118278 -0.138595 -0.598435 -0.372938 -0.095175 0.284637 0.202940 0.779350 0.592365 0.574056 0.626848 0.401937 0.556454 0.709956 0.753945 0.587989 1.047444 0.805962 1.196506 0.468091 0.370134 0.334963 0.151594 0.053620 -0.431865 -0.422656 -0.589446 -0.442793 -0.592347 -0.614783 -1.090388 -0.802052 -0.672726 -1.093098 -0.804453 -0.521815 -0.103729 -0.199296 -0.291851 -0.238464 -0.153469 0.747585 1.186338 1.156364 1.077768 1.604163 1.830611 1.832699 2.132893 1.783788 2.081017 1.707166 0.872544 1.181657 1.004497 1.204867 0.867173 0.824407 0.828297 0.983458 1.047370 0.748023 0.786196 0.708864 0.722201 0.973022 0.340447 0.674779 0.703649 
192837465
67
-1.653744 -1.881109 -1.413684 -0.292015 -0.640248 -0.950846 -0.972084 -0.982528 -1.288917 -1.083517 -1.066812 -0.253757 -0.221579 -0.174083 -0.004883 0.055318 -0.251973 0.112757 -0.102195 -0.201416 0.000000 0.033150 0.055770 0.138750 -0.103502 -0.844292 -0.646813 -0.314097 0.131443 0.269976 0.235464 0.051008 -0.248850 -0.443269 -0.159069 -0.265678 0.196132 0.045139 0.606547 0.633696 0.911441 1.056938 0.514479 0.476595 0.619512 0.771809 0.473545 0.637932 0.839506 0.782972 0.538148 0.673895 0.078830 -0.241221 0.130142 -0.088155 0.117702 -0.223458 -0.100773 -0.669265 -0.702501 -1.232831 -0.797740 -0.550747 -0.686532 -0.765400 -0.307421 -0.264912 -0.095807 -0.348499 -0.082986 0.491957 0.982128 1.188605 1.029091 0.992707 0.986164 1.600232 1.708691 1.919678 2.113050 1.795139 1.736387 1.227146 1.566356 1.285838 1.497424 1.162620 1.047281 1.315828 1.025111 0.928224 0.833588 0.930453 0.833752 0.720003 0.779496 0.229541 0.062708 0.054622 
192837465
68
-1.077219 -1.256769 -1.363422 -0.493071 -0.283268 -0.577342 -0.921199 -1.369014 -1.260223 -1.219845 -0.611321 -0.635478 -0.244750 -0.135329 -0.187748 0.186118 0.090209 -0.056470 0.012369 -0.082703 -0.211468 0.256591 0.225315 0.288415 -0.318436 -0.649824 -0.626334 -0.391583 -0.334857 -0.102751 -0.018964 -0.162228 -0.175229 -0.295339 -0.532283 -0.788749 -0.171272 -0.372897 0.232826 0.693540 0.936213 0.404990 0.253821 0.265345 0.695497 0.690755 0.487915 0.487950 0.667435 1.179214 0.332974 0.532462 0.262155 -0.160647 0.177960 0.117116 0.047980 0.098886 0.298496 -0.223548 -0.608279 -1.326804 -1.426989 -1.068570 -0.948522 -0.840762 -0.880154 -0.390648 -0.179032 -0.057074 0.158466 0.466647 1.150807 1.271040 1.132427 1.166852 1.001589 1.177597 1.819801 1.978227 2.185357 2.286416 2.100354 1.131061 1.374913 1.941619 1.492956 1.210452 0.717398 0.635075 1.159369 0.953119 1.338819 1.167699 0.496737 0.287052 0.338946 0.160898 -0.120427 0.072476 
192837465
69
-0.733794 -1.104407 -0.722714 -0.577964 -0.385656 -0.454288 -0.660496 -1.232354 -1.090732 -0.771541 -0.841797 -0.671835 -0.232050 -0.384410 -0.273534 -0.242778 -0.143071 -0.431288 -0.346952 -0.457962 -0.515025 -0.246166 0.158928 0.352661 -0.376217 -0.558332 -0.297520 -0.342155 -0.284177 0.136002 -0.005958 -0.097898 -0.298893 -0.309387 -0.329668 -0.903271 -0.558800 -0.383104 0.123786 0.411458 0.784178 -0.016827 0.370730 0.276879 0.972560 0.601684 0.583089 0.807127 0.837086 0.922121 0.702431 0.652603 0.202607 -0.232825 -0.119881 -0.211044 -0.296888 0.381253 0.231858 -0.257030 -0.332111 -1.308488 -1.627725 -1.057927 -0.912560 -0.734582 -0.920408 -0.391612 -0.037097 0.401661 0.668343 0.657091 1.144681 1.329649 1.370236 1.293344 1.013677 1.351652 2.021107 2.166819 1.958191 2.196188 1.960693 1.754299 1.347154 1.579059 1.902537 1.426384 1.115779 0.889974 1.108771 1.237064 1.091689 1.514486 1.058679 0.236070 0.325319 0.217470 -0.073056 0.170187 
192837465
70
-0.658405 -0.551825 -0.811197 -0.816081 -0.638327 -0.522861 -0.325453 -0.621439 -1.163664 -1.285245 -0.636866 -0.725611 -0.457456 -0.384428 -0.152417 0.021423 -0.062856 -0.103066 -0.451977 -0.500918 -0.173464 0.079400 0.297508 0.214545 -0.161703 -0.539566 -0.742520 -0.595497 -0.496204 -0.601733 -0.604179 -0.648281 -0.728411 -0.494510 -0.783883 -1.204585 -0.510234 -0.365513 0.038402 0.409990 0.429638 -0.034751 0.241689 0.050438 0.254720 0.344565 0.643531 0.997069 0.675759 0.853157 0.493452 0.303147 0.020706 -0.417448 -0.162861 -0.400803 -0.423050 0.064472 0.126170 -0.006375 -0.161138 -0.979810 -1.294776 -1.112754 -0.957153 -0.482076 -0.659934 -0.132336 0.492160 0.467251 0.417195 1.152066 1.384066 0.966840 1.211350 1.053262 1.197866 1.009975 1.631002 2.036269 1.892952 1.758345 1.998435 1.820730 1.819751 1.794237 2.006808 1.613623 1.119360 1.054308 1.398061 0.940372 0.917299 1.175208 0.770697 0.682631 0.493785 0.128342 -0.214214 0.054025 
192837465
71
-0.825241 -0.781365 -0.628815 -0.608154 -1.107072 -0.852221 -0.546432 -0.812345 -0.922298 -1.018984 -1.255600 -0.670381 -0.406429 -0.271268 0.031940 -0.456207 -0.664200 -0.565855 -0.442047 -0.094717 -0.224209 0.022887 -0.102013 0.166551 -0.114528 -0.896739 -1.129569 -0.774890 -1.008152 -0.827472 -0.374697 -0.753931 -1.114730 -1.029360 -1.092083 -1.040473 -0.903979 -0.205961 0.170229 0.376385 0.660409 0.185421 0.443382 0.362870 0.354509 0.272852 0.419152 0.646675 0.743760 0.350292 0.146946 -0.094304 -0.046317 -0.184363 -0.216383 -0.358283 -0.318770 -0.258201 -0.281565 -0.319074 -0.137278 -0.823391 -1.504049 -1.141953 -1.009132 -0.711621 -0.422705 0.101068 0.305996 0.491023 1.161468 1.828945 1.713190 0.851967 1.103079 1.297110 1.503388 1.057509 1.332539 1.644724 1.457346 1.590701 1.602753 1.838040 1.811402 1.336464 1.700811 1.162096 0.865851 1.231130 1.541613 1.206155 1.069404 0.936890 0.578375 0.337535 0.712478 0.303182 0.054524 0.256666 
192837465
72
-1.096616 -1.140052 -1.087554 -0.990305 -0.639989 -0.782037 -0.991228 -0.855952 -0.798497 -0.934732 -0.974547 -0.652910 -0.354688 -0.327524 -0.401936 -0.606781 -0.733377 -0.955275 -0.865373 -0.570783 -0.489987 -0.254507 0.114238 -0.152672 -0.132934 -0.354811 -1.369124 -1.384304 -1.277180 -1.140985 -0.805928 -0.943633 -1.028692 -1.020540 -1.376517 -1.145003 -0.811643 -0.527711 -0.091697 -0.103910 0.331633 0.297573 0.912332 0.429035 0.082524 0.502112 0.777470 0.880093 0.569282 0.829308 0.222084 0.160842 0.273396 -0.248846 -0.079567 -0.168298 -0.329739 -0.308647 -0.428363 0.013149 -0.210318 -0.849982 -0.783212 -1.296816 -1.170258 -0.909250 -0.037937 0.484765 0.501089 0.966567 1.122618 0.942198 1.239149 0.526607 1.026918 1.314540 1.421824 0.860262 1.001160 1.138806 1.302996 1.391700 1.605934 1.570838 1.564879 1.527550 1.713832 1.734227 1.210216 1.658340 1.611834 1.343281 0.755931 0.768370 0.331130 0.670703 0.524346 0.716597 0.217145 0.081237 
192837465
73
-0.854807 -0.918317 -0.940549 -1.105946 -0.801356 -0.731695 -0.865250 -0.723436 -0.733179 -0.429463 -0.373073 -0.372549 -0.086434 -0.001665 -0.113812 -0.479603 -0.357046 -0.997376 -1.130915 -0.386068 -0.417980 -0.122012 -0.180076 0.068658 -0.102187 -0.864283 -0.905340 -1.327407 -1.314983 -1.003103 -0.978213 -0.972657 -0.999238 -1.067601 -1.378249 -1.209311 -0.671823 -0.638470 -0.539993 -0.157737 -0.244616 -0.560950 -0.027672 0.231407 -0.071767 -0.157868 0.420628 0.797716 1.240611 1.062347 0.479372 0.153449 0.470450 -0.079394 -0.276492 -0.382023 -0.645713 -1.160237 -0.802990 -0.519384 -0.915146 -0.525530 -0.696311 -0.885644 -0.865709 -0.702681 -0.171380 0.190928 0.425913 0.821308 0.932556 0.662192 0.728907 0.991698 0.978075 1.024436 0.699788 0.415253 0.976548 0.657729 0.928737 1.271384 1.307653 0.948395 1.472698 1.361650 1.383061 1.533875 1.246796 1.369926 1.799453 1.360291 0.785600 0.835893 0.882934 0.917014 0.927026 1.446651 1.076069 0.968433 
192837465
74
-1.039036 -1.277212 -1.176062 -1.325977 -1.113171 -0.982925 -0.638616 -0.729866 -0.616714 -0.469967 -0.395405 -0.262175 0.370565 0.368055 0.077450 -0.267599 -0.194689 -0.644822 -0.671814 -0.172907 -0.484907 0.039248 -0.124719 -0.571401 -0.531144 -0.526073 -0.867875 -1.052410 -0.751378 -1.064511 -1.138687 -1.069309 -1.000726 -0.946848 -1.005909 -1.072148 -1.005545 -0.861570 -0.160935 -0.410690 -0.272698 -0.488422 0.120537 0.229086 0.192653 0.408126 0.529391 1.160095 1.440442 1.166487 1.052593 0.348473 0.085953 0.091594 -0.147525 -0.461347 -0.357198 -0.365012 -0.450532 -0.588327 -0.750194 -0.375868 -0.691290 -0.713078 -0.748533 -0.963848 0.082757 -0.007996 0.356782 0.363277 0.468823 0.490320 0.786914 0.681566 0.816417 0.717204 0.958122 0.509186 0.660420 0.679615 0.650612 0.908681 0.838714 0.604262 0.953877 0.940199 1.220129 1.020226 1.239771 1.390819 1.462844 1.207196 1.084134 1.258291 1.133399 1.403271 0.906627 1.644561 1.366798 1.352337 
192837465
75
-0.459473 -0.796252 -1.007304 -1.172978 -1.109284 -0.882047 -0.612499 -0.589574 -0.496052 -0.692296 -0.668804 -0.308659 0.145231 0.378871 0.386830 -0.227094 -0.154112 -0.343314 -0.327690 -0.433643 -0.033226 0.117874 -0.045930 0.091447 -0.498306 -0.097410 -0.260346 -0.484492 -0.676665 -0.365134 -0.757931 -0.755108 -0.897384 -0.613136 -1.043701 -1.133077 -1.378306 -1.063674 -0.576102 -0.364687 -0.284129 -0.317739 0.229664 0.635701 0.715280 0.816357 0.883332 1.478867 1.149995 0.936173 0.261198 0.310870 0.304992 -0.036621 -0.089820 -0.276236 -0.461070 -0.460976 -0.249681 -0.512750 -0.423851 -0.710082 -0.731308 -0.635446 -0.214846 0.032419 -0.093088 0.182464 0.338564 0.387139 0.472404 0.036196 0.433988 0.577071 0.597668 0.703722 0.631480 0.450369 0.688203 0.805232 0.461993 1.055729 1.132904 0.986061 1.038245 1.137021 1.195153 1.264625 1.388813 1.403713 1.377242 1.234506 1.481274 1.588303 1.247346 1.343063 1.759678 1.478373 1.169880 0.692982 
192837465
76
-0.055910 -0.363273 -0.761610 -1.020706 -0.531282 -0.465296 -0.408211 -0.727389 -0.815601 -1.432566 -0.848751 -0.213372 0.119590 0.317246 0.124262 0.191047 0.272147 -0.030266 -0.034026 0.045229 0.043169 -0.211187 0.029104 0.075602 -0.176160 -0.430086 -0.416916 -0.059377 -0.137626 -0.476117 -0.584524 -0.846487 -1.150390 -1.075789 -1.533850 -1.121250 -0.993820 -1.050315 -0.857774 -0.726617 -0.266609 -0.151123 0.740682 0.968808 1.071938 0.691018 0.920778 0.983302 0.606083 0.408229 -0.073611 0.105383 0.177750 0.330679 0.218054 -0.304503 -0.449229 -0.299660 -0.432399 -0.164697 -0.448983 -0.300721 -0.824520 -0.257174 -0.075302 0.103334 0.182764 -0.005099 0.352680 0.186622 0.065452 -0.013439 0.161309 0.139565 0.330372 0.522946 0.704359 0.408948 0.628700 0.756575 0.702873 1.046422 0.962268 0.638438 0.826493 0.786813 1.337380 1.092398 1.049614 1.331266 1.740537 1.697417 1.554667 1.457415 1.765760 1.451457 1.630022 1.725746 1.081088 1.039509 
192837465
77
0.020460 -0.079866 -0.171356 -0.635657 -0.602568 -0.281118 -0.164487 -0.260108 -0.660579 -1.016377 -1.014286 -0.802928 -0.588326 -0.038206 0.009905 0.032917 0.038853 0.236945 0.110884 0.080640 -0.008919 -0.293343 -0.490996 0.215872 -0.016656 0.033331 -0.427506 -0.777876 -0.459327 -0.579218 -0.639228 -1.042030 -0.897233 -0.955832 -1.634553 -1.338644 -0.690375 -0.909688 -0.734619 -0.335427 -0.154680 0.133189 0.620556 0.703378 0.698519 0.951560 1.064369 0.965965 0.862157 0.756917 0.647612 0.283704 0.520672 0.375626 -0.050778 -0.178723 -0.110082 -0.415565 -0.129576 -0.341056 -0.281261 -0.304483 -0.840058 -0.415789 -0.153174 -0.239634 0.023510 0.319338 -0.348575 -0.255972 0.013423 0.007920 0.453616 0.133526 0.407633 0.414782 0.691854 0.732557 0.791937 0.222896 0.227411 0.391548 0.760944 0.658924 1.072326 0.998499 0.803148 0.918249 0.713649 1.293802 1.397572 1.079402 1.657908 1.368727 1.506217 1.434183 1.556196 1.563004 1.272848 0.886467 
192837465
78
0.358913 0.639594 -0.070661 -0.129012 -0.480685 0.007484 -0.386210 -0.560136 -0.402823 -0.929286 -0.911033 -0.853186 -0.925252 -0.824658 -0.292825 -0.312785 0.041165 0.578309 0.722021 0.187056 -0.093197 -0.427561 -0.384066 0.099032 0.098215 -0.398183 -0.208766 -0.170169 -0.219501 -0.379772 -0.437701 -0.388439 -0.521571 -0.502550 -0.939033 -1.005044 -0.830687 -0.616976 -0.487281 -0.220785 -0.088444 0.228795 0.173753 0.469681 0.683467 0.993971 1.110808 0.781048 0.884755 0.817806 0.841244 0.642708 0.706230 0.255965 -0.031342 -0.002070 0.072826 -0.033383 0.118010 -0.286623 -0.551602 -0.291621 -0.516839 -0.671982 -0.064905 -0.247267 0.260805 0.443412 -0.205587 -0.080674 0.162332 0.001991 0.685805 0.669270 1.019604 0.610222 0.573125 0.338607 0.560789 0.361867 0.182369 0.485360 0.382999 0.620310 1.082106 0.959600 0.899239 0.798165 0.972020 0.941508 1.382360 1.408892 1.157776 1.651276 1.255947 1.381726 1.386237 1.557328 1.270814 1.149915 
192837465
79
0.612039 0.802940 0.263855 -0.337489 -0.575836 -0.249458 -0.242151 -0.179898 -0.538976 -0.990836 -1.147431 -0.809816 -0.894683 -0.595022 -0.516435 -0.425585 -0.080958 0.423659 0.493273 0.201809 -0.446317 -0.713395 -0.502988 -0.199557 -0.057435 -0.023696 -0.397817 -0.108636 -0.017415 0.171082 0.115813 -0.435694 -0.542416 -0.620831 -0.746634 -1.431963 -0.594654 -0.798684 -0.275093 -0.182126 -0.000720 -0.302203 -0.007159 0.067101 0.205092 0.856657 1.016098 0.756330 0.723043 1.234758 1.344152 1.373177 1.102834 0.432063 0.508440 0.182270 0.150063 -0.040433 -0.383979 -0.322583 -0.811328 -0.816760 -0.472679 -0.238790 -0.409815 -0.073908 -0.069835 -0.062542 -0.031838 0.000000 -0.061259 0.277590 0.759707 0.620363 0.972647 0.715532 0.576477 0.479942 0.613099 0.422597 0.549218 0.096079 0.594056 0.699773 0.815807 0.763237 0.586294 0.522779 1.148428 0.581179 0.822207 1.210291 1.459388 1.216135 1.562257 1.238599 0.937491 1.326885 0.979275 0.919720 
192837465
80
0.453782 0.890287 0.312296 -0.380991 -0.420033 -0.315468 -0.539052 -0.714149 -0.489181 -0.410814 -0.868310 -0.995974 -0.770819 -0.682403 -0.536378 -0.357480 0.234116 0.266073 -0.098426 -0.292064 -0.432403 -0.827501 -0.833568 -0.369539 -0.295654 -0.268478 -0.591282 -0.125708 -0.024132 -0.029815 0.052353 -0.450342 -0.749852 -0.552042 -0.777135 -0.958899 -0.451179 -0.444995 -0.207406 -0.220743 -0.282601 -0.498258 -0.408650 0.095767 0.129008 0.418018 0.697669 0.692371 1.148973 1.319946 1.130242 1.478150 1.176437 0.475268 0.873053 0.069988 -0.422033 -0.526049 -0.421539 -0.796752 -0.731915 -0.686376 -0.651639 -0.635253 -0.518579 -0.010829 0.101677 -0.102925 -0.263290 -0.359458 0.375852 0.340082 0.801791 0.673121 0.968203 0.665068 0.285488 0.688513 0.592231 0.502827 0.385505 0.517462 0.797844 1.036619 0.607650 0.875562 1.075267 0.666573 0.621018 0.535183 1.165231 1.391413 1.250405 1.199712 1.450684 1.466177 0.968980 0.547179 0.917672 0.827724 
192837465
81
0.675019 0.782044 0.169214 -0.318944 -0.320516 -0.535551 -0.552208 -0.889311 -0.948158 -0.926225 -1.031929 -0.985962 -0.838877 -0.591941 -0.487080 -0.069057 0.256664 -0.159154 -0.562721 -0.479278 -0.801367 -0.896358 -0.479789 -0.421076 -0.319131 -0.280091 0.089156 -0.030824 0.414018 0.010953 -0.393870 -0.972127 -0.581350 -0.621362 -0.561714 -0.573962 -0.406840 0.176037 0.072797 -0.345014 -0.757576 -0.575849 -0.127390 -0.059645 0.264795 0.457221 0.630686 1.113052 1.509554 1.235011 1.066431 0.940118 1.015766 0.754381 0.263461 0.260388 0.373990 0.029856 -0.360024 -0.524179 -0.789441 -1.000577 -1.293034 -0.699024 -0.470712 0.059527 -0.614405 -0.650801 -0.106164 -0.124194 0.206372 0.491483 0.839190 0.907085 1.206750 0.788225 0.911192 0.947664 0.874461 0.581488 0.215555 0.562096 0.605325 0.320566 0.249386 0.977964 0.698951 0.770307 0.850722 1.138164 1.234293 1.190101 1.103030 1.250254 1.030392 0.827779 0.614888 1.013175 0.540243 0.802897 
192837465
82
0.667142 0.284815 -0.271551 -0.745107 -0.318846 -0.452968 -0.881222 -0.797820 -0.890059 -1.254633 -1.235769 -1.376666 -0.374450 0.065385 -0.249517 -0.501820 0.038420 -0.311576 -0.199385 -0.141457 -0.589457 -0.925471 -0.449551 -0.226361 -0.076277 -0.098429 0.234540 0.524578 0.749154 -0.012187 -0.477366 -0.510428 -0.214178 -0.492542 -0.329592 -0.244872 -0.276242 -0.168395 -0.027933 -0.378315 -0.806147 -0.480171 -0.248463 -0.173395 0.395246 1.219255 1.140910 1.251243 1.272640 1.341407 0.910855 0.679603 0.622450 0.677447 0.330016 0.619050 -0.154370 -0.699010 -0.383562 -0.436129 -0.756238 -0.765191 -0.913402 -0.883367 -1.215620 -1.007921 -0.760162 -0.419847 0.063500 0.239587 0.098039 0.072255 0.291814 0.818819 0.744952 0.866050 1.221314 1.255627 0.979778 0.544858 0.625658 0.945378 0.046606 0.016280 0.342686 0.359607 0.597412 0.267303 0.452200 0.665675 0.969846 0.468133 0.430153 0.532647 0.629209 0.580937 0.373068 0.612696 0.787190 0.551671 
192837465
83
0.248377 0.065804 -0.657697 -0.876729 -0.727473 -1.211728 -1.030212 -0.857211 -1.399541 -1.021216 -1.034553 -0.865943 -0.621625 -0.826131 -0.731564 -0.565468 -0.212595 0.118976 0.508179 -0.120986 -0.203892 -0.470189 -0.115912 0.268751 0.219514 0.637225 0.780911 0.596992 0.240508 -0.121827 -0.258063 -0.496581 0.104407 0.184935 0.098032 -0.309690 -0.227637 -0.120486 -0.067881 -0.303512 -0.766776 -0.578557 -0.119645 0.063344 0.267385 0.965177 0.976397 0.585180 1.265526 1.224865 0.825195 0.940527 0.510234 0.293876 0.305268 -0.068135 -0.374194 -0.635260 -0.701028 -0.599729 -0.753012 -0.419330 -0.233175 -0.951986 -1.118321 -1.032384 -0.598484 -0.399143 -0.128634 0.177725 0.191021 0.209273 0.110355 0.696079 0.613732 0.721641 1.409467 0.962257 0.875274 0.672117 0.703312 0.407447 0.263280 0.171051 0.525490 0.645651 0.230195 0.163629 0.368319 0.335725 0.372416 -0.155409 0.117666 0.105958 0.416267 0.161928 0.288572 0.485218 0.547444 0.227956 
192837465
84
-0.383497 -0.523224 -0.886954 -1.075434 -1.101895 -1.487857 -1.409521 -1.093679 -0.872776 -0.570250 -0.731863 -0.590249 -0.860548 -0.851004 -0.724935 -0.278912 0.077963 0.309787 0.392950 0.045627 -0.114744 -0.488084 -0.216062 0.357628 0.293341 0.368376 0.699838 0.387466 0.371998 0.078845 -0.129474 -0.083596 0.249384 -0.424175 -0.122373 -0.013291 -0.063187 0.225585 -0.118614 -0.331792 -0.687258 -0.434045 -0.210001 0.221303 0.033938 0.230954 0.749784 1.002766 1.504809 1.025568 0.642103 0.966152 0.595946 0.260608 0.314067 -0.013947 -0.083792 -0.182077 -0.468583 -0.304789 -0.336617 0.082710 0.172102 0.023117 -0.073280 -0.665658 -0.605809 -0.004662 0.190841 0.134920 0.049226 -0.386575 -0.204595 0.196236 0.484747 1.008349 1.099223 0.946562 0.859166 0.644165 0.622428 0.392429 0.206692 0.347443 0.218788 0.716979 0.463847 0.490704 0.553931 0.167480 0.049607 -0.191153 0.041062 -0.261704 -0.563240 -0.417676 -0.156604 0.316174 0.256478 0.522346 
192837465
85
-0.794100 -0.678749 -0.794334 -0.839177 -0.882384 -1.322867 -1.263020 -0.715806 -0.488676 -0.559992 -0.224297 -0.394338 -0.608135 -0.354882 -0.687533 -0.061260 0.306514 0.268743 0.293688 0.058133 0.436997 -0.082181 0.001530 0.098721 0.006533 0.499704 0.682283 0.803958 0.397452 0.006924 0.060024 0.137495 0.085543 -0.214677 -0.000488 0.132090 0.430900 0.246258 -0.334836 -0.343467 -0.408492 -0.386003 -0.006654 0.412054 -0.003851 0.035681 0.494472 0.532996 0.825378 0.745608 0.521363 0.277037 0.114644 -0.064616 0.154651 0.100968 -0.126333 -0.381341 -0.424871 -0.093539 0.446161 0.238264 0.102753 -0.064704 -0.181641 -0.059600 -0.115306 -0.319894 0.186723 -0.144545 -0.177079 0.502920 -0.067102 0.198975 0.226897 0.717653 0.832507 0.568411 0.293359 0.372457 0.683297 0.197381 0.223692 0.568459 0.462651 0.581415 1.201826 0.144735 -0.027209 -0.742628 -0.438222 -0.401288 0.075700 -0.291402 -0.575072 -0.317565 -0.114256 0.488522 0.666467 0.361672 
192837465
86
-0.551359 -0.368180 -0.808906 -1.092543 -0.857275 -0.826642 -0.598839 -0.355981 -0.401084 -0.526187 -0.378371 -0.251368 -0.450141 -0.020554 -0.190666 0.196243 0.246810 0.312109 1.029983 0.785490 0.403018 0.654210 0.103917 0.228155 0.027793 0.507229 0.349428 0.621669 0.351526 -0.382789 0.111440 0.444654 0.318956 0.466221 0.295059 0.647729 0.465494 0.259680 -0.070261 -0.150922 0.082728 -0.313256 0.129430 0.408189 -0.090806 0.171794 0.193283 0.131963 0.421380 0.484250 0.350644 0.150970 0.014459 -0.403941 -0.084684 -0.079401 -0.089490 -0.269967 -0.216527 0.027657 0.538964 0.415764 0.022196 0.171849 0.173069 -0.084231 -0.111612 0.174491 -0.213422 0.169999 -0.001248 -0.243721 0.090946 0.427901 0.419879 0.293420 0.705078 0.982524 0.683935 0.529678 0.390913 0.620086 0.240739 0.572788 0.751273 0.705816 0.585959 0.181369 -0.408974 -1.029916 -0.357334 -0.010809 -0.067351 -0.282139 -0.780932 -0.522117 -0.044805 0.461177 0.023742 -0.067575 
192837465
87
-0.080043 0.013289 -0.247198 -0.812725 -0.826864 -0.810664 -0.928501 -0.590476 -0.599184 -0.412481 -0.030935 0.184716 0.064173 0.155062 0.139539 0.563900 1.057850 0.929751 0.898936 1.159421 0.515726 0.366661 0.487726 0.328015 0.188497 0.350486 0.356999 0.043825 0.523332 0.172704 -0.068418 0.335618 0.342568 0.544844 0.307410 0.415267 0.393403 0.360199 0.263492 0.567600 -0.092608 -0.205387 -0.087469 0.190815 0.137239 0.418586 0.331943 -0.084669 0.177168 0.101890 0.137759 0.073002 -0.280578 0.188776 -0.074262 0.118921 0.001671 -0.402274 -0.510433 -0.314216 0.157632 0.529419 0.721902 0.421102 0.192482 0.395862 0.464440 0.175335 0.347315 -0.216982 -0.217323 0.047869 0.245498 0.269674 0.285228 0.400631 0.881020 0.880605 1.114638 0.506398 0.688354 0.552241 0.365840 0.727571 0.832648 0.374124 0.668355 0.026511 -0.526259 -0.851622 -0.403027 -0.180200 -0.316321 -0.592721 -0.445514 -0.129908 -0.021428 0.265692 -0.248958 -0.210640 
192837465
88
-0.013974 0.114104 0.162202 -0.196644 -0.414767 -0.656288 -0.720134 -0.160492 -0.429796 0.090612 0.151575 0.284971 0.628877 0.462099 0.526107 0.490020 1.231149 1.745469 1.526431 1.508026 1.478705 1.130445 0.726504 0.506868 0.788089 0.721387 0.482293 -0.034611 0.235439 0.154123 -0.415904 -0.244813 -0.044729 0.383359 0.093113 -0.027089 0.372237 0.043444 0.190008 0.022631 0.030713 -0.207976 -0.138773 -0.141564 -0.082847 0.001260 -0.038377 0.038345 -0.104304 -0.362396 -0.700055 -0.325019 -0.334041 0.078229 -0.145583 -0.143862 -0.370389 -0.583326 -0.783429 -0.281688 -0.019196 -0.161970 0.180835 0.474410 0.690156 0.509877 0.571484 0.198846 0.475867 0.041600 -0.017385 0.124387 0.031654 0.297638 0.229284 0.541909 1.156756 1.341979 1.119295 0.578028 0.725620 0.592225 0.472502 0.406271 0.292567 0.037909 0.312047 -0.041150 -0.678153 -1.236498 -0.729205 -0.599031 -0.735622 -0.578892 -0.373583 0.027034 -0.011816 -0.143307 -0.474038 -0.250250 
192837465
89
0.201623 0.293130 0.030201 -0.009064 -0.208684 -0.509434 -0.315907 -0.264332 -0.082448 -0.020014 0.046193 0.305905 0.287247 0.345301 0.961228 0.883778 1.652968 1.315416 1.449282 0.968553 1.066702 0.456134 0.723022 0.878245 0.339008 0.393273 0.499587 0.228443 0.139665 -0.003666 -0.082147 0.011164 -0.173958 0.058001 0.294766 -0.069946 -0.065421 0.206908 0.241193 0.002962 -0.099731 -0.094771 0.012956 0.143869 -0.311187 -0.572361 0.069951 -0.066486 0.007375 -0.163555 -0.302427 -0.501264 0.107745 -0.135511 -0.113002 -0.375369 -0.482234 -0.414051 -0.182974 -0.340593 -0.066635 -0.130852 -0.132071 0.388953 0.572317 0.693440 0.525066 0.691894 0.317344 0.044822 -0.294681 -0.127520 0.392400 0.192455 0.050804 0.157705 0.883639 1.544253 0.879341 0.637116 0.643918 0.599584 0.156572 0.148153 -0.031246 0.086197 -0.100245 -0.119366 -0.738478 -1.083444 -0.991788 -1.046837 -0.980690 -0.300851 -0.067018 0.026821 0.430870 0.535253 -0.036553 0.157940 
192837465
90
0.198600 0.532046 0.339595 0.266523 0.344058 0.214222 -0.040521 0.224333 -0.359020 -0.157553 -0.043291 -0.034351 -0.279344 0.004596 0.661741 0.993815 1.457948 1.645123 1.177375 0.816864 1.074460 0.742401 0.625727 0.607764 0.544232 0.275536 0.288822 0.256173 0.158882 0.052415 -0.026377 -0.600722 -0.016822 -0.072491 0.473447 -0.172589 0.114025 0.262576 -0.239341 -0.137379 -0.089054 -0.492212 0.310540 -0.088280 -0.035830 -0.564822 0.171629 0.138405 -0.190198 -0.353488 -0.087725 0.255604 0.267827 -0.104900 -0.375119 -0.812088 -0.381588 -0.416896 -0.557007 -0.494601 -0.408727 -0.553406 -0.306920 0.333319 0.438656 0.583449 0.407591 0.443235 0.256110 -0.150666 -0.058948 -0.197314 0.057976 -0.132827 0.228119 0.207836 0.448999 0.827800 0.922481 1.000553 0.674029 0.480717 0.273302 0.034313 -0.085520 0.119424 -0.058527 -0.386440 -1.096853 -1.355931 -1.343895 -1.505488 -0.520353 -0.212907 -0.145565 -0.053109 0.255340 0.210401 0.596237 0.785238 
192837465
91
0.288674 0.705299 0.284917 0.444628 0.247361 0.589287 0.535411 0.559881 0.248828 0.118119 -0.173014 -0.396152 -0.544665 -0.179792 0.376188 0.884546 1.387455 1.324751 1.043093 1.112839 1.334921 0.816225 0.842357 0.335783 0.374213 0.181978 0.266918 -0.032327 0.064486 0.222447 -0.342367 -0.273242 -0.211501 -0.013128 -0.271310 0.341622 0.691408 0.198756 -0.303018 -0.188538 0.105551 0.090390 0.097033 -0.494573 -0.071583 -0.209602 -0.517514 -0.097973 -0.282303 0.129845 0.272767 0.642493 0.160349 -0.215386 -0.364021 -0.568480 -0.434286 -0.876525 -1.082444 -1.151897 -0.451895 -0.505766 -0.094507 0.373766 0.450704 0.286067 -0.093438 0.425304 0.145017 -0.315024 -0.070372 0.026178 -0.047261 -0.346451 0.102387 0.029192 0.085907 0.562257 1.479126 1.108490 0.853430 0.596124 -0.021788 0.249503 0.066348 -0.004722 -0.443330 -1.097068 -1.721975 -1.202089 -0.807273 -1.050242 -0.936106 -0.541755 -0.614078 -0.120655 0.458372 0.279023 0.673629 0.357317 
192837465
92
0.765014 0.854590 0.841469 0.631667 0.491202 0.336801 0.724902 0.570334 0.632902 0.474743 0.244326 -0.320975 -0.324309 -0.351722 0.242451 0.571513 0.711587 0.808286 0.844436 0.352966 0.759135 0.291078 0.315197 0.173233 0.298528 0.515699 0.224908 -0.066329 0.124722 0.048341 0.103626 -0.011528 0.457295 0.525076 0.218800 0.507774 0.747365 0.502396 0.448615 -0.244988 0.271378 0.086543 0.089555 -0.399798 -0.079935 -0.094858 -0.415568 -0.050376 0.277779 0.326835 0.337614 0.298916 0.201972 -0.267661 -0.265960 -0.602476 -0.526976 -0.882635 -0.963365 -0.811824 -0.746242 -0.328520 0.295704 0.111703 -0.049227 -0.140353 0.011570 0.012756 0.174806 0.053246 0.048925 0.251227 0.150686 -0.261624 -0.389674 0.019842 -0.000474 0.841246 1.205248 1.350473 1.141069 0.669472 0.352590 0.246140 0.084965 0.139250 -0.243042 -0.794895 -1.162343 -0.821246 -1.264388 -1.085112 -0.723184 -0.056222 -0.404145 -0.364933 0.024605 0.516518 0.516513 0.303630 
192837465
93
0.685051 0.911376 1.340648 0.792649 0.255387 0.444034 0.573360 0.747028 0.706791 0.410831 0.337503 0.011051 -0.454795 -0.063466 0.010793 0.147790 0.228040 -0.018352 0.745089 0.598777 0.422722 0.261672 0.118000 -0.277972 0.131031 0.520687 0.196043 -0.060245 -0.059202 -0.092573 0.296421 0.463805 0.665013 0.836800 0.479959 0.580293 0.490374 0.566778 0.390037 0.126760 -0.117174 0.020629 -0.159956 -0.156867 0.190116 0.156390 0.197812 0.234963 0.330669 0.059754 -0.162011 0.237542 -0.190030 -0.625709 -0.660151 -0.372501 -0.514736 -1.027978 -0.833276 -0.948295 -0.585327 -0.027252 -0.041885 0.139097 0.000000 -0.292838 0.075064 -0.151680 0.227406 0.485250 0.276928 0.285281 0.130103 0.089005 0.273492 0.681593 0.947791 1.440521 1.301473 1.032820 0.892085 0.723962 0.065748 0.279840 0.119570 -0.209766 -0.517792 -0.577711 -0.868453 -0.924550 -1.053944 -1.328684 -0.993563 -0.112597 0.112686 -0.507545 -0.132333 0.633053 0.235834 0.343568 
192837465
94
0.744392 0.790815 1.102676 0.836015 0.203244 0.099176 0.114611 0.414252 0.698111 0.737033 0.363380 -0.145566 0.249734 0.516700 0.391780 0.407937 0.456778 0.440165 0.441322 0.613351 0.734075 0.192400 -0.177208 -0.579808 -0.133968 0.443332 0.518482 -0.123549 -0.245974 -0.175894 -0.124737 0.581063 0.325596 0.591892 1.001317 0.431448 0.587944 0.464699 0.505142 0.003562 -0.118437 0.070941 0.287033 -0.087178 -0.071809 -0.094134 -0.008747 0.086269 -0.234548 -0.548464 -0.890366 -0.305025 0.088108 -0.760456 -0.671658 -0.371929 -1.002191 -0.844572 -1.042639 -0.704287 -0.471245 -0.549611 -0.190118 0.072605 0.048734 -0.360023 -0.160288 0.182958 0.647957 0.429410 0.558731 0.280110 0.067398 0.021021 0.895885 1.211135 1.013143 1.350705 1.211789 1.145714 1.013381 0.121662 0.001047 -0.204995 -0.111071 -0.230046 -0.573557 -0.853247 -0.686589 -0.863275 -0.687431 -1.074291 -1.110299 -0.720660 -0.302169 -0.217923 0.136428 0.304496 0.015068 0.567912 
192837465
95
0.678086 0.895798 1.230735 0.946801 0.597134 0.420753 0.214340 0.073054 0.136512 0.382777 0.370630 0.295139 0.153325 0.146069 0.385310 0.514230 0.818952 0.812184 0.741105 0.418213 0.122064 0.159880 -0.117189 -0.190662 0.201491 0.347108 0.668331 0.243440 -0.296914 -0.307859 -0.489253 -0.040110 0.045517 0.312144 0.578845 0.812160 0.846012 0.433130 0.544655 0.164035 0.111338 0.143855 -0.076731 0.045077 0.407181 0.348517 -0.294278 0.309981 -0.323549 -0.751717 -1.255917 -0.725024 -0.474257 -0.561860 -0.484061 -0.278072 -0.062852 -0.146583 -0.486284 -0.049596 -0.247481 -0.399218 -0.367272 -0.274408 -0.172557 -0.550542 -0.014552 0.397165 0.436060 0.175848 0.350462 0.235046 0.435689 0.667977 0.853815 1.042410 1.391222 1.161167 0.462625 0.994117 0.654225 0.498301 0.144262 0.108258 0.106862 -0.237296 0.189801 -0.439484 -0.416152 -0.319694 -0.214152 -0.951498 -1.168227 -0.632932 -0.063919 -0.386319 -0.405765 0.028727 0.038147 0.223460 
192837465
96
0.800625 1.158146 1.134333 1.020198 0.924761 0.576651 0.389038 0.608253 0.256053 0.598162 0.572538 0.672096 0.122816 0.249215 0.739762 0.777945 0.981137 0.933611 0.864509 0.951089 0.736313 0.426407 0.236116 -0.249872 -0.027513 0.081975 0.129138 0.010117 -0.284643 -0.196405 -0.571577 0.137729 0.197832 0.491252 0.931918 0.791462 0.621628 0.924613 0.683178 0.736429 0.197931 0.230636 0.275381 0.716528 0.599893 0.275583 0.016253 -0.180801 -0.474789 -0.998958 -1.138551 -1.071172 -0.470442 -0.362604 -0.245319 -0.422487 -0.431146 -0.188922 -0.096094 0.063843 0.036318 -0.184977 -0.180228 -0.092127 -0.407499 -0.288561 0.174653 0.098810 0.078233 0.151379 0.537203 0.695412 0.593374 0.855807 0.974698 1.093325 1.151414 1.121724 0.791089 0.652877 0.826021 0.117180 0.236308 0.184330 0.073902 -0.286423 -0.363830 -0.407958 -0.532750 0.129884 -0.317127 -0.780909 -0.515432 -0.411840 -0.284857 -0.316570 -0.266968 -0.255570 -0.538097 -0.019504 
192837465
97
1.055329 0.883492 0.804579 1.113875 1.025879 0.569292 0.786675 0.691220 0.521648 0.377902 0.515319 0.494795 0.264422 0.311380 0.851153 1.066680 1.110124 1.298816 1.521149 1.562286 1.040209 0.958576 0.671546 0.230144 0.163303 -0.103460 0.152470 -0.259924 0.047882 -0.111343 -0.285930 -0.338003 0.028871 0.200643 0.519041 1.321836 0.982874 0.849727 0.980300 0.274425 0.172523 0.387595 0.212016 0.902252 0.803381 0.276975 -0.421572 -0.241679 -0.552105 -0.493867 -0.738691 -0.944734 -0.357858 -0.306736 -0.166690 -0.462566 -0.313339 0.053096 -0.023802 -0.219391 -0.094352 -0.287576 -0.550483 -0.470491 0.076118 0.088038 -0.036614 -0.133009 0.037719 0.238217 0.022200 0.507191 0.543756 0.455779 0.630068 1.008520 0.926166 0.747678 0.808453 0.537433 0.191447 -0.175854 0.422227 0.467579 -0.193705 -0.894157 -0.512921 0.135731 -0.406683 -0.661486 -0.974646 -1.012220 -0.719156 -0.050291 -0.216213 -0.285939 -0.202445 0.221944 -0.283282 -0.311732 
192837465
98
0.762938 0.932766 0.882577 0.485840 0.201801 0.509715 0.447088 0.486626 0.222251 0.535441 0.888114 0.732468 0.846101 0.558585 1.187121 1.154456 1.832029 1.651824 1.738999 1.768512 1.414152 1.113737 0.704651 0.467113 0.228321 0.017648 0.000000 -0.319913 -0.318555 -0.109219 -0.355491 -0.295966 -0.291262 0.077934 0.383780 0.799156 1.043346 1.001843 0.656832 0.544419 0.347343 0.269718 0.584470 0.873993 0.319278 -0.260758 0.107373 -0.138570 -0.245822 -0.312923 -0.610096 -0.510590 -0.089176 -0.557977 -0.730824 -0.622055 -0.684966 -0.437573 -0.114018 -0.404416 -0.200298 -0.086018 -0.603414 -0.793686 -0.835285 -0.436786 -0.551158 -0.131139 -0.008551 0.161317 0.660318 0.358755 0.382597 0.459440 0.400171 0.728089 0.683497 0.700078 0.867734 0.016192 0.222472 0.306189 0.402073 -0.011998 -0.570818 -1.033470 -0.773752 0.047862 -0.051327 -0.483564 -0.268269 -0.503601 -0.726597 -0.500872 -0.310307 -0.271950 -0.105633 -0.189947 0.109799 -0.658806 
192837465
99
0.548432 0.886559 0.566950 -0.099162 -0.393305 0.061780 0.345672 0.600455 0.522571 0.972403 1.124563 1.372039 1.161506 1.566942 1.449484 1.542215 1.666713 1.925564 1.742576 1.927454 2.234785 1.286243 1.158846 0.177757 0.258224 0.070044 0.274525 0.014944 -0.082751 0.253357 0.265362 0.305212 0.229950 0.197668 0.239658 0.693610 0.451889 0.754283 0.613188 0.378811 0.481209 0.227929 0.304403 0.473833 0.412703 0.170297 0.581497 0.323322 -0.253107 -0.479846 -0.482410 -0.381104 0.247735 -0.448683 -0.864308 -0.962601 -0.856846 -0.565171 -0.783782 -0.413804 0.065423 -0.304647 -0.593996 -0.755151 -0.735212 -0.516380 -0.958095 -0.328171 0.133228 0.605073 0.410821 -0.001534 0.021878 0.265475 0.553371 0.256591 0.790447 0.145613 -0.100077 -0.412526 -0.526524 -0.018581 0.328423 0.502944 -0.022619 -0.664436 -0.719133 -0.212094 0.094342 -0.327169 -0.390181 -0.112782 -0.753755 -0.826912 -0.798309 0.030505 0.190080 0.278834 0.125306 -0.329128 
192837465
