0.00000e+00 1.01325e-01 
5.00000e-01 3.82529e+02 
1.00000e+00 3.52490e+02 
1.50000e+00 3.26059e+02 
2.00000e+00 3.10774e+02 
2.50000e+00 3.00467e+02 
3.00000e+00 2.92553e+02 
3.50000e+00 2.86196e+02 
4.00000e+00 2.80870e+02 
4.50000e+00 2.76285e+02 
5.00000e+00 2.72360e+02 
5.50000e+00 2.68955e+02 
6.00000e+00 2.65946e+02 
6.50000e+00 2.63256e+02 
7.00000e+00 2.60856e+02 
7.50000e+00 2.58686e+02 
8.00000e+00 2.56698e+02 
8.50000e+00 2.54863e+02 
9.00000e+00 2.53163e+02 
9.50000e+00 2.51594e+02 
1.00000e+01 2.50129e+02 
1.05000e+01 2.48749e+02 
1.10000e+01 2.47443e+02 
1.15000e+01 2.46206e+02 
1.20000e+01 2.45032e+02 
1.25000e+01 2.43921e+02 
1.30000e+01 2.42871e+02 
1.35000e+01 2.41878e+02 
1.40000e+01 2.40937e+02 
1.45000e+01 2.40042e+02 
1.50000e+01 2.39192e+02 
1.55000e+01 2.38387e+02 
1.60000e+01 2.37621e+02 
1.65000e+01 2.36890e+02 
1.70000e+01 2.36192e+02 
1.75000e+01 2.35525e+02 
1.80000e+01 2.34886e+02 
1.85000e+01 2.34275e+02 
1.90000e+01 2.33688e+02 
1.95000e+01 2.33125e+02 
2.00000e+01 2.32585e+02 
2.05000e+01 2.32066e+02 
2.10000e+01 2.31568e+02 
2.15000e+01 2.31088e+02 
2.20000e+01 2.30625e+02 
2.25000e+01 2.30178e+02 
2.30000e+01 2.29744e+02 
2.35000e+01 2.29324e+02 
2.40000e+01 2.28917e+02 
2.45000e+01 2.28522e+02 
2.50000e+01 2.28138e+02 
2.55000e+01 2.27766e+02 
2.60000e+01 2.27403e+02 
2.65000e+01 2.27051e+02 
2.70000e+01 2.26708e+02 
2.75000e+01 2.26375e+02 
2.80000e+01 2.26051e+02 
2.85000e+01 2.25735e+02 
2.90000e+01 2.25428e+02 
2.95000e+01 2.25129e+02 
3.00000e+01 2.24838e+02 
3.05000e+01 2.24554e+02 
3.10000e+01 2.24278e+02 
3.15000e+01 2.24009e+02 
3.20000e+01 2.23747e+02 
3.25000e+01 2.23491e+02 
3.30000e+01 2.23242e+02 
3.35000e+01 2.22999e+02 
3.40000e+01 2.22763e+02 
3.45000e+01 2.22531e+02 
3.50000e+01 2.22304e+02 
3.55000e+01 2.22081e+02 
3.60000e+01 2.21862e+02 
3.65000e+01 2.21647e+02 
3.70000e+01 2.21436e+02 
3.75000e+01 2.21228e+02 
3.80000e+01 2.21025e+02 
3.85000e+01 2.20825e+02 
3.90000e+01 2.20628e+02 
3.95000e+01 2.20435e+02 
4.00000e+01 2.20245e+02 
4.05000e+01 2.20058e+02 
4.10000e+01 2.19873e+02 
4.15000e+01 2.19691e+02 
4.20000e+01 2.19512e+02 
4.25000e+01 2.19334e+02 
4.30000e+01 2.19159e+02 
4.35000e+01 2.18985e+02 
4.40000e+01 2.18815e+02 
4.45000e+01 2.18648e+02 
4.50000e+01 2.18482e+02 
4.55000e+01 2.18320e+02 
4.60000e+01 2.18159e+02 
4.65000e+01 2.18001e+02 
4.70000e+01 2.17845e+02 
4.75000e+01 2.17691e+02 
4.80000e+01 2.17538e+02 
4.85000e+01 2.17386e+02 
4.90000e+01 2.17235e+02 
4.95000e+01 2.17087e+02 
5.00000e+01 2.16940e+02 
5.05000e+01 2.16794e+02 
5.10000e+01 2.16650e+02 
5.15000e+01 2.16508e+02 
5.20000e+01 2.16368e+02 
5.25000e+01 2.16229e+02 
5.30000e+01 2.16092e+02 
5.35000e+01 2.15956e+02 
5.40000e+01 2.15821e+02 
5.45000e+01 2.15688e+02 
5.50000e+01 2.15556e+02 
5.55000e+01 2.15426e+02 
5.60000e+01 2.15298e+02 
5.65000e+01 2.15171e+02 
5.70000e+01 2.15046e+02 
5.75000e+01 2.14922e+02 
5.80000e+01 2.14800e+02 
5.85000e+01 2.14680e+02 
5.90000e+01 2.14561e+02 
5.95000e+01 2.14443e+02 
6.00000e+01 2.14326e+02 
6.05000e+01 2.14209e+02 
6.10000e+01 2.14093e+02 
6.15000e+01 2.13977e+02 
6.20000e+01 2.13862e+02 
6.25000e+01 2.13747e+02 
6.30000e+01 2.13633e+02 
6.35000e+01 2.13520e+02 
6.40000e+01 2.13409e+02 
6.45000e+01 2.13299e+02 
6.50000e+01 2.13190e+02 
6.55000e+01 2.13082e+02 
6.60000e+01 2.12974e+02 
6.65000e+01 2.12867e+02 
6.70000e+01 2.12760e+02 
6.75000e+01 2.12655e+02 
6.80000e+01 2.12551e+02 
6.85000e+01 2.12447e+02 
6.90000e+01 2.12345e+02 
6.95000e+01 2.12243e+02 
7.00000e+01 2.12141e+02 
7.05000e+01 2.12040e+02 
7.10000e+01 2.11938e+02 
7.15000e+01 2.11837e+02 
7.20000e+01 2.11735e+02 
7.25000e+01 2.11631e+02 
7.30000e+01 2.11526e+02 
7.35000e+01 2.11420e+02 
7.40000e+01 2.11314e+02 
7.45000e+01 2.11208e+02 
7.50000e+01 2.11102e+02 
7.55000e+01 2.10998e+02 
7.60000e+01 2.10893e+02 
7.65000e+01 2.10789e+02 
7.70000e+01 2.10686e+02 
7.75000e+01 2.10584e+02 
7.80000e+01 2.10482e+02 
7.85000e+01 2.10380e+02 
7.90000e+01 2.10279e+02 
7.95000e+01 2.10177e+02 
8.00000e+01 2.10074e+02 
8.05000e+01 2.09971e+02 
8.10000e+01 2.09869e+02 
8.15000e+01 2.09763e+02 
8.20000e+01 2.09639e+02 
8.25000e+01 2.09493e+02 
8.30000e+01 2.09341e+02 
8.35000e+01 2.09191e+02 
8.40000e+01 2.09040e+02 
8.45000e+01 2.08891e+02 
8.50000e+01 2.08739e+02 
8.55000e+01 2.08571e+02 
8.60000e+01 2.08400e+02 
8.65000e+01 2.08210e+02 
8.70000e+01 2.08019e+02 
8.75000e+01 2.07832e+02 
8.80000e+01 2.07654e+02 
8.85000e+01 2.07591e+02 
8.90000e+01 2.08225e+02 
8.95000e+01 2.07531e+02 
9.00000e+01 2.06961e+02 
9.05000e+01 2.06434e+02 
9.10000e+01 2.05926e+02 
9.15000e+01 2.05446e+02 
9.20000e+01 2.04995e+02 
9.25000e+01 2.04566e+02 
9.30000e+01 2.04150e+02 
9.35000e+01 2.03739e+02 
9.40000e+01 2.03329e+02 
9.45000e+01 2.02921e+02 
9.50000e+01 2.02517e+02 
9.55000e+01 2.02122e+02 
9.60000e+01 2.01737e+02 
9.65000e+01 2.01362e+02 
9.70000e+01 2.00995e+02 
9.75000e+01 2.00634e+02 
9.80000e+01 2.00279e+02 
9.85000e+01 1.99928e+02 
9.90000e+01 1.99581e+02 
9.95000e+01 1.99236e+02 
1.00000e+02 1.98894e+02 
1.00500e+02 1.98554e+02 
1.01000e+02 1.98217e+02 
1.01500e+02 1.97882e+02 
1.02000e+02 1.97549e+02 
1.02500e+02 1.97218e+02 
1.03000e+02 1.96889e+02 
1.03500e+02 1.96563e+02 
1.04000e+02 1.96238e+02 
1.04500e+02 1.95916e+02 
1.05000e+02 1.95596e+02 
1.05500e+02 1.95280e+02 
1.06000e+02 1.94967e+02 
1.06500e+02 1.94656e+02 
1.07000e+02 1.94348e+02 
1.07500e+02 1.94042e+02 
1.08000e+02 1.93737e+02 
1.08500e+02 1.93433e+02 
1.09000e+02 1.93130e+02 
1.09500e+02 1.92829e+02 
1.10000e+02 1.92530e+02 
1.10500e+02 1.92233e+02 
1.11000e+02 1.91940e+02 
1.11500e+02 1.91648e+02 
1.12000e+02 1.91361e+02 
1.12500e+02 1.91077e+02 
1.13000e+02 1.90797e+02 
1.13500e+02 1.90517e+02 
1.14000e+02 1.90238e+02 
1.14500e+02 1.89962e+02 
1.15000e+02 1.89687e+02 
1.15500e+02 1.89413e+02 
1.16000e+02 1.89138e+02 
1.16500e+02 1.88864e+02 
1.17000e+02 1.88592e+02 
1.17500e+02 1.88319e+02 
1.18000e+02 1.88048e+02 
1.18500e+02 1.87778e+02 
1.19000e+02 1.87511e+02 
1.19500e+02 1.87244e+02 
1.20000e+02 1.86979e+02 
1.20500e+02 1.86715e+02 
1.21000e+02 1.86450e+02 
1.21500e+02 1.86183e+02 
1.22000e+02 1.85918e+02 
1.22500e+02 1.85652e+02 
1.23000e+02 1.85389e+02 
1.23500e+02 1.85130e+02 
1.24000e+02 1.84873e+02 
1.24500e+02 1.84634e+02 
1.25000e+02 1.84438e+02 
1.25500e+02 1.84518e+02 
1.26000e+02 1.84567e+02 
1.26500e+02 1.84188e+02 
1.27000e+02 1.83774e+02 
1.27500e+02 1.83401e+02 
1.28000e+02 1.83058e+02 
1.28500e+02 1.82731e+02 
1.29000e+02 1.82415e+02 
1.29500e+02 1.82105e+02 
1.30000e+02 1.81799e+02 
1.30500e+02 1.81497e+02 
1.31000e+02 1.81196e+02 
1.31500e+02 1.80898e+02 
1.32000e+02 1.80601e+02 
1.32500e+02 1.80305e+02 
1.33000e+02 1.80010e+02 
1.33500e+02 1.79715e+02 
1.34000e+02 1.79420e+02 
1.34500e+02 1.79125e+02 
1.35000e+02 1.78830e+02 
1.35500e+02 1.78534e+02 
1.36000e+02 1.78238e+02 
1.36500e+02 1.77942e+02 
1.37000e+02 1.77645e+02 
1.37500e+02 1.77347e+02 
1.38000e+02 1.77049e+02 
1.38500e+02 1.76751e+02 
1.39000e+02 1.76453e+02 
1.39500e+02 1.76154e+02 
1.40000e+02 1.75856e+02 
1.40500e+02 1.75557e+02 
1.41000e+02 1.75259e+02 
1.41500e+02 1.74960e+02 
1.42000e+02 1.74663e+02 
1.42500e+02 1.74365e+02 
1.43000e+02 1.74068e+02 
1.43500e+02 1.73772e+02 
1.44000e+02 1.73476e+02 
1.44500e+02 1.73181e+02 
1.45000e+02 1.72886e+02 
1.45500e+02 1.72591e+02 
1.46000e+02 1.72298e+02 
1.46500e+02 1.72005e+02 
1.47000e+02 1.71714e+02 
1.47500e+02 1.71424e+02 
1.48000e+02 1.71136e+02 
1.48500e+02 1.70849e+02 
1.49000e+02 1.70563e+02 
1.49500e+02 1.70278e+02 
1.50000e+02 1.69995e+02 
1.50500e+02 1.69714e+02 
1.51000e+02 1.69434e+02 
1.51500e+02 1.69156e+02 
1.52000e+02 1.68879e+02 
1.52500e+02 1.68604e+02 
1.53000e+02 1.68331e+02 
1.53500e+02 1.68059e+02 
1.54000e+02 1.67789e+02 
1.54500e+02 1.67521e+02 
1.55000e+02 1.67254e+02 
1.55500e+02 1.66988e+02 
1.56000e+02 1.66725e+02 
1.56500e+02 1.66462e+02 
1.57000e+02 1.66200e+02 
1.57500e+02 1.65939e+02 
1.58000e+02 1.65679e+02 
1.58500e+02 1.65420e+02 
1.59000e+02 1.65162e+02 
1.59500e+02 1.64905e+02 
1.60000e+02 1.64649e+02 
1.60500e+02 1.64395e+02 
1.61000e+02 1.64142e+02 
1.61500e+02 1.63891e+02 
1.62000e+02 1.63640e+02 
1.62500e+02 1.63390e+02 
1.63000e+02 1.63140e+02 
1.63500e+02 1.62891e+02 
1.64000e+02 1.62644e+02 
1.64500e+02 1.62398e+02 
1.65000e+02 1.62153e+02 
1.65500e+02 1.61910e+02 
1.66000e+02 1.61667e+02 
1.66500e+02 1.61427e+02 
1.67000e+02 1.61189e+02 
1.67500e+02 1.60951e+02 
1.68000e+02 1.60711e+02 
1.68500e+02 1.60472e+02 
1.69000e+02 1.60232e+02 
1.69500e+02 1.59991e+02 
1.70000e+02 1.59751e+02 
1.70500e+02 1.59513e+02 
1.71000e+02 1.59280e+02 
1.71500e+02 1.59051e+02 
1.72000e+02 1.58830e+02 
1.72500e+02 1.58629e+02 
1.73000e+02 1.58482e+02 
1.73500e+02 1.58440e+02 
1.74000e+02 1.58193e+02 
1.74500e+02 1.57914e+02 
1.75000e+02 1.57647e+02 
1.75500e+02 1.57389e+02 
1.76000e+02 1.57135e+02 
1.76500e+02 1.56886e+02 
1.77000e+02 1.56639e+02 
1.77500e+02 1.56393e+02 
1.78000e+02 1.56147e+02 
1.78500e+02 1.55901e+02 
1.79000e+02 1.55656e+02 
1.79500e+02 1.55412e+02 
1.80000e+02 1.55171e+02 
1.80500e+02 1.54934e+02 
1.81000e+02 1.54698e+02 
1.81500e+02 1.54465e+02 
1.82000e+02 1.54235e+02 
1.82500e+02 1.54006e+02 
1.83000e+02 1.53780e+02 
1.83500e+02 1.53555e+02 
1.84000e+02 1.53332e+02 
1.84500e+02 1.53110e+02 
1.85000e+02 1.52890e+02 
1.85500e+02 1.52672e+02 
1.86000e+02 1.52455e+02 
1.86500e+02 1.52239e+02 
1.87000e+02 1.52025e+02 
1.87500e+02 1.51812e+02 
1.88000e+02 1.51601e+02 
1.88500e+02 1.51390e+02 
1.89000e+02 1.51180e+02 
1.89500e+02 1.50970e+02 
1.90000e+02 1.50761e+02 
1.90500e+02 1.50552e+02 
1.91000e+02 1.50344e+02 
1.91500e+02 1.50136e+02 
1.92000e+02 1.49928e+02 
1.92500e+02 1.49720e+02 
1.93000e+02 1.49512e+02 
1.93500e+02 1.49305e+02 
1.94000e+02 1.49097e+02 
1.94500e+02 1.48889e+02 
1.95000e+02 1.48680e+02 
1.95500e+02 1.48469e+02 
1.96000e+02 1.48256e+02 
1.96500e+02 1.48041e+02 
1.97000e+02 1.47822e+02 
1.97500e+02 1.47600e+02 
1.98000e+02 1.47373e+02 
1.98500e+02 1.47142e+02 
1.99000e+02 1.46907e+02 
1.99500e+02 1.46666e+02 
2.00000e+02 1.46420e+02 
